#  npart(1)  nvpart(2)      Xc(3)          Yc(4)          Zc(5)      VXc(6)   VYc(7)   VZc(8)    Mvir(9)      Rvir(10) Vmax(11)   Rmax(12) sigV(13) lambda(14)      Lx(15)       Ly(16)       Lz(17)     a(18)     Eax(19)    Eay(20)    Eaz(21)     b(22)     Ebx(23)    Eby(24)    Ebz(25)     c(26)     Ecx(27)    Ecy(28)    Ecz(29) ovdens(30)    Redge(31) nbins(32)     Ekin(33)       Epot(34)   mbp_offset(35)  com_offset(36)   r2(37)      lambdaE(38)
   1279535    1279535    39.03392010    21.73967840    26.10919213   116.75    95.22    24.04  5.34335e+11     193.82   182.03      52.43   188.42   0.021912      -0.3417       0.6491       0.6796   1.000000   0.546336  -0.341656   0.764715   0.866654   0.495982  -0.603753  -0.624087   0.730608   0.674922   0.720245  -0.160397   235.54        193.8     34        9.48547e+15   -1.60596e+16     0.07889         3.37478       24.59689      0.021703
     55469      55469    38.61527384    22.25076835    25.82230963   141.49    39.49     8.90  2.31639e+10      68.09    65.16      20.59    65.58   0.049096       -0.891       0.3113      -0.3306   1.000000   0.028024   0.798047   0.601943   0.892915   0.470977  -0.541692   0.696240   0.841793   0.881700   0.263990  -0.391043   235.51        68.09     25        4.98162e+13   -8.88781e+13     0.10809         1.01106        8.97423      0.051248
     50685      50685    38.97044800    21.66371855    25.62041350   164.83   148.37    99.59  2.11661e+10      66.07    70.97       8.61    72.72   0.052178       -0.828       -0.036       0.5595   1.000000   0.335373   0.600671   0.725755   0.911792  -0.504179   0.765202  -0.400337   0.704955   0.795820   0.231648  -0.559473   235.52        66.07     25        5.59604e+13   -8.96909e+13     0.04994         2.03580        4.58834      0.054562
     44323      44323    38.50856236    22.14970248    25.75132562   117.35    75.38    91.91  1.85093e+10      63.18    49.93      50.05    63.21   0.135634      -0.5428       0.6769       0.4971   1.000000   0.753331   0.010997   0.657550   0.575610   0.003707   0.999773  -0.020968   0.525950  -0.657631   0.018233   0.753119   235.53        63.18     25        3.69754e+13   -4.37052e+13     0.06948        16.47545       56.61730      0.070844
     13633      13633    38.47328962    22.14856430    25.72131149   127.46    51.72   131.22  5.69316e+09      27.50    48.99      10.72    54.69   0.029962       0.3651       0.9258     -0.09788   1.000000   0.181645   0.346480   0.920302   0.949133  -0.189645   0.930646  -0.312943   0.879815   0.964904   0.117687  -0.234755   878.40        7.375     22        8.51296e+12   -1.30417e+13     0.12400         0.48424        2.95442      0.027536
     13175      13175    39.20241421    21.67531316    26.36143233    40.91   139.21  -101.73   5.5019e+09      42.17    43.47      11.91    46.26   0.002973       0.8421       0.5382     -0.03392   1.000000  -0.459577   0.807903   0.368893   0.992483   0.521189  -0.090986   0.848577   0.823944   0.719132   0.582250  -0.379255   235.47        42.17     22        5.88723e+12   -8.91945e+12     0.08624         1.03376        8.21754      0.002864
     11035      11035    38.99807468    21.73395089    25.91945777   154.42    55.32    92.77  4.60823e+09      39.77    45.43       6.27    46.87   0.008452      -0.2308       -0.728      -0.6455   1.000000   0.166520  -0.030996   0.985551   0.942191   0.201660   0.979450  -0.003269   0.879888   0.965197  -0.199291  -0.169348   235.18        39.76     21        5.06161e+12   -7.67077e+12     0.13385         0.57490        2.51346      0.008759
      9153       9153    39.07151571    21.72457664    26.21649563   136.40   225.30   191.14   3.8223e+09      37.35    40.71       7.24    48.63   0.056369      -0.9453       -0.321     -0.05761   1.000000  -0.148890   0.966255  -0.210196   0.781941   0.253970   0.242801   0.936241   0.628569   0.955683   0.086013  -0.281551   235.49        37.35     21        4.51952e+12   -5.51863e+12     0.10879         0.86677        4.84925      0.042236
      6654       6654    38.93951562    21.68896565    26.17860403   132.48   266.08   173.52  2.77872e+09      33.61    32.53       8.66    36.86   0.060009       0.6095       0.7873       0.0926   1.000000   0.556288   0.830842  -0.015633   0.832384   0.697818  -0.477272  -0.534099   0.727215   0.451213  -0.286204   0.845277   234.89         33.6     20        1.88796e+12   -2.59607e+12     0.07581         1.34584        5.82104      0.049395
      6326       6326    38.97887878    21.63560041    26.01959801   122.51    62.51    15.83  2.64175e+09      33.02    45.45       4.46    40.84   0.013666       0.8972      -0.4416     0.001474   1.000000   0.330844   0.900323   0.282772   0.781431   0.473397  -0.417557   0.775591   0.653373   0.816356  -0.122736  -0.564357   235.47        33.02     20        2.20292e+12   -4.16291e+12     0.17200         0.35402        3.08904      0.019512
      6270       6270    38.44323164    22.18670423    25.73868331   140.24    64.94    54.11  2.61836e+09      25.79    36.92       6.22    39.33   0.007866       0.2633       0.9492       -0.172   1.000000   0.807784  -0.434352  -0.398527   0.945919   0.570785   0.745239   0.344707   0.928172   0.147274  -0.505922   0.849914   490.09        12.39     20        2.02465e+12   -3.10065e+12     0.08860         0.92861        3.46480      0.007419
      5943       5943    38.41368246    22.09364892    25.63145527   163.18    54.21    60.52   2.4818e+09      32.34    30.31       8.77    31.47   0.030356      -0.3547      -0.8823       0.3094   1.000000   0.258427   0.389849   0.883874   0.913531   0.441900   0.765908  -0.467021   0.815342   0.859034  -0.511275  -0.025657   235.50        32.34     19        1.22894e+12   -2.04269e+12     0.10206         0.50351        5.97565      0.029418
      5601       5601    38.88496971    21.87497970    26.11786145    76.47   155.05    46.43  2.33898e+09      31.71    33.65       4.67    34.34   0.043128      -0.9781       0.1053       0.1797   1.000000   0.748623  -0.611472  -0.256252   0.822251   0.219267  -0.136412   0.966082   0.685717   0.625688   0.779419  -0.031954   235.50        31.71     19        1.37919e+12   -2.09694e+12     0.14824         1.15143        3.12933      0.041241
      4117       4117    38.37192234    22.28586070    25.62723315   113.79    39.78   106.09  1.71926e+09      28.64    31.20       5.93    30.37   0.018147      -0.7669      -0.5492        0.332   1.000000  -0.498390   0.767208   0.403731   0.940066   0.569457  -0.061437   0.819722   0.877535   0.653702   0.638449  -0.406273   234.83        28.63     18        7.92762e+11   -1.37955e+12     0.07369         0.20964        3.10635      0.020288
      4019       4019    38.42530026    22.19933269    25.84945917   125.73    49.71    90.79  1.67834e+09      28.44    27.76       5.72    29.06   0.024906      -0.4436        0.896      0.01788   1.000000   0.087487   0.176230   0.980454   0.937581  -0.387760   0.912627  -0.129438   0.896668   0.917599   0.368856  -0.148178   234.26        28.42     18        7.08574e+11   -1.15578e+12     0.16935         0.47432        2.95723      0.024810
      3906       3906    38.91133074    21.79965322    26.17490466   289.49   -36.25    75.64  1.63115e+09      28.21    30.91       4.61    29.80   0.023232       0.4447       0.7246       0.5265   1.000000   0.775512  -0.373698  -0.508853   0.819250   0.352372  -0.412565   0.840014   0.750986   0.523847   0.830746   0.188268   233.27        28.19     18        7.24181e+11   -1.33395e+12     0.04954         0.45500        2.96691      0.027694
      3892       3892    39.38347317    21.46715665    26.59015112   173.38   182.40   -35.82   1.6253e+09      28.10    21.84      22.22    27.23   0.130620        -0.51       0.3405       0.7899   1.000000   0.476871   0.823121  -0.308328   0.805890   0.552084  -0.007536   0.833754   0.577409   0.683957  -0.567816  -0.458026   235.03        28.09     18        6.02417e+11   -7.21806e+11     0.27535         5.51347       25.16286      0.069017
      3870       3870    39.64385336    21.10188399    25.95555508   115.06   177.41    30.48  1.61612e+09      28.07    25.99      12.67    28.07   0.038464      -0.9839       0.1278      -0.1246   1.000000  -0.214249   0.927196  -0.307255   0.717874   0.572115   0.374074   0.729899   0.606915   0.791695  -0.019405  -0.610608   234.47        28.06     18        6.36879e+11   -9.93855e+11     0.11311         3.59607        8.58264      0.035323
      3831       3831    38.86915678    21.78247120    26.02734144   133.41    26.92  -114.46  1.59983e+09      27.94    30.23       5.32    30.87   0.018077      -0.7309      -0.5997      -0.3257   1.000000   0.965473  -0.224779   0.131665   0.836688   0.006258   0.525296   0.850897   0.756768   0.260427   0.820694  -0.508566   235.43        27.94     18        7.62479e+11   -1.26248e+12     0.05078         0.63804        2.04250      0.019801
      3589       3589    38.81937549    21.65885470    26.14266530   174.30    76.44    88.86  1.49877e+09      27.35    30.61       6.38    30.11   0.024994      -0.5519      -0.6477       0.5252   1.000000   0.089019  -0.250856   0.963923   0.980452   0.899628   0.435606   0.030283   0.865543  -0.427487   0.864476   0.264454   235.02        27.35     18        6.79234e+11   -1.16886e+12     0.27916         0.25642        3.50734      0.028614
      2990       2990    38.42946233    22.18891125    25.65481626   133.42    31.45   103.33  1.24863e+09      25.75    29.21       4.66    28.61   0.007657      -0.8884      0.06462      -0.4545   1.000000   0.427010  -0.569164   0.702648   0.911439  -0.770634   0.177458   0.612072   0.860488   0.473060   0.802846   0.362841   234.81        25.74     18        5.11052e+11   -8.93925e+11     0.10989         0.44546        2.31103      0.009027
      2759       2759    38.52809494    22.19336784    25.85297822    82.86    72.84   103.43  1.15216e+09      25.05    24.13       6.72    24.27   0.033633      -0.9468      -0.3002       0.1156   1.000000   0.633840   0.729308   0.257597   0.839501   0.547102  -0.658165   0.517202   0.826500   0.546741  -0.186891  -0.816177   235.23        25.05     17        3.39329e+11   -5.85862e+11     0.27389         0.61314        3.50898      0.034011
      2618       2618    38.51273469    22.33066800    25.71675161    88.85    44.33   118.42  1.09328e+09      24.61    22.45       6.50    22.76   0.023579       0.2595      -0.9201      -0.2935   1.000000   0.744063   0.653090  -0.140870   0.884006  -0.658866   0.682319  -0.316759   0.807810  -0.110753   0.328503   0.937987   235.51        24.61     17        2.83283e+11   -4.93823e+11     0.22461         0.53226        1.16243      0.023015
      2013       2013    38.61996522    22.18445998    25.93515980   160.79    12.37   -10.25  8.40631e+08      22.55    23.31       4.03    22.78   0.026956       0.4147      -0.6244      -0.6619   1.000000  -0.601783  -0.244841   0.760204   0.960365   0.767294   0.086891   0.635382   0.927903  -0.221623   0.965662   0.135575   235.28        22.55     16        2.18141e+11   -3.98344e+11     0.11095         0.31712        2.65014      0.030306
      1903       1903    38.50140947    22.38208216    25.82085561   147.25    23.66    14.23  7.94695e+08      22.13    22.61       5.12    21.88   0.020293      -0.2727      -0.5335      -0.8006   1.000000   0.655709   0.462794  -0.596546   0.940885  -0.244667   0.877723   0.411995   0.884542   0.714271  -0.124194   0.688762   235.35        22.13     16        1.90235e+11   -3.47727e+11     0.19993         0.28037        3.33733      0.022351
      1860       1860    39.11057233    21.71807210    26.19766016   241.33    91.77  -100.27  7.76738e+08      22.52    31.78       3.76    30.53   0.011764       -0.866       0.4788      -0.1439   1.000000   0.455220  -0.112021   0.883304   0.810236   0.890358   0.064087  -0.450728   0.701135  -0.006117   0.991637   0.128913   218.22        22.42     16        3.61988e+11   -6.61064e+11     0.09739         0.48086        2.42963      0.018430
      1821       1821    39.32170419    21.58981526    26.10081530    14.80   201.37    46.39  7.60452e+08      21.84    21.39       3.99    21.68   0.012699       0.1085      -0.4476       0.8876   1.000000   0.581070   0.054421   0.812032   0.912282  -0.302611   0.940673   0.153499   0.839908   0.755503   0.334923  -0.563065   234.38        21.83     16        1.78788e+11   -3.19229e+11     0.18525         0.23532        1.98515      0.013711
      1777       1777    39.26942588    21.63618086    26.23919380     3.05   138.30   -86.35  7.42077e+08      21.67    25.08       3.15    24.70   0.017837     -0.05885        -0.88      -0.4713   1.000000   0.929850  -0.169514   0.326565   0.929670   0.320830   0.808062  -0.494069   0.884501  -0.180133   0.564182   0.805761   233.93        21.66     16        2.26335e+11   -3.83584e+11     0.08054         0.21170        2.10267      0.020804
      1700       1700    39.23159071    21.53422541    26.03106499    77.22   159.25    25.93  7.09922e+08      21.38    27.17       3.06    25.93   0.019140      -0.4506        -0.89      0.06951   1.000000   0.771943  -0.303142  -0.558756   0.958356   0.148350  -0.768797   0.622047   0.914840   0.618139   0.563077   0.548497   233.22        21.36     16        2.38718e+11   -4.17614e+11     0.05679         0.26571        2.04090      0.024720
      1652       1652    39.34899904    21.36169117    25.97204447    48.54   115.31    74.55  6.89877e+08      21.13    22.02       5.86    22.97   0.057844      -0.6064      -0.3842      -0.6962   1.000000   0.062636   0.901391  -0.428453   0.969209  -0.759758   0.321443   0.565192   0.756767   0.647182   0.290119   0.704972   234.59        21.13     16        1.81994e+11   -2.86817e+11     0.27646         0.77122        3.10800      0.058509
      1651       1651    39.41748225    21.69298728    26.39871607    89.73   197.10   -49.48   6.8946e+08      21.12    20.93       6.06    21.39   0.017271        0.403       0.8897      -0.2145   1.000000   0.869935  -0.033669  -0.492016   0.947491   0.485633   0.232202   0.842759   0.897287  -0.085872   0.972085  -0.218351   234.88        21.11     16        1.57714e+11    -2.6271e+11     0.24642         0.40593        3.27225      0.017489
      1546       1546    39.05097737    21.85369646    26.12341888    35.57   145.33  -100.21  6.45611e+08      20.61    29.19       3.24    27.51   0.007784      -0.1707      -0.8168       0.5511   1.000000   0.319382   0.837239   0.443876   0.778252  -0.287668  -0.360644   0.887233   0.743762   0.902907  -0.411056   0.125664   236.77         20.5     16        2.44331e+11   -4.64529e+11     0.09462         0.38072        1.51954      0.012042
      1321       1321    39.41275188    21.34329287    25.87768464   125.65   174.22    73.01  5.51651e+08      19.63    19.75       3.37    19.50   0.018159      -0.9675       0.1107      -0.2272   1.000000  -0.468639   0.753747  -0.460698   0.939032   0.856618   0.515162  -0.028527   0.832133  -0.215832   0.408011   0.887098   234.21        19.62     15         1.0488e+11    -1.9006e+11     0.14559         0.53439        2.19351      0.019954
      1290       1290    38.89411518    21.77639285    26.30550494   252.34   137.95  -109.63  5.38706e+08      19.48    17.81       7.13    21.11   0.043252       0.7306      -0.2561       -0.633   1.000000   0.459841  -0.258961   0.849403   0.807410   0.502789   0.864366  -0.008672   0.760326   0.731949  -0.431058  -0.527673   233.86        19.46     15        1.20007e+11   -1.55158e+11     0.19069         1.09539        1.80678      0.031149
      1270       1270    38.98656604    21.77964448    26.04964093  -127.25   224.23   105.91  5.30354e+08       9.62    27.13       3.39    29.76   0.021973       0.6531       0.5333       0.5376   1.000000   0.833147  -0.515704   0.199786   0.983503  -0.174277   0.098026   0.979805   0.842184   0.524874   0.851140   0.008206  1913.88        1.184     15          2.348e+11    -3.4963e+11     0.11781         0.08609        1.37365      0.020412
      1244       1244    38.86482537    21.97787325    26.01840051   183.60    37.94   154.13  5.19496e+08      19.47    20.15       1.85    19.74   0.027581      0.08407       0.4864       0.8697   1.000000   0.707616   0.695046   0.127241   0.937674   0.661212  -0.714838   0.227605   0.894425  -0.249153   0.076924   0.965404   225.94         19.4     15        1.01261e+11   -1.84125e+11     0.05601         0.75373        1.20413      0.031616
      1230       1230    39.25224866    21.64169046    26.25617298    14.94   227.72    33.27  5.13649e+08      12.36    21.66       4.79    21.65   0.035915      -0.7699      -0.6363      0.04837   1.000000  -0.172402   0.867007  -0.467522   0.960460   0.879509  -0.078234  -0.469408   0.832054   0.443556   0.492117   0.749052   873.39        3.333     15        1.20337e+11   -2.14157e+11     0.25769         0.29405        2.66389      0.035299
      1139       1139    39.37271284    21.69996850    26.32780012    35.28   170.48   -14.78  4.75648e+08      18.72    16.90       6.20    18.19   0.054773       0.4522       0.3682       0.8123   1.000000   0.867394  -0.402299   0.292889   0.779142  -0.356042  -0.090529   0.930075   0.684063   0.347653   0.911022   0.221759   232.81        18.69     15        7.87195e+10   -1.21641e+11     0.22492         1.18312        4.13623      0.048391
      1092       1092    38.82354480    21.91963158    25.95100297   146.49   123.54    75.11   4.5602e+08      18.40    20.88       3.89    21.04   0.015773      -0.3622      -0.8683        0.339   1.000000   0.753122  -0.324867   0.572074   0.867843  -0.223917   0.691073   0.687225   0.772814   0.618602   0.645662  -0.447719   235.09        18.39     15        1.00905e+11   -1.66732e+11     0.15042         0.46717        2.46762      0.017845
       950        950    39.06357760    21.79304474    26.21309037   -86.29   193.73   -87.11  3.96721e+08      14.05    20.84       3.37    21.26   0.020833      -0.6291       0.5167       0.5808   1.000000   0.257374   0.623651   0.738117   0.851177  -0.098189   0.776775  -0.622076   0.802338   0.961310  -0.087631  -0.261158   459.57        7.198     14        8.96834e+10   -1.47968e+11     0.24209         0.63953        1.66730      0.022275
       919        919    39.20565039    21.56272964    26.00507615   113.99   132.30   -13.47  3.83775e+08      17.43    20.89       2.96    18.94   0.009241      -0.3251      -0.5147       0.7934   1.000000  -0.571112   0.762880   0.303059   0.894856  -0.285203  -0.530601   0.798199   0.858171   0.769734   0.369428   0.520608   232.50        17.42     14         6.8847e+10   -1.39422e+11     0.07434         0.18112        2.52109      0.012521
       914        914    38.72979735    22.37672344    25.78537702   157.94    56.50   -33.11  3.81687e+08      17.33    17.04       5.25    16.58   0.019584      -0.9685      0.06288       -0.241   1.000000   0.637976   0.525301   0.563068   0.954351  -0.755294   0.569346   0.324617   0.907878  -0.150059  -0.632380   0.759986   235.41        17.33     14        5.24853e+10    -9.6035e+10     0.19360         0.35717        3.39333      0.020897
       874        874    38.93959509    21.77151369    25.88904022   163.45    20.88   -86.30  3.64983e+08      17.07    20.02       2.83    19.40   0.019421     -0.07269      -0.8286        0.555   1.000000   0.479461  -0.356042   0.802092   0.845753   0.860670   0.012305  -0.509015   0.751477   0.171361   0.934389   0.312334   235.36        17.07     14        6.86831e+10   -1.22592e+11     0.24542         0.18662        1.82579      0.023934
       853        853    38.84377815    21.69268294    26.15477106   256.36   114.89    23.00  3.56214e+08      16.97    19.54       2.94    18.05   0.040019      -0.1712      -0.9691       0.1773   1.000000   0.994938   0.092948  -0.038192   0.862487   0.024600   0.143208   0.989387   0.708868  -0.097431   0.985318  -0.140196   233.95        16.96     14        5.80422e+10   -1.10811e+11     0.19060         0.47677        1.91352      0.049843
       849        849    39.20276581    21.54971684    26.05941519   177.75    62.06   -62.08  3.54543e+08      17.01    19.39       2.68    19.10   0.011066       0.4701       -0.624      -0.6242   1.000000   0.701269  -0.679510  -0.215611   0.740547   0.712151   0.653893   0.255471   0.715408  -0.032609  -0.332701   0.942468   231.07        16.99     14        6.46474e+10   -1.02552e+11     0.02954         0.56538        1.70544      0.011752
       832        832    39.15472743    21.76070629    26.05891511   -92.01    93.00   -43.13  3.47444e+08      16.87    19.25       2.86    19.03   0.011643     -0.09551       0.9803       0.1728   1.000000   0.876058   0.360969  -0.319726   0.852438  -0.444279   0.861971  -0.244177   0.710319   0.187454   0.355960   0.915507   232.31        16.85     14         6.2927e+10   -1.06089e+11     0.21617         0.85107        2.49715      0.013406
       830        830    39.21313318    21.70524024    26.19121600   245.90   105.04    97.91  3.46609e+08      16.81    15.90       3.33    18.42   0.013297      -0.7844       0.3823      -0.4885   1.000000   0.949006   0.134875   0.284951   0.859727  -0.280661  -0.050231   0.958492   0.805897  -0.143590   0.989589   0.009815   234.31         16.8     14         5.8826e+10   -7.60594e+10     0.31714         0.97418        2.23937      0.009680
       821        821    39.51677041    21.41321374    25.94571099   103.24   167.37    35.92  3.42851e+08      16.78    14.96       5.41    17.21   0.027506      -0.8939       0.4011       0.1999   1.000000   0.582233   0.813015   0.003229   0.993153   0.778202  -0.558443   0.287304   0.837149  -0.235386   0.164765   0.957834   232.80        16.76     14        5.07813e+10   -7.01631e+10     0.18541         0.56947        2.02734      0.021452
       794        794    39.51047361    21.44129015    26.43873994    67.00   155.12    -4.49  3.31575e+08      16.61    18.25       3.79    18.08   0.029639       0.9362       0.2971      -0.1878   1.000000  -0.680386  -0.043816   0.731543   0.991631   0.727904   0.075415   0.681519   0.891652  -0.085030   0.996189  -0.019417   232.29        16.59     14        5.41845e+10   -9.13969e+10     0.06729         0.27138        1.83229      0.032947
       777        777    39.06545681    21.69481314    26.11898571    31.81   123.29   233.40  3.24476e+08       7.99    24.00       3.09    23.80   0.008334      -0.2228       0.4068      -0.8859   1.000000  -0.550809   0.770837   0.320031   0.827182   0.237356  -0.222939   0.945495   0.735348   0.800170   0.596748  -0.060166  2043.80       0.9205     14        9.18599e+10   -1.56634e+11     0.21332         0.25415        1.72084      0.008661
       760        760    38.80389033    22.06469425    26.01221925   132.94    31.39   125.59  3.17377e+08      16.85    18.90       2.28    18.09   0.012741      -0.2202       0.7696       0.5994   1.000000   0.776213  -0.552292   0.304084   0.877200   0.629436   0.706466  -0.323598   0.820897  -0.036105   0.442583   0.896000   212.91        16.72     14        5.19298e+10   -9.38963e+10     0.17995         0.25257        1.50004      0.015827
       749        749    39.20521507    21.48721058    26.20143862    26.71   219.14    15.32  3.12783e+08      16.26    14.15       5.53    14.75   0.026884       0.5147      -0.4699      -0.7171   1.000000   0.216441   0.763406   0.608576   0.944158  -0.782786   0.508216  -0.359113   0.865401   0.583437   0.398659  -0.707582   233.44        16.24     14        3.40339e+10   -5.76129e+10     0.33394         0.49098        2.17061      0.024953
       727        727    39.52363344    21.30281437    25.89247305   152.29   184.77    38.92  3.03596e+08      16.07    15.75       3.12    15.81   0.029076      -0.9861        0.122       -0.113   1.000000   0.144993   0.987904   0.054973   0.963058   0.968055  -0.130154  -0.214313   0.837413   0.204565  -0.084291   0.975217   234.71        16.07     14        3.79299e+10   -6.38736e+10     0.29955         0.68594        2.09131      0.028994
       725        725    39.18369845    21.70574372    26.28568559    39.98    68.33   -71.44  3.02761e+08      16.05    18.90       2.93    18.27   0.010620      -0.9641      -0.1876      -0.1882   1.000000   0.504445  -0.226739   0.833142   0.922656   0.810140  -0.209487  -0.547530   0.864354   0.298679   0.951160   0.078016   234.81        16.05     14        5.05495e+10    -9.0941e+10     0.19786         0.15898        1.45428      0.013243
       653        653    38.93555086    21.83506572    26.08829631   102.52    -3.59   164.59  2.72694e+08      13.97    20.95       1.94    19.69   0.007560       0.3624      -0.2712       0.8917   1.000000  -0.438648   0.787572  -0.432803   0.918639   0.865985   0.241762  -0.437746   0.801790   0.240121   0.566817   0.788073   320.96        10.25     13        5.28692e+10   -1.01134e+11     0.09220         0.21033        1.66956      0.010673
       652        652    38.87582869    21.78703890    25.98524445    80.93    78.50  -126.96  2.72276e+08      15.52    15.94       3.76    16.28   0.019858      -0.3896      -0.1134        0.914   1.000000   0.951001  -0.019017   0.308602   0.820508  -0.304886   0.108242   0.946218   0.765761   0.051398   0.993943  -0.097141   233.64        15.51     13        3.60884e+10   -5.77176e+10     0.12678         0.27348        2.48448      0.019813
       651        651    39.41288451    21.70520207    26.33920022   108.36   176.33   -77.02  2.71858e+08      15.53    15.73       3.16    16.20   0.024349       -0.145      -0.6783      -0.7203   1.000000   0.657686   0.058410   0.751025   0.840372   0.382625   0.832898  -0.399849   0.739058  -0.648882   0.550335   0.525436   232.81        15.52     13        3.56771e+10   -5.73365e+10     0.11335         0.49582        1.98665      0.024357
       645        645    39.19458045    21.69303339    26.41152432   113.90    89.54   -53.29  2.69353e+08      15.67    19.22       2.09    18.47   0.004470      -0.2668       0.4544       0.8499   1.000000   0.519639  -0.557995   0.647006   0.946911  -0.785892  -0.015079   0.618180   0.859912   0.335185   0.829707   0.446359   224.85        15.61     13        4.59387e+10   -7.86654e+10     0.17405         0.26025        1.37262      0.005571
       630        630    38.79879727    21.66291333    25.48166890   222.69   138.30    51.48  2.63089e+08      15.33    14.60       4.07    14.34   0.015158      -0.2388      -0.1661       0.9567   1.000000   0.835266  -0.114690   0.537752   0.962310   0.328421   0.888443  -0.320637   0.838065  -0.440989   0.444426   0.779753   234.50        15.32     13        2.70549e+10    -4.8637e+10     0.29927         0.35018        2.11515      0.015536
       614        614    39.39851455    21.48638865    26.59467120   142.33   171.61   -42.74  2.56407e+08      15.25    16.49       4.38    17.18   0.026521       0.1448       0.9531      -0.2658   1.000000   0.064642   0.308847   0.948913   0.911067  -0.620882   0.756881  -0.204050   0.877931   0.781234   0.575972  -0.240684   231.90        15.24     13        3.78585e+10   -5.97492e+10     0.13604         0.35046        2.77862      0.028022
       612        612    39.00499551    21.84477873    26.14520289   103.91    -3.83   -63.84  2.55572e+08      15.82    24.57       1.73    22.76   0.011077      -0.8197      -0.5408      -0.1889   1.000000  -0.132154   0.717488   0.683920   0.726479   0.596217  -0.493666   0.633103   0.646781   0.791872   0.491432  -0.362538   207.26        15.74     13        6.62242e+10   -1.29665e+11     0.11689         0.40124        1.46639      0.020356
       605        605    38.45048453    22.44409121    25.78881030   140.41    34.88     9.34  2.52649e+08      15.03    15.90       1.83    14.99   0.043754      -0.9831      -0.1739     -0.05776   1.000000   0.258059   0.651491   0.713418   0.910399  -0.706373   0.631009  -0.320726   0.819094   0.659123   0.421173  -0.623033   238.86        14.82     13        2.83753e+10   -5.45524e+10     0.10628         0.49838        1.55843      0.050928
       597        597    39.54981736    21.31791646    25.97078461    80.76   168.86    22.65  2.49308e+08      15.06    13.84       3.15    18.20   0.031211       0.1085      -0.9622       0.2498   1.000000   0.283593   0.459990   0.841418   0.914134   0.579475   0.616914  -0.532564   0.753054   0.764057  -0.638613   0.091600   234.41        15.05     13        4.12968e+10   -4.20906e+10     0.20283         0.58537        1.45563      0.006417
       593        593    38.90375447    21.74665185    26.07084299   318.67    33.64   130.30  2.47638e+08      12.68    17.93       2.73    17.53   0.002284      -0.1513      -0.7218       0.6753   1.000000   0.393642  -0.473466   0.787957   0.967672  -0.919205  -0.212437   0.331561   0.904254  -0.010409   0.854810   0.518836   390.05        7.656     13        3.80516e+10   -6.53036e+10     0.18367         0.10658        1.74038      0.002542
       587        587    38.94447055    21.79415998    26.08056952     9.95    97.39  -212.98  2.45132e+08      12.22    16.47       3.82    19.75   0.043471      -0.5945      -0.7919       0.1396   1.000000  -0.498349   0.455034   0.737965   0.813672  -0.149264   0.793452  -0.590046   0.794800   0.854031   0.404201   0.327496   431.52        6.668     13        4.78146e+10   -5.72479e+10     0.19128         0.27202        2.49366      0.028225
       586        586    39.38766821    21.48057557    26.57407452   155.11   170.87   -39.43  2.44714e+08      14.04    15.79       3.03    17.53   0.056401      -0.6534       0.3753       0.6575   1.000000   0.570936  -0.032820   0.820338   0.932076   0.596735   0.702842  -0.387195   0.729822  -0.563861   0.710588   0.420863   284.00        11.64     13        3.75806e+10   -5.33676e+10     0.13243         0.36268        1.93631      0.050866
       580        580    39.44997524    21.36903123    25.98681250    90.13   176.52    35.62  2.42209e+08      14.95    14.42       5.10    17.17   0.130267       0.9459      -0.2355       0.2231   1.000000   0.040881   0.920475   0.388658   0.858421  -0.433132  -0.334209   0.837079   0.666238   0.900403  -0.202561   0.385025   232.44        14.94     13        3.57209e+10   -4.42555e+10     0.35217         2.01386        2.00799      0.090084
       579        579    39.11645467    21.53517448    25.94261514   101.50   124.31   -51.82  2.41791e+08      15.10    16.67       3.61    15.44   0.014319      -0.7226      -0.5887      -0.3623   1.000000   0.298977   0.384852   0.873213   0.943016  -0.613291   0.778553  -0.133149   0.892984   0.731086   0.495726  -0.468796   225.45        15.05     13        2.88094e+10   -5.49467e+10     0.21360         0.38910        2.37569      0.017442
       572        572    39.15749362    21.64700869    26.01711885     7.27   143.39    78.00  2.38868e+08      15.13    16.03       3.01    15.65   0.027010      -0.9726       0.1526       0.1753   1.000000  -0.576533   0.390278   0.717839   0.796208   0.814346   0.346199   0.465820   0.696273  -0.066716   0.853129  -0.517416   221.24        15.07     13        2.92417e+10   -5.22209e+10     0.21119         0.65059        2.59552      0.031261
       567        567    38.83796902    21.77836195    26.30264786    82.35    23.56    10.50   2.3678e+08      15.05    16.36       1.70    15.35   0.042258      -0.8415      -0.1961      -0.5034   1.000000  -0.518395   0.628940   0.579397   0.904230  -0.325133  -0.771625   0.546703   0.707325   0.790920   0.095026   0.604495   222.77        14.99     13        2.78997e+10   -5.21173e+10     0.24176         0.58002        1.08059      0.050521
       545        545    38.33462817    22.03879210    25.66087006   126.40    95.40    52.38  2.27593e+08      14.60    14.94       3.00    14.07   0.016085      -0.5584      -0.4174      -0.7169   1.000000   0.837620   0.294067   0.460345   0.979320  -0.461038   0.832568   0.307040   0.786870  -0.292979  -0.469419   0.832952   234.68         14.6     13        2.25188e+10   -4.21624e+10     0.16273         0.35264        2.59394      0.017745
       538        538    39.06625710    21.55172537    26.21135307   143.31    -2.43   -25.09  2.24669e+08      14.52    13.54       4.45    15.72   0.023033      -0.9708      -0.1842       0.1536   1.000000  -0.002056   0.947590  -0.319483   0.755461   0.995579   0.031941   0.088332   0.743152  -0.093907   0.317889   0.943466   235.49        14.52     13        2.77745e+10    -3.6981e+10     0.21452         0.40347        3.87765      0.017575
       523        523    39.35006130    21.65362552    26.23357537   131.42   172.05    15.98  2.18405e+08      14.56    15.54       4.31    14.93   0.040716       0.6183       0.3757      -0.6903   1.000000   0.845546   0.298819   0.442446   0.912486  -0.325709   0.945334  -0.016006   0.781370  -0.423043  -0.130575   0.896652   227.08        14.52     13        2.43305e+10   -4.52916e+10     0.24949         0.44379        2.76434      0.048285
       512        512    39.07131074    21.77388794    26.21499808   192.91    66.74   -66.06  2.13812e+08      10.37    22.73       1.66    21.10   0.014194      -0.8233      -0.1059       0.5577   1.000000  -0.575337   0.013791   0.817800   0.912181   0.812853  -0.101443   0.573567   0.869629   0.090870   0.994746   0.047154   615.35        3.969     13        4.75914e+10   -8.96155e+10     0.06577         0.49151        1.44296      0.020547
       510        510    39.43775570    21.11117143    25.70723940   129.89   165.09    55.80  2.12977e+08      14.28    11.38       5.12    12.75   0.081724        0.307       0.6447       0.7001   1.000000  -0.520233   0.656114  -0.546692   0.688851   0.289901   0.737798   0.609600   0.598230   0.803315   0.158648  -0.574035   234.65        14.27     13        1.73218e+10    -2.5285e+10     0.30450         1.61313        3.51559      0.060670
       508        508    39.19960564    21.73838006    26.28588594   238.25   152.79   -40.98  2.12141e+08      14.58    15.22       2.57    15.05   0.020393       0.8631      -0.4781      -0.1626   1.000000   0.818786   0.179306   0.545379   0.945903  -0.283650  -0.699575   0.655849   0.824539  -0.499131   0.691697   0.521942   219.89        14.49     13        2.40311e+10   -4.05511e+10     0.22168         0.15911        1.68324      0.022116
       500        500    39.54668284    21.13195471    25.83259542    91.67   149.92    62.68  2.08801e+08      14.36    13.32       2.87    12.87   0.021977       0.3391      -0.2294       0.9124   1.000000  -0.607918  -0.033276   0.793302   0.830281   0.760828   0.261360   0.593996   0.771952  -0.227103   0.964668  -0.133568   226.31        14.29     13        1.72898e+10   -3.15695e+10     0.14881         0.36018        1.93873      0.022346
       489        489    38.74996459    21.59978823    25.35515749   172.83   153.82    58.72  2.04207e+08      14.16    14.30       3.78    13.93   0.043985      -0.1439      0.01658       0.9895   1.000000   0.483288   0.784963   0.387642   0.927762   0.693959  -0.613431   0.376993   0.790128  -0.533717  -0.086811   0.841196   230.77        14.13     13        1.98237e+10   -3.57754e+10     0.35879         0.54923        1.16278      0.047998
       489        489    39.18803194    21.69374491    26.46031705   121.59   146.04   -26.85  2.04207e+08      13.89    20.33       2.28    18.20   0.007778      -0.5108       0.1227       0.8509   1.000000   0.949194  -0.307441  -0.067156   0.914938   0.044687  -0.079557   0.995828   0.776195   0.311501   0.948235   0.061777   244.54        13.38     13        3.38127e+10   -6.78802e+10     0.21472         0.28120        1.46870      0.012284
       485        485    38.51596313    22.20481138    25.75137971   155.53    70.36    74.72  2.02537e+08      14.05    14.15       4.44    13.81   0.009291      -0.7847      -0.4176        0.458   1.000000   0.972302   0.232750   0.021356   0.869201   0.128800  -0.609810   0.782012   0.844749  -0.195036   0.757601   0.622898   234.40        14.04     13        1.93269e+10    -3.4123e+10     0.29113         0.51035        2.91414      0.009806
       485        485    39.03658224    21.80386761    26.20997485   158.57   -14.29   236.08  2.02537e+08      10.40    16.12       3.32    16.99   0.015094      -0.1294       0.7779      -0.6149   1.000000   0.042032   0.750952   0.659018   0.935748   0.122730  -0.658486   0.742518   0.775450   0.991550   0.049672  -0.119842   577.64        4.241     13        2.92468e+10   -4.62115e+10     0.21363         0.20065        2.18315      0.014677
       444        444    38.78760850    21.74601295    25.94191459    24.25    19.38    57.88  1.85415e+08      13.76    14.33       3.31    13.68   0.010412      -0.8292       0.5034      -0.2431   1.000000   0.937809   0.189938   0.290581   0.921702  -0.320368   0.795921   0.513687   0.872447  -0.133711  -0.574833   0.807272   228.64        13.72     12        1.73561e+10    -3.0933e+10     0.25571         0.64987        2.89785      0.011377
       441        441    39.42607370    21.44537831    26.62793395   159.08   188.95   -32.92  1.84162e+08      13.76    11.87       4.79    12.70   0.044297      0.02629       0.4597      -0.8877   1.000000  -0.392522  -0.265182   0.880684   0.912271   0.385970   0.821647   0.419433   0.830010   0.834838  -0.504554   0.220162   226.99         13.7     12        1.48426e+10    -2.3991e+10     0.29702         0.59841        1.91695      0.040008
       407        407    38.99927872    21.66758013    26.07765880    21.73   187.27    11.92  1.69964e+08      10.39    19.00       2.41    17.79   0.017682       0.3463     -0.03778      -0.9374   1.000000   0.192184   0.967885   0.162062   0.761434   0.669103  -0.250039   0.699844   0.657920   0.717890  -0.026062  -0.695668   486.84        5.025     12        2.68984e+10   -5.29663e+10     0.04344         0.11583        1.42066      0.025380
       393        393    38.82492896    21.63944449    25.46825619   224.23   146.36    47.06  1.64117e+08      13.09    11.70       3.51    11.71   0.034192      -0.3538      -0.8577       0.3731   1.000000  -0.247971   0.540695   0.803840   0.911866   0.936132   0.347293   0.055177   0.725769  -0.249334   0.766183  -0.592281   234.59        13.09     12        1.12492e+10   -1.95617e+10     0.14340         0.25400        2.17436      0.032226
       388        388    39.20627312    21.65513846    26.34626523    13.70   192.10   -40.67  1.62029e+08      12.74    11.81       5.74    15.93   0.028682       0.7629       0.2443       0.5986   1.000000   0.691528  -0.526353  -0.494715   0.969639   0.213384  -0.505454   0.836053   0.766799   0.690114   0.683717   0.237220   251.78        11.91     12        2.05652e+10   -1.96481e+10     0.31903         1.12208        3.88947      0.008969
       386        386    39.40507872    21.45433699    26.64419030   142.61   194.03   -28.65  1.61194e+08      13.00    11.90       1.85    14.29   0.013315     -0.08098      -0.7611       0.6436   1.000000   0.085715  -0.179882   0.979947   0.928937   0.893553  -0.421180  -0.155472   0.826756   0.440700   0.888960   0.124632   235.21           13     12        1.64611e+10   -2.15669e+10     0.19222         1.18583        1.14777      0.009979
       384        384    38.80843401    21.60702960    25.91611894    92.16    29.59   168.75  1.60359e+08      13.01    10.86       7.27    11.90   0.063914       0.3671      -0.7812        0.505   1.000000   0.997972   0.060847   0.018719   0.936874  -0.063254   0.914534   0.399533   0.768442   0.007191  -0.399906   0.916528   233.55           13     12        1.13616e+10    -1.7639e+10     0.11614         0.75782        0.72499      0.053408
