#  npart(1)  nvpart(2)      Xc(3)          Yc(4)          Zc(5)      VXc(6)   VYc(7)   VZc(8)    Mvir(9)      Rvir(10) Vmax(11)   Rmax(12) sigV(13) lambda(14)      Lx(15)       Ly(16)       Lz(17)     a(18)     Eax(19)    Eay(20)    Eaz(21)     b(22)     Ebx(23)    Eby(24)    Ebz(25)     c(26)     Ecx(27)    Ecy(28)    Ecz(29) ovdens(30)    Redge(31) nbins(32)     Ekin(33)       Epot(34)   mbp_offset(35)  com_offset(36)   r2(37)      lambdaE(38)
   2230689    2230689    39.86867955    22.46337286    26.23642504   106.46    89.75    21.81  9.31538e+11     208.53   186.97      36.96   184.82   0.038677      0.05858       0.6346       0.7707   1.000000   0.979367  -0.162046  -0.120757   0.848199   0.161493   0.268309   0.949700   0.731690   0.121495   0.949606  -0.288942   329.73        208.5     35        1.59097e+16   -2.76986e+16     0.05671        11.31969       14.04467      0.042203
    118150     118150    39.71408349    22.46596417    26.24849104   282.11    14.61    85.57  4.93396e+10      78.31    64.51       8.86    82.09   0.242576      -0.3376       0.5232      -0.7825   1.000000   0.924242   0.381000  -0.024791   0.500903  -0.364662   0.900118   0.238348   0.445870   0.113125  -0.211251   0.970863   329.72        78.31     27        1.66263e+14   -1.70232e+14     0.09245        20.16843        3.82603      0.056189
     55439      55439    39.77657007    22.49263494    26.24829514   296.98   -55.48    40.92  2.31514e+10      41.45    60.16       7.10    70.34   0.051462      -0.8128       0.3296       0.4803   1.000000   0.927985   0.332144   0.168890   0.878524  -0.359200   0.917938   0.168419   0.841093  -0.099092  -0.216955   0.971139  1043.63        13.09     25        5.72758e+13   -7.96503e+13     0.05160         0.79430        3.80794      0.043884
     20500      20500    39.94778879    22.53295246    26.24335372   121.04   107.33    43.26  8.56082e+09      43.69    55.26       3.11    52.32   0.041998      -0.6688     0.001846      -0.7434   1.000000   0.730671   0.681779  -0.036024   0.766383   0.160771  -0.120540   0.979603   0.721669  -0.663530   0.721559   0.197685   329.54        43.68     23        1.17163e+13   -1.67506e+13     0.04792         1.88939        2.11057      0.047165
      4469       4469    40.17889823    22.36015094    26.18056651    -0.38   166.64    36.11  1.86626e+09      26.29    26.90       2.71    25.09   0.027815      -0.5979       0.7854       0.1603   1.000000  -0.371914   0.782176  -0.499880   0.984981   0.511184   0.622076   0.593054   0.902575   0.774836  -0.034965  -0.631194   329.67        26.29     19          5.875e+11   -1.07592e+12     0.04274         0.60349        1.79133      0.034623
      4423       4423    40.09292660    22.56221754    26.22281618   -29.05    86.34   -54.29  1.84705e+09      26.21    23.34       6.25    23.95   0.050285      -0.9221      -0.2263      -0.3138   1.000000   0.875226   0.281593  -0.393300   0.984687   0.303138   0.314307   0.899621   0.874432  -0.376944   0.906596  -0.189728   329.10        26.21     19        5.29582e+11   -8.66082e+11     0.13072         0.64011        2.15047      0.052419
      4331       4331    39.90429511    22.42142216    26.25747888   258.74   -55.35  -135.03  1.80863e+09      16.99    30.79       4.96    36.62   0.023039       0.6714      -0.6387      -0.3758   1.000000  -0.305456  -0.013722   0.952107   0.807817   0.620869  -0.760982   0.188221   0.675788   0.721954   0.648627   0.240966  1183.10        4.736     19        1.21269e+12   -1.50554e+12     0.11862         0.45689        2.10783      0.018422
      2386       2386    39.83625198    22.52830170    26.29397867   255.40    71.99   -80.32  9.96396e+08      13.57    29.10       2.68    27.34   0.024777       0.9882      -0.1532     0.005147   1.000000  -0.308208   0.361919   0.879785   0.884135   0.773062   0.634253   0.009907   0.856650  -0.554421   0.683182  -0.475268  1279.87        3.496     17        3.72459e+11   -7.07247e+11     0.07793         0.17120        1.80161      0.034360
      1730       1730    39.88210659    22.46055473    26.24084956   256.49  -281.59   -61.73   7.2245e+08       3.82    32.60       2.15    40.40   0.022400      -0.7556      -0.3716       0.5395   1.000000   0.342419   0.790595   0.507650   0.931436   0.898314  -0.433797   0.069651   0.802405  -0.275283  -0.432180   0.858743 41521.42            0     16        5.89545e+11     -6.584e+11     0.09947         0.13721        1.33834      0.010312
      1713       1713    39.88916835    22.46694980    26.33321422   -33.88   146.21   100.44  7.15351e+08      14.98    27.52       1.96    25.60   0.011231      -0.7488      -0.6038      -0.2733   1.000000   0.704072  -0.144257   0.695322   0.792515  -0.660088   0.228104   0.715718   0.694675   0.261853   0.962891  -0.065380   682.31        7.241     16        2.34358e+11   -4.49075e+11     0.05259         0.11309        1.27814      0.018257
      1552       1552    39.95265234    22.43597099    26.22781223   -53.58   108.53  -100.91  6.48117e+08      12.50    27.24       1.94    24.53   0.003615      -0.1411       0.9696      -0.1999   1.000000   0.968534  -0.213225   0.128367   0.799762   0.035133   0.627740   0.777630   0.761357   0.246391   0.748651  -0.615478  1064.90        3.871     16        1.95025e+11   -3.90172e+11     0.07265         0.16519        1.31644      0.005648
      1418       1418    39.85153249    22.46294205    26.27757296   360.33   -82.55     4.78  5.92158e+08       6.70    23.62       2.21    25.36   0.019247      -0.7092      -0.3012       0.6374   1.000000   0.580624  -0.438756  -0.685835   0.921085   0.808846   0.214652   0.547443   0.890239   0.092978   0.872592  -0.479518  6316.61       0.3498     16        1.90457e+11   -2.87921e+11     0.13371         0.33878        1.59495      0.017028
      1245       1245    39.85114471    22.22955477    26.33478522   157.07   134.35    49.41  5.19913e+08      17.38    19.41       2.73    17.80   0.008840       0.3444      -0.2243       0.9117   1.000000   0.393562   0.919135   0.017308   0.930602   0.822372  -0.343591  -0.453486   0.884332   0.410868  -0.192708   0.891095   317.89        17.34     15          8.238e+10    -1.6097e+11     0.11371         0.10029        1.73914      0.012882
      1153       1153    39.90895993    22.44611264    26.28321554   160.27     7.20   -69.42  4.81494e+08       9.97    28.93       1.40    26.84   0.012743       0.4354       0.4339      -0.7888   1.000000   0.486754  -0.224622   0.844165   0.813937   0.618814  -0.593412  -0.514714   0.706714   0.616554   0.772921  -0.149847  1558.92        2.109     15        1.73442e+11    -3.3686e+11     0.11947         0.08272        0.92655      0.021901
      1110       1110    39.94266318    22.60931146    26.04922070   107.12    18.54    25.55  4.63537e+08      16.56    19.96       2.57    18.38   0.022117      -0.7282       0.4629      -0.5055   1.000000  -0.029867  -0.685046   0.727887   0.924840  -0.319097   0.696643   0.642547   0.875172   0.947251   0.213075   0.239403   327.77        16.55     15         7.8258e+10   -1.49101e+11     0.10048         0.17206        1.63289      0.033501
      1073       1073    39.88625717    22.44078412    26.25191262   259.68   282.08   263.20  4.48086e+08       4.94    23.59       1.96    26.36   0.031307       0.4946      -0.6989      -0.5166   1.000000   0.200412   0.976846   0.074882   0.920561   0.909258  -0.156995  -0.385490   0.892073   0.364808  -0.145344   0.919668 11897.90        0.137     15        1.55707e+11   -2.20042e+11     0.12325         0.17471        1.39009      0.025547
      1036       1036    39.70654963    22.50243520    25.96603700   139.77    -6.45   101.62  4.32635e+08      16.20    17.83       1.75    16.30   0.019723      -0.6178       0.4322      -0.6569   1.000000   0.564947  -0.306093   0.766252   0.955053   0.042292   0.938168   0.343587   0.887062   0.824043   0.161702  -0.542961   326.34        16.19     15        5.74896e+10   -1.08648e+11     0.17024         0.05919        1.53557      0.026909
      1012       1012    39.76965602    22.47996364    26.24417734   333.70   -36.93    83.95  4.22612e+08      10.05    23.28       1.74    24.24   0.013030      -0.7645      -0.3039       0.5686   1.000000   0.458706   0.766472   0.449565   0.724949  -0.051096  -0.482343   0.874491   0.638497   0.887118  -0.424105  -0.182090  1337.96        2.476     15        1.24185e+11   -1.77105e+11     0.10697         0.79704        1.13072      0.014574
       997        997    39.86850762    22.44404333    26.39706521   -81.29    44.19    42.15  4.16348e+08      14.09    16.65       1.97    16.78   0.070495       0.5729       0.3317       0.7495   1.000000  -0.554474   0.701344  -0.447967   0.916415  -0.427223   0.222057   0.876454   0.857592   0.714170   0.677353   0.176505   477.49        9.731     15        5.85927e+10   -9.23422e+10     0.18149         0.17367        1.30900      0.075700
       978        978    39.82480233    22.43665200    26.23743528    56.16    87.62   245.87  4.08414e+08       6.38    22.86       2.00    22.02   0.017127      -0.4382       0.7357       0.5165   1.000000   0.811061   0.511849   0.283180   0.757863  -0.176748  -0.247038   0.952750   0.727835  -0.557620   0.822790   0.109895  5049.51       0.4165     15        9.89941e+10   -1.79629e+11     0.13435         0.14141        1.42605      0.019498
       954        954    39.77731805    22.50625038    26.12182574    73.47    72.29   116.83  3.98392e+08      15.79    24.39       1.30    22.12   0.008480       0.7465      -0.3807       0.5458   1.000000   0.234376  -0.180672   0.955210   0.811904   0.860638  -0.418362  -0.290302   0.730810   0.452073   0.890130   0.057439   324.49        15.78     14        9.74481e+10    -1.8985e+11     0.05386         0.13211        1.10765      0.016670
       949        949    39.90814912    22.44883730    26.23042616   138.55   301.29   126.99  3.96304e+08       5.73    27.64       1.30    25.90   0.019923      -0.2821      -0.2937       0.9133   1.000000  -0.472682   0.856681   0.206566   0.818741   0.568403   0.117262   0.814351   0.757804   0.673416   0.502342  -0.542368  6773.99       0.2787     14        1.32952e+11   -2.50378e+11     0.06752         0.30416        1.13604      0.026726
       918        918    39.78682242    22.39850494    26.08870254   162.26    87.76    16.95  3.83358e+08      15.72    18.45       1.39    17.26   0.010196        0.859       0.1544       0.4882   1.000000   0.582640   0.317277   0.748242   0.854200   0.808606  -0.318926  -0.494411   0.796556   0.081768   0.893097  -0.442371   316.52        15.69     14        5.70785e+10   -1.03104e+11     0.03292         0.27145        1.19054      0.014667
       917        917    39.93230785    22.51768887    26.25254782   133.78   164.81    50.22   3.8294e+08      10.71    22.37       1.29    19.75   0.021451      -0.4094       0.7049      -0.5793   1.000000   0.590141   0.752781   0.291641   0.635799  -0.766979   0.410059   0.493554   0.578737   0.251948  -0.514948   0.819360  1000.11        3.531     14         7.4712e+10   -1.42814e+11     0.13985         0.34250        1.12213      0.031017
       807        807    39.93311121    22.47881214    26.29431397   -70.91   223.04   122.46  3.37004e+08       7.77    20.24       1.86    19.16   0.019934      -0.4614      -0.4212       0.7808   1.000000   0.909792   0.039587   0.413173   0.875455  -0.410794   0.228311   0.882679   0.851549   0.059389   0.972783  -0.223978  2310.13        1.108     14        6.18731e+10   -1.17861e+11     0.12025         0.32651        1.22737      0.025285
       762        762    39.79816293    22.43791812    26.24766728   310.50    84.29   154.00  3.18212e+08       7.61    20.01       1.52    18.69   0.015466      -0.2665      -0.6558      -0.7063   1.000000   0.949737   0.121088   0.288683   0.876675  -0.258195   0.824436   0.503628   0.837786  -0.177017  -0.552850   0.814261  2317.33        1.083     14        5.55911e+10    -1.0362e+11     0.17433         0.16158        0.78422      0.019049
       737        737    40.13967544    22.38887882    26.16828619    16.69   176.92    79.60  3.07772e+08      14.42    11.91       3.88    11.69   0.068641      -0.3651       0.8363        0.409   1.000000  -0.396125  -0.269381   0.877792   0.828870   0.888613  -0.353184   0.292622   0.748975   0.231195   0.895932   0.379281   329.29        14.42     14        2.10131e+10   -3.80471e+10     0.24320         0.66690        2.64221      0.071664
       713        713    39.78906310    22.49334702    26.24727667   249.27   -16.67    77.65   2.9775e+08       6.58    21.02       1.39    21.42   0.021182        -0.43       0.5227       0.7361   1.000000   0.971082  -0.214979  -0.103843   0.817870   0.130511   0.842212  -0.523111   0.739993   0.199915   0.494431   0.845915  3352.25       0.6473     14        6.83154e+10   -1.09262e+11     0.04759         0.15787        0.95336      0.023942
       677        677    39.82141981    22.51567654    26.25568045   134.98    31.08   260.63  2.82716e+08       7.27    19.51       1.17    18.42   0.024904        0.687       0.1951          0.7   1.000000   0.886559  -0.462573  -0.006273   0.874976  -0.017344  -0.046786   0.998754   0.796374   0.462290   0.885346   0.049501  2364.21        1.014     14        4.79695e+10   -8.99187e+10     0.08945         0.14338        1.02090      0.031531
       657        657    39.94549899    22.50359382    26.00140468    24.63   142.38    52.83  2.74364e+08      13.88    18.12       1.24    16.06   0.019004        0.151       0.8843       0.4419   1.000000  -0.513810   0.172633   0.840356   0.749111   0.829155  -0.151530   0.538090   0.715982   0.220231   0.973261  -0.065282   329.34        13.88     13        3.53853e+10   -7.00493e+10     0.07108         0.30084        1.05611      0.031147
       637        637    39.66654537    22.45917636    26.15393327   237.98   -24.66   126.18  2.66012e+08      14.20    15.76       1.81    14.33   0.032379      -0.9965      0.04333      0.07169   1.000000   0.622688  -0.007499   0.782434   0.859697  -0.149201   0.980469   0.128136   0.768540   0.768113   0.196529  -0.609408   298.24        14.12     13        2.73224e+10   -5.44447e+10     0.15032         0.41557        0.77873      0.048969
       628        628    39.92460421    22.52496876    26.28093532  -155.63    78.86    10.65  2.62254e+08       8.23    15.76       1.52    15.63   0.026204      -0.9862      -0.1127       0.1209   1.000000   0.956874   0.244812   0.156397   0.856675  -0.204661   0.950166  -0.235155   0.756999  -0.206172   0.193005   0.959292  1508.04          1.8     13        3.20401e+10   -5.52538e+10     0.06629         0.23986        1.00604      0.028319
       617        617    39.91714337    22.37948826    26.01981900   125.59    75.06    40.49   2.5766e+08      13.73    17.18       1.42    15.91   0.018353       0.1169       0.9654       0.2333   1.000000   0.763044  -0.149037  -0.628929   0.912384   0.520971  -0.434117   0.734937   0.877609   0.382562   0.888443   0.253607   319.50        13.71     13        3.26067e+10   -6.02448e+10     0.07142         0.20873        1.19641      0.028446
       616        616    39.72707245    22.66073142    26.27492590   239.71   -11.83    93.37  2.57242e+08      13.61    15.02       1.72    13.41   0.023600       0.1523      -0.6167      -0.7723   1.000000  -0.639035   0.742580  -0.200522   0.880588   0.305189   0.484082   0.820076   0.770757   0.706041   0.462860  -0.535972   327.74         13.6     13        2.31241e+10   -4.44997e+10     0.13023         0.23691        1.04378      0.032076
       564        564    39.87900108    22.48150438    26.34019121   -14.06    88.02   182.61  2.35527e+08       7.53    18.82       1.22    17.05   0.011797      0.03946       0.8975       0.4393   1.000000   0.533925   0.232318   0.812990   0.937314   0.567688   0.614080  -0.548303   0.837251  -0.626622   0.754277   0.195989  1773.29        1.399     13        3.42523e+10   -6.52212e+10     0.08864         0.24341        1.05729      0.015677
       531        531    39.70164643    22.50080525    26.24796167    50.56    65.41   -81.39  2.21746e+08       7.14    19.41       1.16    17.90   0.010538       -0.506       0.8613      0.04624   1.000000   0.843360   0.450602   0.292747   0.858057  -0.472304   0.361789   0.803765   0.779617  -0.256265   0.816129  -0.517940  1959.20        1.201     13        3.55296e+10   -6.96672e+10     0.07375         0.16456        0.74359      0.015206
       517        517    39.86508758    22.46344007    26.33159067   137.28   -30.42   153.92    2.159e+08       7.65    17.87       1.46    16.71   0.013833       0.7212       0.6557      -0.2236   1.000000  -0.402895   0.742702   0.534855   0.855753   0.061612  -0.561049   0.825486   0.675081   0.913170   0.365538   0.180285  1547.69         1.63     13        3.01492e+10   -5.51673e+10     0.03126         0.27127        1.28108      0.018172
       490        490    39.75018216    22.51312340    26.21429733   167.89   -13.00    42.83  2.04625e+08      12.28    17.64       1.74    16.23   0.008905      0.02563      -0.9805      -0.1947   1.000000   0.405426  -0.381496   0.830717   0.899348   0.831210  -0.224333  -0.508689   0.752848   0.380420   0.896736   0.226153   354.79        11.41     13         2.6936e+10    -5.1986e+10     0.14670         0.23534        1.08066      0.015647
       440        440    39.87368809    22.33581914    26.41726267   176.59   153.10    -2.42  1.83745e+08      11.85    15.28       1.35    13.54   0.008993       -0.465      -0.7046       -0.536   1.000000   0.614553   0.573093  -0.542115   0.896232   0.617643   0.077958   0.782585   0.763039  -0.490756   0.815774   0.306058   354.79        11.01     12        1.68307e+10   -3.22065e+10     0.19910         0.44571        0.85648      0.013541
       435        435    39.94412734    22.53802472    26.20766172    68.43     9.88   242.53  1.81657e+08       7.71    14.32       1.72    13.64   0.035045       -0.277      0.08844       0.9568   1.000000   0.573919   0.814826   0.081707   0.897961   0.156528  -0.207088   0.965719   0.838894   0.803813  -0.541455  -0.246395  1271.59        1.999     12        1.69027e+10   -3.02584e+10     0.14414         0.11633        1.11116      0.040136
       422        422    39.93886395    22.45065785    26.27404837  -124.14   262.62    20.19  1.76228e+08       5.94    13.61       2.18    13.73   0.013590      0.08867      -0.9938      0.06657   1.000000   0.880336  -0.411088  -0.236677   0.938881  -0.057920  -0.588370   0.806515   0.881921   0.470802   0.696295   0.541773  2694.00       0.7274     12        1.66002e+10    -2.7455e+10     0.19123         0.24001        1.51242      0.012699
       379        379    39.76989321    22.43771774    26.27318755   141.49    79.28    80.35  1.58271e+08       9.35    19.69       0.94    17.54   0.002744      -0.4021       0.9076       0.1207   1.000000  -0.498068  -0.203372   0.842952   0.929474   0.862910  -0.212128   0.458682   0.697655   0.085531   0.955846   0.281146   620.59         4.97     12        2.43422e+10   -4.96554e+10     0.15816         0.09506        0.58510      0.005470
       367        367    39.92469255    22.38809779    26.11982973    50.75   143.10    57.74   1.5326e+08      12.61    17.33       1.11    15.64   0.009463      -0.2601      -0.9639     -0.05783   1.000000  -0.265545   0.519620   0.812084   0.805055   0.962225   0.090355   0.256825   0.646076   0.060076   0.849606  -0.523984   245.40        12.43     12        1.87344e+10   -3.82473e+10     0.08177         0.22065        0.66595      0.019854
       354        354    39.74032526    22.45158500    26.18918158   136.89    95.18   144.06  1.47831e+08      11.19    17.42       0.95    15.33   0.010973      -0.8325      0.03203       0.5532   1.000000   0.934553  -0.049430   0.352375   0.814025  -0.284753   0.489941   0.823938   0.699802   0.213370   0.870353  -0.443800   338.81        10.89     12        1.73621e+10   -3.52942e+10     0.12437         0.13228        0.80504      0.021555
       351        351    39.87707959    22.46557193    26.26448732   356.82   176.78   174.45  1.46578e+08       2.36    19.10       1.18    21.21   0.024403      -0.6986       0.6993      -0.1515   1.000000  -0.551511   0.042624   0.833078   0.788797   0.482027   0.831358   0.276574   0.723977  -0.680797   0.554100  -0.479049 35756.09            0     12        3.29754e+10   -4.53345e+10     0.05446         0.08750        0.84215      0.018436
       350        350    39.75602114    22.50998007    26.18767399   164.18    20.67   -22.54   1.4616e+08       9.80    14.85       1.81    13.90   0.013067      -0.7819       0.5178       0.3472   1.000000   0.789984  -0.513212  -0.335468   0.836818   0.440151   0.093793   0.893012   0.737444   0.426840   0.853121  -0.299986   498.77        6.477     12         1.4113e+10   -2.70968e+10     0.06138         0.24703        1.10916      0.020671
       339        339    39.67251086    22.43309518    26.07694846   183.63   -39.06    81.35  1.41567e+08      11.30    10.70       1.91     9.57   0.024461    -0.008252      -0.7723       0.6353   1.000000  -0.330385   0.896071  -0.296485   0.947827  -0.167726   0.253386   0.952714   0.870862   0.928824   0.364490   0.066579   314.69        11.26     12        6.47849e+09   -1.26757e+10     0.18609         0.37386        1.66934      0.029646
       332        332    39.88697783    22.56095343    26.08412025     6.25    44.03    -0.50  1.38644e+08      11.21    14.29       1.65    13.26   0.009744       -0.824      -0.5647     -0.04583   1.000000   0.707826  -0.102684   0.698884   0.842749  -0.030700   0.983972   0.175663   0.800247  -0.705720  -0.145794   0.693328   316.01        11.19     12        1.21899e+10   -2.28844e+10     0.09772         0.28570        1.39191      0.015775
       318        318    40.16749332    22.33282854    26.22188436    -5.84   159.47     6.99  1.32797e+08      10.93    11.97       1.52    10.80   0.023838       0.6456      -0.6932      -0.3204   1.000000   0.763583   0.397793  -0.508627   0.927513   0.601154  -0.150420   0.784849   0.737756  -0.235700   0.905060   0.353994   326.79        10.92     12        7.74725e+09   -1.47065e+10     0.15534         0.23036        0.94011      0.032090
       316        316    40.02477143    22.63460986    26.34853092   -19.39    87.05   -54.34  1.31962e+08      10.87    11.18       2.08    10.26   0.032015     -0.04259       0.5418      -0.8394   1.000000   0.161830   0.712136   0.683135   0.976328  -0.189459  -0.656960   0.729732   0.898680   0.968461  -0.247518   0.028605   329.59        10.87     11        6.95022e+09   -1.34335e+10     0.08629         0.35039        1.72743      0.041756
       311        311    39.80833740    22.58450928    26.35813205    90.93    43.31    87.48  1.29874e+08      10.91    16.62       1.24    15.28   0.010494      -0.6912       0.3415       0.6369   1.000000   0.635149  -0.568902  -0.522432   0.900553   0.462355  -0.261777   0.847172   0.766027   0.618719   0.779630  -0.096767   321.36        10.89     11        1.51649e+10   -2.81061e+10     0.16004         0.21505        0.72891      0.019680
       302        302    39.89373731    22.45548624    26.22149243  -133.99   217.20  -201.63  1.26116e+08       2.14    19.12       1.00    18.90   0.021720        0.923       0.1793       0.3405   1.000000   0.990720   0.097795   0.094388   0.884782  -0.038682  -0.462858   0.885588   0.778049  -0.130294   0.881021   0.454780 41380.02            0     11         2.2524e+10   -3.91703e+10     0.09825         0.05464        0.69297      0.021066
       302        302    39.94982769    22.52181681    26.29479375   114.06    53.81   236.63  1.26116e+08       7.10    12.21       1.51    13.57   0.028053       0.6884      -0.5903       0.4214   1.000000   0.856850   0.515118   0.021501   0.858777   0.091476  -0.192938   0.976938   0.785447  -0.507386   0.835122   0.212440  1131.07         2.07     11        1.16126e+10   -1.59735e+10     0.14920         0.31111        0.96018      0.025374
       293        293    39.99870070    22.55669288    26.16272738   -61.28    48.46   -52.91  1.22357e+08      10.75    11.38       1.79    10.43   0.024226      -0.5604     -0.03788       0.8274   1.000000   0.808085   0.563365  -0.172103   0.912072  -0.582114   0.808460  -0.086804   0.747876   0.090236   0.170329   0.981247   316.44        10.72     11        6.65159e+09   -1.28137e+10     0.14816         0.26718        1.06125      0.033031
       291        291    39.93454156    22.45214525    26.22252834   -15.44   278.35   161.70  1.21522e+08       4.99    13.68       1.69    13.48   0.026297       0.9804      -0.1754      0.08984   1.000000   0.783815  -0.259978  -0.563955   0.809758   0.485679  -0.309276   0.817597   0.754061   0.386974   0.914746   0.116149  3137.22       0.5246     11        1.10329e+10    -1.9372e+10     0.05452         0.24851        0.99804      0.028621
       287        287    39.93509439    22.40656807    26.20522387    69.52   287.36    97.38  1.19852e+08       6.63    13.59       1.19    12.85   0.015460       -0.166       0.8963      -0.4113   1.000000  -0.267772   0.836986   0.477234   0.848492   0.823892  -0.057876   0.563784   0.669987   0.499500   0.544155  -0.674089  1319.00        1.658     11        9.89841e+09   -1.87744e+10     0.07641         0.18955        0.72209      0.020289
       285        285    40.04733888    22.45645128    26.27466523   -51.56   188.96    57.44  1.19016e+08      10.51     8.22       2.83     8.05   0.057683      -0.3811       0.8242       0.4189   1.000000   0.849030  -0.191519   0.492411   0.929968  -0.455677   0.206263   0.865918   0.789107   0.267406   0.959571  -0.087853   329.43         10.5     11        3.85583e+09   -7.20388e+09     0.17080         0.94763        1.75573      0.058928
       284        284    39.88820495    22.45431708    26.22892620    43.92   112.24   285.21  1.18599e+08       1.96    21.83       0.66    19.94   0.004393      -0.1295      -0.9768      -0.1706   1.000000   0.753016  -0.113188  -0.648195   0.843826   0.626618  -0.177252   0.758902   0.754281   0.200792   0.977635   0.062548 50170.03            0     11        2.35861e+10   -4.67082e+10     0.03486         0.13546        0.44005      0.005118
       281        281    39.83408738    22.52127849    26.33256179    85.59    29.95   112.21  1.17346e+08       6.72    14.72       1.21    13.61   0.007033      -0.5321       0.7757       0.3394   1.000000  -0.145923   0.660443   0.736561   0.802294  -0.944310   0.128974  -0.302727   0.649828   0.294931   0.739717  -0.604843  1239.14        1.789     11        1.08634e+10    -2.1022e+10     0.05737         0.20391        1.03236      0.010154
       279        279    39.76030200    22.55138438    26.18466567   102.07   -18.04   -92.88  1.16511e+08       7.80    13.78       1.09    12.49   0.014185      -0.3137      -0.9388       0.1421   1.000000  -0.509062   0.846664  -0.154972   0.918028   0.293997   0.340256   0.893192   0.738892   0.808963   0.409128  -0.422128   788.35        3.262     11        9.08474e+09   -1.84194e+10     0.11547         0.15353        0.67584      0.021295
       278        278    39.69711235    22.34898044    26.34561018   126.66    31.27   -59.58  1.16093e+08      10.43    11.61       1.55    10.29   0.015194      -0.1626      -0.9751       0.1508   1.000000   0.775791   0.336634  -0.533691   0.727831  -0.276648   0.941635   0.191806   0.619610   0.567110  -0.001157   0.823641   328.41        10.43     11        6.15117e+09   -1.17962e+10     0.11049         0.07068        0.97241      0.020588
       271        271    39.89498298    22.57194384    26.20532545    98.02   129.58   -21.77   1.1317e+08       9.52    17.15       0.62    14.79   0.007359       0.9005      -0.3564       0.2491   1.000000   0.192470   0.934037  -0.300883   0.648435   0.981127  -0.188963   0.041013   0.514135   0.018549   0.303099   0.952779   421.29        7.449     11        1.23751e+10   -2.53735e+10     0.05064         0.10941        0.51978      0.014828
       264        264    39.88658956    22.15990725    26.11319866   159.08   227.97    29.33  1.10247e+08      10.27     8.23       3.08     8.02   0.074730      -0.8819      -0.4382      -0.1738   1.000000  -0.338510   0.932245  -0.127793   0.931918  -0.276628   0.031215   0.960470   0.769175   0.899382   0.360480   0.247318   327.12        10.26     11        3.54862e+09   -6.43161e+09     0.18083         0.47494        2.67686      0.075597
       263        263    40.00434561    22.45923288    26.05887355    59.01   162.88   158.39  1.09829e+08      10.29    10.42       2.08     9.56   0.005258      0.04355       0.6736      -0.7378   1.000000  -0.273760  -0.194163   0.941996   0.846759   0.954238  -0.177389   0.240754   0.719900   0.120354   0.964797   0.233839   323.77        10.28     11        5.01678e+09   -9.78368e+09     0.28360         0.43181        0.94496      0.006873
       259        259    39.95518912    22.54127154    26.12393906   -18.36    22.66   -66.56  1.08159e+08      10.20    10.51       1.90    10.07   0.019817      -0.1191      -0.2082       0.9708   1.000000   0.807304   0.544580   0.227361   0.890130   0.075198  -0.477057   0.875650   0.784861  -0.585326   0.689818   0.426081   327.11         10.2     11        5.48326e+09   -9.99053e+09     0.11134         0.43152        1.16373      0.025468
       256        256    39.71338657    22.55179255    26.22301583    46.89    54.36   -69.25  1.06906e+08       8.19    14.38       0.87    12.93   0.017012     -0.09162      -0.2616       0.9608   1.000000   0.717598  -0.690155  -0.093481   0.862244   0.615224   0.565254   0.549533   0.687484  -0.326423  -0.451856   0.830226   624.69        4.323     11        8.93906e+09   -1.74544e+10     0.11586         0.24261        0.73442      0.027243
       254        254    39.94333806    22.34429266    26.22122690   142.26     2.35   -11.64  1.06071e+08       9.02    16.38       0.72    14.18   0.009007       0.4158      -0.4886      -0.7671   1.000000  -0.320327   0.943628  -0.083402   0.716834   0.859124   0.252287  -0.445260   0.680821   0.399119   0.214282   0.891508   464.04        6.409     11        1.06645e+10   -2.25589e+10     0.08207         0.13928        0.61415      0.018031
       240        240    39.88753854    22.47371325    26.06837331   106.66    65.70   113.77  1.00224e+08       9.97    12.74       1.23    11.44   0.015861      -0.6619        0.436      -0.6097   1.000000   0.171083  -0.283272   0.943656   0.806361   0.813682  -0.499447  -0.297446   0.694711   0.555564   0.818724   0.145047   324.68        9.962     11        6.56143e+09   -1.30861e+10     0.18587         0.22356        1.04438      0.026166
       239        239    39.84862952    22.45562770    26.24675847   379.22    92.75   166.85  9.98067e+07       2.06    18.11       0.85    17.01   0.020911      -0.9132       0.4067     -0.02341   1.000000   0.742914   0.113445   0.659704   0.910133  -0.668233   0.067843   0.740852   0.800107  -0.039289   0.991225  -0.126209 36437.03            0     11        1.44393e+10   -2.67417e+10     0.16872         0.02935        0.49572      0.021643
       226        226    39.99816064    22.50286903    26.36750751   144.61    73.22    61.39  9.43779e+07       9.73    10.89       1.58     9.37   0.026366        0.861      -0.4835       0.1577   1.000000   0.772932   0.541861   0.330096   0.702525  -0.599423   0.453050   0.659878   0.570694  -0.208012   0.707907  -0.674980   328.60         9.73     11        4.14378e+09   -7.87996e+09     0.11432         0.66943        1.37767      0.034535
       223        223    39.96684993    22.43807217    26.14172743   105.00   177.90    23.18  9.31251e+07       9.27    15.16       0.68    13.29   0.012267      -0.1808      0.08157       0.9801   1.000000  -0.612994   0.780709   0.121380   0.788970   0.452063   0.220575   0.864284   0.663944   0.647980   0.584672  -0.488140   375.07         8.15     11        8.22454e+09   -1.66772e+10     0.11276         0.09765        0.57647      0.023905
       223        223    39.77670103    22.23469391    26.13409306    76.61   153.68    66.12  9.31251e+07       9.93    10.16       1.75     9.54   0.024354      -0.2638      -0.7098      -0.6531   1.000000   0.055462   0.978935   0.196496   0.884565   0.965326  -0.102852   0.239932   0.736599  -0.255088  -0.176375   0.950695   305.09        9.885     11        4.23852e+09   -7.38455e+09     0.17627         0.41100        1.05660      0.029969
       221        221    39.93095272    22.47665881    26.25061739    40.27    55.25  -221.10  9.22899e+07       4.33    13.82       1.55    13.20   0.012505       0.5616      -0.8052      -0.1905   1.000000   0.797879   0.418818   0.433567   0.753265  -0.126559   0.819587  -0.558803   0.736213  -0.589382   0.390985   0.706936  3649.94       0.3911     11         8.0362e+09   -1.42027e+10     0.17624         0.09032        1.06112      0.014353
       220        220    39.63937283    22.38717218    26.19563811   159.94   117.34    12.16  9.18723e+07       9.70    11.34       1.50    10.00   0.022401       0.9726      0.09528       -0.212   1.000000   0.859238   0.482874   0.168945   0.813987  -0.162492  -0.055535   0.985146   0.697909  -0.485084   0.873927  -0.030745   323.00        9.689     11        4.59715e+09   -9.23497e+09     0.29828         0.41586        0.95046      0.033529
       214        214    40.04602236    22.55475426    26.05176921   115.61    80.84   160.87  8.93667e+07       9.60     8.69       3.01     8.02   0.027749      -0.5962       0.6334       0.4933   1.000000   0.752567  -0.515654   0.409565   0.829822   0.384647   0.849040   0.362185   0.764450  -0.534500  -0.115031   0.837304   323.80         9.59     10         2.8757e+09   -5.60115e+09     0.22692         0.22801        0.96245      0.032567
       206        206    40.09271256    22.56299716    26.22875790   -48.90   111.45   -48.15  8.60258e+07       3.98    11.21       1.76    13.09   0.024919      -0.5658       -0.593        0.573   1.000000   0.664133  -0.175458   0.726734   0.725396  -0.191732   0.899587   0.392406   0.618628   0.722611   0.399948  -0.563804  4384.70       0.2992     10        7.36764e+09   -9.49834e+09     0.14240         0.07767        0.46303      0.017290
       201        201    39.98796076    22.57497551    26.24320442    66.39    88.83   213.16  8.39378e+07       6.63     8.26       2.89     8.49   0.051754       0.7894       0.1849       0.5853   1.000000  -0.468394  -0.537161   0.701473   0.953713  -0.122429   0.825755   0.550582   0.878483   0.874996  -0.172008   0.452543   925.68         2.36     10        3.02723e+09    -5.0336e+09     0.25759         0.20215        2.53658      0.046091
       193        193    39.86469412    22.49499630    26.25099860    49.83   157.01   213.56   8.0597e+07       3.03    18.79       0.50    16.80   0.016261       0.2783        0.158       0.9474   1.000000   0.436649   0.863425  -0.252656   0.858190  -0.499532   0.466268   0.730111   0.685157   0.748202  -0.192592   0.634904  9254.53       0.1081     10        1.13784e+10   -2.32216e+10     0.05470         0.04915        0.42210      0.024797
       193        193    39.67845910    22.48800681    26.14191106   133.65    84.12    40.90   8.0597e+07       9.33    10.21       1.33     8.96   0.014355       0.6759       0.2849      -0.6797   1.000000   0.931975  -0.202212   0.300888   0.859810  -0.315321  -0.042634   0.948027   0.747214   0.178874   0.978413   0.103495   318.65         9.31     10         3.2352e+09    -6.4931e+09     0.29767         0.45824        0.82563      0.020130
       187        187    39.79647714    22.52108346    26.29549438   293.14   -36.81    24.06  7.80914e+07       4.75    11.72       1.57    10.75   0.013133       0.6257      -0.7177      -0.3057   1.000000   0.779298  -0.626620   0.006446   0.836564   0.026205   0.042863   0.998737   0.723421   0.626105   0.778145  -0.049824  2339.17       0.6695     10        4.50933e+09   -9.49523e+09     0.06710         0.46755        0.91926      0.016777
       186        186    39.84142237    22.44571494    26.24393339   378.17   -69.31    93.59  7.76738e+07       2.41    13.00       1.42    12.74   0.016789       0.4847       0.7206       0.4958   1.000000   0.893702   0.404878  -0.193313   0.902662  -0.197825   0.742322   0.640174   0.869034   0.402693  -0.533883   0.743510 17855.13            0     10        6.30598e+09   -1.10851e+10     0.01327         0.38559        1.25044      0.015032
       183        183    39.97181970    22.41385257    26.22262277    63.47   285.58    66.61   7.6421e+07       6.02    11.47       0.66    10.52   0.007755      -0.9775       0.1888     -0.09411   1.000000   0.784137  -0.614533   0.086480   0.881094  -0.429388  -0.436644   0.790549   0.820565   0.448058   0.657032   0.606261  1124.85        1.764     10        4.22695e+09   -8.34655e+09     0.07474         0.35707        0.32965      0.010359
       177        177    39.90404121    22.43210297    26.14136222   104.86    72.44   -27.54  7.39154e+07       7.01     9.52       1.42     9.19   0.021054        0.977      -0.1952      0.08587   1.000000  -0.436880   0.213474   0.873822   0.594708   0.655145  -0.590140   0.471720   0.537892   0.616377   0.778565   0.117964   688.26        3.359     10        3.11844e+09   -5.45799e+09     0.10676         0.42723        1.22480      0.023650
       173        173    39.80437505    22.47088404    26.15069427   -71.87    53.25    14.30   7.2245e+07       4.84    11.76       1.39    10.66   0.027977       0.6256        -0.41       0.6637   1.000000   0.474675  -0.128653   0.870708   0.813406   0.866764   0.240277  -0.437022   0.705891  -0.152987   0.962141   0.225565  2042.75       0.7815     10        4.10157e+09   -8.15592e+09     0.19504         0.19264        1.20566      0.035175
       171        171    39.67398165    22.44009319    26.33611354   146.84    99.67   105.92  7.14098e+07       8.98    10.54       1.36     9.32   0.021169       0.5534       0.2969       0.7782   1.000000   0.880786   0.314334  -0.354132   0.846577   0.472590  -0.536861   0.698884   0.629288  -0.029563   0.782927   0.621411   316.97        8.959     10        3.10117e+09   -5.83873e+09     0.12694         0.33789        0.78701      0.030125
       164        164    40.05788101    22.52337710    26.11139882    47.22   210.94   115.73  6.84866e+07       8.82     8.21       2.23     7.33   0.040072       0.8088      -0.5441       -0.223   1.000000  -0.485336   0.296925   0.822365   0.783354   0.724338  -0.390228   0.568380   0.776372   0.489676   0.871526  -0.025682   320.24          8.8     10        1.84009e+09   -3.70132e+09     0.36204         0.28679        1.49145      0.048604
       156        156    39.84100181    22.49926458    26.15627552    22.19   158.00   -34.58  6.51458e+07       5.82     9.59       1.22    10.18   0.045086      0.07006       0.3506       0.9339   1.000000   0.095219  -0.537314   0.837990   0.658544   0.992326   0.117943  -0.037132   0.558861  -0.078884   0.835095   0.544421  1063.02        1.804     10        3.37548e+09   -4.72744e+09     0.17964         0.46443        0.49171      0.039784
       150        150    39.96799472    22.24328913    26.10942062   132.45   160.45    67.73  6.26402e+07       8.61    10.65       1.21    11.09   0.037858      -0.4851        0.605      -0.6314   1.000000   0.769160  -0.591577  -0.241722   0.992091   0.629425   0.635864   0.446654   0.628062  -0.110528  -0.495695   0.861435   314.78        8.597      9        3.85503e+09   -5.51394e+09     0.19512         0.44055        0.57572      0.046831
