#  npart(1)  nvpart(2)      Xc(3)          Yc(4)          Zc(5)      VXc(6)   VYc(7)   VZc(8)    Mvir(9)      Rvir(10) Vmax(11)   Rmax(12) sigV(13) lambda(14)      Lx(15)       Ly(16)       Lz(17)     a(18)     Eax(19)    Eay(20)    Eaz(21)     b(22)     Ebx(23)    Eby(24)    Ebz(25)     c(26)     Ecx(27)    Ecy(28)    Ecz(29) ovdens(30)    Redge(31) nbins(32)     Ekin(33)       Epot(34)   mbp_offset(35)  com_offset(36)   r2(37)      lambdaE(38)
   1030328    1030328    38.58677062    21.41263266    26.02847275   116.77    86.25    18.22  4.30266e+11     183.34   179.37      67.37   191.92   0.033318       0.1278       0.8212       0.5562   1.000000   0.672856  -0.519710   0.526466   0.795026  -0.257913   0.502207   0.825390   0.695156   0.693359   0.691151  -0.203873   224.07        183.3     33        7.92388e+15   -1.25983e+16     0.20283         8.79078       50.13832      0.028549
     46461      46461    38.08343828    22.05399375    25.78265783   143.51    62.93     5.26  1.94022e+10      65.26    66.71      20.66    70.17   0.060238      -0.9548       0.1289      -0.2679   1.000000   0.043611  -0.544959   0.837328   0.867667  -0.292158   0.794530   0.532321   0.803854   0.955375   0.267847   0.124564   224.06        65.26     25        4.77618e+13   -7.89723e+13     0.09765         3.74044       14.73046      0.055802
     42500      42500    38.37322586    21.13766274    25.35427654   159.17   137.43    52.39  1.77481e+10      63.35    71.08      11.86    74.53   0.059282       -0.871       0.0163        0.491   1.000000  -0.460047   0.758993  -0.460746   0.811557   0.445057   0.646143   0.620019   0.683210   0.768297   0.080180  -0.635051   224.05        63.35     25        4.92892e+13   -7.75117e+13     0.13060         2.03520        5.17056      0.056247
     27120      27120    38.10573540    21.88702856    25.48941802    88.94    56.69    66.97  1.13253e+10      54.54    49.83      42.72    61.94   0.175679       -0.225       -0.603       0.7654   1.000000   0.583098   0.485492   0.651378   0.706487  -0.776760   0.568058   0.271946   0.571438  -0.237993  -0.664536   0.708344   224.06        54.54     23        2.17269e+13   -2.67354e+13     0.17438         9.54248       48.62763      0.102101
     24462      24462    38.72129065    21.24855725    26.15712759   -10.37   238.11    -4.19  1.02154e+10      52.70    53.55      21.61    57.47   0.031471      -0.8053      -0.1111      -0.5823   1.000000  -0.706216   0.694553   0.137312   0.959965  -0.388957  -0.542668   0.744462   0.910476   0.591583   0.472343   0.653392   224.06         52.7     23          1.687e+13   -2.75088e+13     0.18144         2.63615       15.56594      0.029050
     18093      18093    38.07416819    21.99641328    25.34542391    94.59    38.13    72.57  7.55566e+09      47.66    49.06       8.81    52.80   0.051093      -0.7507      -0.6576     -0.06349   1.000000  -0.196593   0.508503   0.838318   0.670332  -0.360664   0.757553  -0.544091   0.611136   0.911742   0.409315  -0.034469   224.06        47.66     22        1.05305e+13   -1.66277e+13     0.05636         4.43342        4.85637      0.045906
     16555      16555    38.59649115    21.40539434    26.03481057   142.65    62.23    33.71  6.91339e+09       9.17    98.80       7.79   150.56   0.051105       0.7502       0.6378      -0.1742   1.000000   0.743064  -0.664740   0.077310   0.891477   0.284856   0.418704   0.862290   0.683071   0.605569   0.618714  -0.500479 28735.48      0.07154     22        7.83609e+13   -5.18889e+13     0.15603         0.64938        6.11451      0.045878
     14176      14176    38.67693127    21.31738639    26.19782632   137.18   164.13   136.33  5.91991e+09      43.94    53.34       7.99    55.66   0.024437      -0.8442       0.5091       0.1677   1.000000  -0.515493   0.645840  -0.563168   0.889151  -0.114685   0.599308   0.792261   0.844262   0.849185   0.472992  -0.234871   223.99        43.94     22        9.17082e+12   -1.41558e+13     0.13530         0.27836        5.58774      0.024329
     12127      12127    38.96471217    21.19104040    26.55882904    73.83   138.50   -22.49  5.06425e+09      41.71    44.45      15.63    49.46   0.038965       0.8121       0.5426      -0.2148   1.000000   0.316604  -0.135306   0.938858   0.977753  -0.486326   0.826634   0.283132   0.848738   0.814401   0.546231  -0.195913   224.02        41.71     21        6.19503e+12   -8.78161e+12     0.16801         1.30530       13.93392      0.031827
     10725      10725    38.37714536    21.70537365    25.79792876   179.26     3.27    -5.66  4.47877e+09      40.04    43.24      12.04    43.80   0.036314      -0.8818     0.003949      -0.4717   1.000000  -0.148496   0.456321   0.877337   0.932745   0.954073  -0.167306   0.248503   0.868819   0.260181   0.873945  -0.410519   224.01        40.03     21        4.29663e+12   -7.44558e+12     0.12273         0.36986        6.65270      0.036255
     10274      10274    38.89466066    21.24622153    26.34307981    67.40   116.41   -73.23  4.29043e+09      39.47    42.19      11.53    43.28   0.030651      -0.4314      -0.8568       0.2824   1.000000   0.979346  -0.095167  -0.178397   0.967166   0.085600  -0.604190   0.792229   0.801020   0.183180   0.791137   0.583565   224.02        39.46     21        4.01825e+12   -6.79513e+12     0.16670         1.13553        6.27789      0.029784
      6443       6443    38.82504073    21.28371693    25.63608851    27.67    37.81    89.60   2.6906e+09      33.79    33.47      16.44    37.07   0.047261      -0.2037     0.003945        0.979   1.000000   0.931409   0.327375  -0.159067   0.903091  -0.294211   0.934473   0.200497   0.703445   0.214281  -0.139945   0.966695   223.91        33.78     20        1.84877e+12   -2.81566e+12     0.14369         3.26785        9.08167      0.039982
      5464       5464    38.13189276    21.90829881    25.51816747    48.26    98.83    81.44  2.28177e+09      22.15    37.84      11.64    43.72   0.020757      -0.5147       0.4889       0.7043   1.000000  -0.276466   0.832305   0.480453   0.951693   0.871424   0.006322   0.490490   0.813720  -0.405199  -0.554283   0.727038   674.27        7.359     19        2.18118e+12   -2.94765e+12     0.16216         0.38485        6.85057      0.014926
      5140       5140    38.78887560    21.46166719    26.05173848     1.31   155.92  -130.09  2.14647e+09      31.33    34.17      11.79    35.65   0.028992      -0.9589     -0.07756       0.2728   1.000000   0.885875  -0.384824  -0.259105   0.882818   0.165053   0.783402  -0.599198   0.815704   0.433569   0.488049   0.757513   224.00        31.33     19        1.36394e+12   -2.22707e+12     0.15901         0.36196        8.22936      0.027972
      5118       5118    38.87564213    21.20994157    26.09084375    60.60   222.78    92.30  2.13728e+09      31.29    32.81      11.78    33.79   0.025030       -0.416       0.8168      -0.3998   1.000000  -0.560577  -0.288542   0.776207   0.906874   0.742653  -0.589856   0.317076   0.812139   0.366360   0.754198   0.544946   223.82        31.29     19        1.22042e+12   -2.12325e+12     0.27492         0.41435        2.42843      0.024790
      4559       4559    37.95763063    21.99894247    25.48511645    81.48     9.77    31.11  1.90384e+09      30.11    29.35      15.00    30.80   0.048329      -0.1892      -0.8755       0.4446   1.000000   0.761503   0.303825   0.572541   0.719103  -0.541599  -0.186987   0.819577   0.705440  -0.356066   0.934198  -0.022160   223.86        30.11     19        9.03205e+11   -1.51331e+12     0.14913         0.89213        5.31409      0.043330
      3739       3739    38.27343920    21.72315858    25.74422664   113.60    52.65   123.41  1.56141e+09      28.18    31.82       6.35    31.81   0.027844       0.6202       0.6835        0.385   1.000000  -0.091008   0.011664   0.995782   0.908536  -0.287201   0.957138  -0.037460   0.836773   0.953537   0.289398   0.083758   224.00        28.18     18        7.89834e+11    -1.3792e+12     0.27162         0.07047        2.68262      0.028941
      3665       3665    38.74473328    21.41159562    25.95173424    86.84   148.35   -93.82  1.53051e+09      28.00    32.79       4.72    34.82   0.035570      -0.8721       0.4803     -0.09413   1.000000   0.891373   0.207906  -0.402778   0.839267   0.436684  -0.155702   0.886038   0.728820  -0.121499   0.965677   0.229578   223.77           28     18        9.27848e+11   -1.40807e+12     0.24405         0.63130        3.24498      0.033939
      3504       3504    38.11709759    21.95534677    25.41435822    60.42    98.50   130.83  1.46327e+09      27.58    28.26      13.75    30.53   0.056177       -0.764       0.6273        0.151   1.000000   0.116985   0.321735   0.939575   0.885618   0.938287  -0.345854   0.001605   0.795853   0.325472   0.881403  -0.342339   223.89        27.58     18        6.82007e+11   -1.00885e+12     0.14315         2.47111       12.32780      0.045903
      3500       3500    38.03183383    22.11809443    25.26975198    72.76    50.23    88.81   1.4616e+09      27.56    31.64       7.85    32.57   0.022681      -0.9455      -0.3248      0.02427   1.000000   0.165820   0.222676   0.960687   0.924003  -0.630529   0.772972  -0.070333   0.846751   0.758246   0.594079  -0.268578   223.99        27.56     18        7.75064e+11   -1.25414e+12     0.23775         0.70329        4.21952      0.022458
      3066       3066    38.06413437    22.01624706    25.38594593    58.20    75.10    66.07  1.28037e+09      26.41    29.81       7.14    32.19   0.023717      -0.9281      -0.2876      -0.2364   1.000000   0.028047   0.114367   0.993043   0.790546  -0.556662   0.826925  -0.079514   0.689628   0.830266   0.550559  -0.086857   222.96         26.4     18        6.63499e+11   -1.02865e+12     0.17117         0.78115        2.21662      0.022911
      3047       3047    38.63424140    21.39745222    25.93191843   260.99     9.88    64.32  1.27243e+09      26.37    30.37       7.27    35.26   0.046244      -0.2561      -0.8365      -0.4845   1.000000   0.014520   0.007894   0.999863   0.828690  -0.103497   0.994610  -0.006350   0.785542   0.994524   0.103391  -0.015259   222.78        26.35     18        7.90925e+11    -1.0265e+12     0.17819         0.17826        4.98113      0.036072
      2348       2348    38.55027705    21.46149499    25.90704587    77.75   -90.96   -60.92  9.80528e+08      24.19    31.05       5.19    31.06   0.029290       -0.316      -0.7982       0.5129   1.000000   0.016611   0.909368  -0.415660   0.862837   0.523842   0.346181   0.778299   0.792669   0.851654  -0.230668  -0.470615   222.43        24.17     17         4.7283e+11   -8.04004e+11     0.18828         0.36232        2.75556      0.033669
      2314       2314    38.64121863    21.36475969    26.04463819   -29.06    73.74     0.72  9.66329e+08      23.26    34.18       6.56    37.74   0.016222      -0.2265       0.9694     -0.09467   1.000000   0.820112  -0.200798   0.535814   0.840113  -0.513065   0.156537   0.843955   0.746357   0.253339   0.967045  -0.025355   246.35        21.16     17        6.88214e+11   -9.63283e+11     0.24566         0.28075        4.52559      0.016912
      2257       2257    38.50871946    21.58687629    25.92826284   162.58     3.09   196.71  9.42526e+08      23.89    25.57       6.26    27.24   0.017597      -0.9946    -0.003729      -0.1035   1.000000  -0.003571   0.866301  -0.499510   0.896415   0.597160   0.402517   0.693816   0.863220   0.802114  -0.295810  -0.518757   221.73        23.87     17        3.49562e+11   -5.65981e+11     0.08947         0.62669        2.47159      0.016909
      2204       2204    38.67363515    21.27980442    26.07482438   254.41   -82.84   -49.54  9.20393e+08      23.65    28.50       5.33    32.66   0.036903       0.7583      -0.5003        0.418   1.000000   0.085838  -0.381148   0.920521   0.834771  -0.679311   0.653477   0.333922   0.802232   0.728813   0.653983   0.202825   223.24        23.64     17        4.91014e+11   -6.41029e+11     0.11426         0.42372        3.70378      0.030078
      2121       2121    38.87994348    21.14095543    26.38368611    99.19   108.32   -87.99  8.85732e+08      23.32    27.06       4.64    27.67   0.008181      -0.5912      -0.0289        0.806   1.000000   0.184989   0.666050   0.722604   0.951312  -0.688256   0.612664  -0.388518   0.871029   0.701486   0.425465  -0.571749   224.04        23.32     17        3.39027e+11   -5.56693e+11     0.19020         0.65946        1.82589      0.008288
      1932       1932    38.06077187    22.14076917    25.84035191   140.51    27.62    64.75  8.06805e+08      22.64    23.76       7.82    24.70   0.033484       0.4235       -0.691      -0.5858   1.000000   0.222807   0.454431   0.862467   0.920473  -0.316534   0.870495  -0.376888   0.832562   0.922043   0.189027  -0.337795   223.23        22.63     16        2.46094e+11    -4.0869e+11     0.21914         0.54561        5.29748      0.031709
      1887       1887    37.99169429    22.24643340    25.78170471   137.22    50.13     5.09  7.88013e+08      22.46    23.41       7.96    25.48   0.031556      -0.4099      -0.3734      -0.8322   1.000000   0.692777  -0.322319  -0.645113   0.861358   0.315552   0.939862  -0.130718   0.787308   0.648450  -0.113008   0.752822   223.31        22.45     16        2.55837e+11   -3.93969e+11     0.22538         1.23254        4.19642      0.028089
      1850       1850    38.69297552    20.82951035    26.66278546   187.44   161.25   -11.22  7.72562e+08      22.30    21.16      17.44    22.22   0.039723      -0.3668      -0.6644      -0.6511   1.000000   0.657371   0.531000  -0.534699   0.817082   0.687061  -0.130877   0.714716   0.682864  -0.309534   0.837204   0.450864   223.67        22.29     16        1.90674e+11   -3.01775e+11     0.07521         2.25866       12.15566      0.032229
      1823       1823    38.24953445    21.94467181    25.43758260    88.43    72.94   109.76  7.61287e+08      22.18    22.29       8.31    22.89   0.035396      -0.5761      -0.1758      -0.7983   1.000000   0.855850   0.036321   0.515947   0.862225   0.288180   0.794865  -0.533987   0.784111  -0.429503   0.605699   0.669818   223.94        22.18     16        1.99505e+11   -3.31426e+11     0.37513         0.58660        5.79780      0.031673
      1751       1751    39.05792965    21.18089983    26.50617659    96.14   122.22   -72.41   7.3122e+08      21.90    24.57       5.53    25.64   0.010899      -0.8754      0.08794      -0.4752   1.000000   0.906565  -0.271427  -0.323213   0.906441   0.137079   0.913624  -0.382755   0.884943   0.399185   0.302687   0.865466   223.37         21.9     16        2.40412e+11   -3.83888e+11     0.16510         0.47990        3.69224      0.010523
      1668       1668    39.21215250    20.50543584    25.84533013   117.27   156.92    27.97  6.96559e+08      21.53    23.07       7.17    23.23   0.046292      -0.3482        0.208      -0.9141   1.000000  -0.260159   0.833174   0.487995   0.958195   0.203440  -0.446754   0.871219   0.836615   0.943891   0.325933  -0.053274   223.96        21.53     16        1.87988e+11   -3.32186e+11     0.23213         0.52294        3.63908      0.046636
      1560       1560    38.71158451    21.25229221    26.16145436     2.12   244.50   -10.88  6.51458e+08       7.55    33.50       5.26    43.41   0.027374      -0.3988     -0.05243      -0.9155   1.000000   0.812726  -0.340989  -0.472444   0.777907   0.323733   0.938453  -0.120430   0.557245   0.484432  -0.055069   0.873094  4857.30       0.3483     16        6.13684e+11   -6.19423e+11     0.09774         0.47579        3.36176      0.003484
      1518       1518    39.14202134    21.00133860    25.73095103    64.04    89.00    58.10  6.33919e+08      20.88    21.02       7.49    22.46   0.059913      -0.5564      -0.2781       -0.783   1.000000   0.768752  -0.575625  -0.278705   0.793154  -0.160503  -0.595484   0.787171   0.707688   0.619079   0.560406   0.550169   223.45        20.87     16        1.59839e+11   -2.52007e+11     0.27598         0.85382        5.14151      0.052217
      1491       1491    39.08776359    20.90297328    25.95473711    89.90   180.56    33.62  6.22643e+08      20.74    22.31       5.12    22.56   0.009274        0.079    -0.003508       0.9969   1.000000   0.654801   0.058449   0.753538   0.874170  -0.339118   0.913733   0.223809   0.836378   0.675451   0.402089  -0.618135   224.02        20.74     16        1.58428e+11   -2.71414e+11     0.08974         0.27157        2.57221      0.009080
      1450       1450    39.01123089    20.91863634    26.03752144    95.95   175.62    71.75  6.05522e+08      20.55    21.76       7.04    22.54   0.039511      -0.8303      -0.5568     -0.02313   1.000000  -0.280327   0.813034  -0.510288   0.914842  -0.144388   0.489839   0.859773   0.801809   0.948983   0.314696  -0.019923   223.88        20.55     16        1.53803e+11   -2.60007e+11     0.21705         0.65776        3.63621      0.038392
      1448       1448    38.46291292    21.65176523    25.77600168   141.28    59.18   165.73  6.04687e+08      20.54    21.46       9.07    23.37   0.041985       0.4781       -0.564       0.6733   1.000000  -0.299229   0.054707   0.952612   0.995395   0.867170  -0.400932   0.295415   0.946175   0.398094   0.914473   0.072531   224.00        20.54     16        1.65169e+11   -2.53329e+11     0.03183         0.43345        2.68967      0.037208
      1408       1408    38.65634518    21.34079775    26.03972813   -16.40    29.20  -256.79  5.87982e+08      15.28    25.23       6.16    29.76   0.035576      -0.4336       -0.893      -0.1209   1.000000   0.545365  -0.418640   0.726166   0.938906  -0.014555   0.861481   0.507581   0.804164   0.838072   0.287386  -0.463728   529.05        6.471     16        2.60432e+11    -3.3452e+11     0.24299         0.42154        4.40624      0.025637
      1398       1398    38.94428717    20.95507645    26.49687203   152.99   192.01   -12.37  5.83806e+08      20.31    20.14      11.86    21.63   0.009060       0.6758       -0.727       0.1216   1.000000   0.910744  -0.356699   0.208114   0.792437  -0.253622  -0.085398   0.963526   0.758063   0.325916   0.930308   0.168243   223.78         20.3     16        1.36603e+11    -2.1911e+11     0.11719         1.24496        3.56715      0.008000
      1361       1361    38.72024839    21.39966887    26.19956274   233.26   129.75   148.22  5.68355e+08      20.15    20.13      10.95    25.82   0.050948      -0.4213       0.8226      -0.3819   1.000000  -0.152486   0.158891   0.975450   0.948321   0.814785  -0.538396   0.215069   0.791037   0.559350   0.827577  -0.047364   222.90        20.14     15        1.89393e+11   -2.19452e+11     0.09687         0.73186        7.01494      0.027785
      1316       1316    38.85872223    21.19019266    26.19211244     3.92   213.92    49.91  5.49563e+08      19.90    21.36       4.35    22.35   0.053727      -0.4566       -0.503       0.7338   1.000000   0.572499  -0.447067   0.687296   0.940202  -0.146792   0.768830   0.622377   0.821966   0.806658   0.457200  -0.374529   223.76         19.9     15        1.37276e+11   -2.26125e+11     0.37531         0.32320        2.99520      0.051772
      1277       1277    38.10196852    22.02894249    25.81882694   137.00    80.56     9.56  5.33277e+08      19.29    17.84      14.70    25.17   0.066458       0.6349     -0.08106       0.7683   1.000000   0.119763  -0.601329   0.789975   0.885128   0.974436   0.223543   0.022434   0.704444  -0.190083   0.767093   0.612728   238.52        18.12     15         1.6887e+11   -1.54783e+11     0.25565         2.11669       16.99327      0.025870
      1274       1274    38.35422091    21.79700825    25.86609103   152.27     1.90    72.60  5.32024e+08      19.68    20.82       6.47    22.03   0.008462      -0.6254      -0.7244       0.2902   1.000000   0.184263   0.340784   0.921908   0.913780   0.946332   0.191881  -0.260073   0.823566  -0.265525   0.920352  -0.287138   224.02        19.68     15        1.29063e+11   -2.03866e+11     0.19450         0.54940        4.30206      0.007685
      1273       1273    38.45004541    21.42272101    25.94975816   -85.46    26.98    52.87  5.31606e+08      19.67    21.42       5.27    25.86   0.029636      -0.6343      -0.6438       0.4279   1.000000  -0.048510  -0.277483   0.959505   0.762130   0.995752  -0.088707   0.024689   0.694407   0.078264   0.956627   0.280607   224.07        19.67     15        1.77809e+11   -2.21681e+11     0.17363         0.59559        3.57624      0.020626
      1267       1267    38.50666304    21.61045760    26.05286193   209.52   -10.03   161.49  5.29101e+08      19.67    20.02       7.78    22.67   0.040072       0.5478      -0.4946       0.6748   1.000000  -0.488173   0.870381   0.064219   0.795253  -0.155613  -0.159210   0.974903   0.729727   0.858761   0.465929   0.213165   223.10        19.66     15        1.35913e+11   -1.92361e+11     0.47639         1.14232        4.38446      0.031783
      1246       1246    38.49831703    21.43990237    25.66764752   165.34   154.83   117.15  5.20331e+08      19.54    18.69       7.80    22.06   0.031695       0.4027       0.5632       0.7216   1.000000   0.578889   0.571096  -0.582011   0.925985  -0.797061   0.546877  -0.256163   0.746509   0.171995   0.612188   0.771779   223.98        19.53     15        1.26591e+11   -1.64802e+11     0.46114         1.55419        5.56676      0.020959
      1164       1164    38.98070167    21.01152328    26.07580615    81.77   186.76    69.18  4.86088e+08      19.13    20.76       5.63    21.27   0.023697      -0.5562      -0.2249          0.8   1.000000  -0.174661   0.952401  -0.249853   0.918974  -0.170634   0.220636   0.960314   0.757507   0.969731   0.210363   0.123975   222.83        19.12     15        1.09922e+11   -1.83374e+11     0.30183         0.64548        2.41237      0.023014
      1157       1157    38.92685297    20.73584350    25.65445918   133.84   156.76    52.26  4.83165e+08      19.06    19.62       6.84    19.91   0.026467      -0.9807      0.05097       -0.189   1.000000   0.844754  -0.448667   0.291699   0.901170   0.497493   0.859253  -0.119099   0.790098  -0.197207   0.245728   0.949066   223.99        19.06     15        9.58056e+10    -1.6712e+11     0.12575         0.97939        2.81007      0.025433
      1139       1139    38.28535406    21.65082439    25.51757248   144.25   110.30   117.81  4.75648e+08      19.05    20.74       4.75    21.05   0.026955      -0.1526       0.4064       0.9009   1.000000   0.317133   0.040281   0.947525   0.962723   0.552434   0.804250  -0.219088   0.814666   0.770872  -0.592925  -0.232802   220.72        19.02     15          1.054e+11   -1.77873e+11     0.27874         0.52051        3.16387      0.026520
      1085       1085    38.94130904    21.29279139    26.32928838   164.06   150.95   -75.03  4.53097e+08      18.67    19.68       4.33    23.38   0.087955      -0.1447       0.6163      -0.7741   1.000000   0.816119  -0.577380   0.024140   0.863200   0.507571   0.696223  -0.507588   0.735770   0.276264   0.426505   0.861262   223.49        18.66     15         1.2382e+11   -1.61772e+11     0.21606         1.41985        2.37547      0.065073
      1070       1070    39.21690345    20.44414477    25.83863237   114.13   165.51    32.52  4.46833e+08      18.57    18.06      11.33    19.60   0.022141      -0.7438      -0.3387      -0.5762   1.000000  -0.452751   0.872336  -0.184515   0.833823   0.313035   0.349278   0.883184   0.761095   0.834880   0.342103  -0.431208   223.98        18.57     15         8.5857e+10   -1.34086e+11     0.24780         1.67559        4.80394      0.018675
      1059       1059    38.52310320    21.40194461    26.00756634   308.78   -13.62    82.08   4.4224e+08      14.08    26.22       3.19    26.18   0.027107     -0.00674      -0.3841      -0.9232   1.000000   0.981147   0.079124   0.176325   0.941456   0.011472   0.886900  -0.461820   0.790630  -0.192924   0.455136   0.869271   508.97        6.197     15        1.51518e+11   -2.54396e+11     0.27283         0.31895        2.21419      0.029375
      1048       1048    38.60880503    21.36971939    26.03111928   164.06   -24.80    27.21  4.37646e+08      18.61    26.03       4.43    34.95   0.014599      -0.7665      -0.5511       0.3297   1.000000   0.717475   0.677927   0.160140   0.972581   0.656094  -0.734907   0.171614   0.871248  -0.234030   0.018062   0.972062   217.99        18.58     15        2.67254e+11   -2.61058e+11     0.18800         0.36308        1.64179      0.004511
      1017       1017    38.18213579    22.08090306    25.32152635    93.00    85.52   102.47    4.247e+08      18.26    18.67       8.29    19.90   0.013206       0.5067       0.4256       0.7498   1.000000  -0.009050  -0.333801   0.942600   0.932124   0.864699   0.470809   0.175029   0.832817  -0.502209   0.816649   0.284376   224.06        18.26     15        8.40965e+10   -1.36797e+11     0.29925         0.88685        1.96421      0.012146
       976        976    38.13505134    21.26635161    26.51509930   183.08   131.63   -32.11  4.07579e+08      18.02    17.25       9.23    19.95   0.022075      -0.7503        0.636      -0.1805   1.000000   0.753892   0.283528   0.592671   0.760758  -0.629492   0.053433   0.775167   0.683558  -0.188113   0.957474  -0.218762   223.44        18.02     15        8.10958e+10   -1.07901e+11     0.25692         0.87504        5.31972      0.014993
       968        968    38.09342747    22.04898710    25.78698545    78.89    60.51   105.14  4.04238e+08       7.85    27.03       5.15    32.92   0.041834      -0.2337      -0.9711     -0.04962   1.000000   0.774760  -0.005727  -0.632230   0.848916  -0.385031   0.788880  -0.478978   0.837316   0.501497   0.614521   0.608987  2684.33       0.6551     15         2.1901e+11   -2.50705e+11     0.30496         0.56878        3.78098      0.020555
       965        965    38.66373333    21.22379918    25.86395272   161.19   265.10    80.27  4.02985e+08      18.01    18.89       7.70    19.59   0.032862      -0.8973      -0.2737      -0.3464   1.000000  -0.036286   0.999304  -0.008684   0.865276  -0.122303   0.004184   0.992484   0.845819   0.991829   0.037075   0.122066   221.23        17.99     15        7.73027e+10   -1.31482e+11     0.20026         0.76735        3.83083      0.032084
       941        941    38.55937381    21.39601714    25.86069050   136.93    -7.22   -42.87  3.92963e+08      17.96    26.89       2.55    25.09   0.008320      -0.4809       0.4636      -0.7442   1.000000  -0.048154   0.101706   0.993648   0.878081   0.863088  -0.496483   0.092645   0.765038   0.502752   0.862068  -0.063873   217.59        17.93     14        1.23673e+11   -2.23928e+11     0.11948         0.39711        2.19233      0.011316
       919        919    38.95615739    21.11880063    26.04539124    47.77   200.65    55.17  3.83775e+08      17.66    17.86       7.70    18.48   0.020179       0.3766       0.1846       0.9078   1.000000   0.735403  -0.657177   0.165228   0.899436  -0.068702   0.170267   0.983000   0.823756   0.674138   0.734253  -0.080066   223.71        17.65     14        6.55124e+10   -1.10368e+11     0.24976         0.80332        3.89174      0.018636
       917        917    38.59136200    21.35138301    26.15461534   194.73   -17.45  -153.72   3.8294e+08      17.66    22.29       4.49    21.88   0.009127     -0.04053      -0.9429      -0.3305   1.000000  -0.304197  -0.168895   0.937517   0.908465  -0.486876   0.873471  -0.000621   0.846725   0.818789   0.456644   0.347938   223.15        17.65     14        9.16608e+10    -1.6729e+11     0.17473         0.35755        2.28393      0.010970
       887        887    38.58443621    21.38992078    26.06282219   419.49   139.49   -27.52  3.70412e+08       8.94    27.32       2.95    28.40   0.014451        0.172      -0.1726       0.9699   1.000000   0.699375  -0.282113  -0.656724   0.898489  -0.076798   0.883831  -0.461459   0.839987   0.710617   0.373168   0.596464  1666.16        1.202     14        1.49381e+11   -2.40098e+11     0.08620         0.29997        1.96156      0.013988
       871        871    38.03364571    22.01959095    25.91499928   209.48   127.92   -12.67  3.63731e+08      17.36    17.32       9.73    18.62   0.030621      -0.9716      -0.1179        0.205   1.000000  -0.688556   0.707556  -0.158918   0.966871   0.090466   0.301239   0.949248   0.867542   0.719518   0.639234  -0.271430   223.06        17.35     14        6.30782e+10   -1.00697e+11     0.15968         0.36124        4.77081      0.027095
       838        838    38.68650338    21.34310057    26.21841126   187.67   100.24   217.26   3.4995e+08      18.53    20.04       3.38    23.23   0.030296      -0.6843       0.3105       0.6598   1.000000  -0.380672   0.885894  -0.265105   0.894560   0.801434   0.459090   0.383326   0.837094  -0.461294   0.066543   0.884749   176.59        18.12     14        9.44529e+10   -1.19743e+11     0.27564         0.14132        2.22716      0.023600
       828        828    39.07647772    21.04322484    26.34893344   117.77   186.08    -1.15  3.45774e+08      17.05    16.09      13.25    18.25   0.080016       0.9799     -0.02093       0.1982   1.000000  -0.389499   0.800558   0.455408   0.882164   0.085962  -0.460700   0.883383   0.707793   0.917006   0.383225   0.110625   223.89        17.05     14        5.75747e+10   -8.20974e+10     0.28889         1.30125        3.34234      0.059592
       766        766    38.99346075    21.08055928    26.08071088    56.27   174.13    59.80  3.19883e+08      16.61    17.22       2.92    18.21   0.013342       -0.605       -0.604       0.5188   1.000000  -0.314033   0.358910   0.878958   0.937753  -0.035773   0.920661  -0.388720   0.769780   0.948738   0.153513   0.276279   224.06        16.61     14         5.3026e+10   -8.47216e+10     0.39867         0.08292        2.02982      0.012052
       751        751    38.35488607    21.81152311    25.55226151   125.10    96.17   119.46  3.13618e+08      16.54    18.30       5.37    19.25   0.021670       0.8393      -0.4794       0.2565   1.000000   0.343872   0.626525   0.699442   0.892014  -0.414278   0.769679  -0.485765   0.852415   0.842689   0.122723  -0.524227   222.27        16.53     14        5.81135e+10   -9.51847e+10     0.17015         0.85229        1.53176      0.021550
       750        750    38.53340952    21.26513025    26.05487821   254.48   -72.73    96.06  3.13201e+08      16.50    16.93       7.48    19.62   0.069806       0.8059       0.5826      -0.1053   1.000000   0.505538   0.780536   0.367687   0.884669   0.799850  -0.264170  -0.538937   0.784537   0.323528  -0.566548   0.757860   223.77         16.5     14          6.026e+10   -8.13883e+10     0.09927         0.42505        3.89946      0.052408
       750        750    38.68316267    21.38214927    26.01228587   -15.21    36.19  -139.15  3.13201e+08      15.07    22.47       3.75    22.81   0.015984       0.2251       0.2187      -0.9495   1.000000   0.949140  -0.059930   0.309099   0.837299  -0.305314  -0.415023   0.857053   0.741926  -0.076920   0.907835   0.412212   293.67         11.5     14         8.1457e+10   -1.35754e+11     0.20555         0.27816        2.49675      0.018385
       736        736    39.20286625    20.90602226    26.46805693    90.37   133.04    -9.68  3.07354e+08      16.46    18.68       3.73    19.69   0.039303       0.9867       0.1616      0.01848   1.000000  -0.134630   0.071709   0.988298   0.899586   0.345480   0.938191  -0.021011   0.860352   0.928719  -0.338608   0.151082   221.28        16.44     14        5.95919e+10   -9.26296e+10     0.24264         0.42290        3.24823      0.037552
       721        721    38.21507352    22.09936769    25.30230044    92.22    80.97   109.09   3.0109e+08      16.29    15.71      10.60    16.83   0.023968       0.5342     -0.01832       0.8451   1.000000   0.109746  -0.561015   0.820499   0.936120   0.974767  -0.100687  -0.199225   0.868913   0.194382   0.821659   0.535809   223.42        16.29     14        4.26572e+10   -6.62441e+10     0.65960         0.74316        4.05443      0.019653
       691        691    38.64492012    21.40933180    26.08107990    67.05    61.05    -3.75  2.88562e+08      12.63    19.39       4.27    21.98   0.032768     0.008271     -0.05957       0.9982   1.000000   0.800495  -0.163479   0.576613   0.857805   0.034304   0.973001   0.228238   0.689383  -0.598357  -0.162923   0.784490   459.64        6.157     14        6.97105e+10   -9.50418e+10     0.24876         1.21303        2.86493      0.025580
       683        683    38.57886857    21.39620600    26.00235797   158.72   134.84   100.19  2.85222e+08      16.25    18.13       2.68    24.98   0.035665       0.5764       0.5018       -0.645   1.000000   0.427198   0.624189   0.654132   0.950265  -0.655181   0.712278  -0.251790   0.806805  -0.623089  -0.321010   0.713241   213.34        16.17     14        8.89794e+10   -8.17296e+10     0.07517         0.35245        1.83973      0.017092
       681        681    38.39719998    21.39078675    25.84551893    73.40    -3.66   185.00  2.84386e+08      16.11    15.82       8.37    16.60   0.014773      0.06024      -0.9939      -0.0919   1.000000   0.150840   0.846237  -0.511010   0.986101   0.722875   0.258183   0.640931   0.891278   0.674314  -0.466074  -0.572779   218.46        16.05     14        3.91722e+10   -6.51577e+10     0.26328         0.78604        3.92302      0.013383
       665        665    38.84202472    21.29586335    25.63780795    19.92    67.48    85.67  2.77705e+08      13.99    18.17       3.84    22.70   0.049121      -0.5083       0.3192       0.7998   1.000000   0.921529   0.287349   0.261178   0.730691  -0.198192   0.926456  -0.319999   0.596696  -0.333921   0.243125   0.910707   325.35        9.636     14          7.158e+10   -8.19444e+10     0.26631         0.87301        2.02564      0.026826
       660        660    38.81990281    20.86280207    26.69788247   167.20   162.01   -17.78  2.75617e+08      15.89    15.95       5.68    17.26   0.046075      -0.3455       0.7394      -0.5779   1.000000   0.542919   0.411103   0.732279   0.879773   0.812406  -0.036272  -0.581962   0.821360  -0.212685   0.910867  -0.353676   220.37        15.86     13        4.10704e+10   -6.41421e+10     0.39511         0.53595        2.32783      0.040313
       658        658    38.78936706    20.86064634    26.71555725   159.92   160.26   -30.59  2.74782e+08      15.82    16.28       4.87    18.26   0.074822       -0.782      0.06503       0.6199   1.000000   0.053974  -0.693841   0.718102   0.829009   0.651693   0.569352   0.501133   0.791090   0.756560  -0.440934  -0.482902   222.87        15.81     13        4.57881e+10   -6.53573e+10     0.17932         1.06189        3.16348      0.060332
       647        647    38.50172289    21.13537431    25.62476445   127.07   183.48    73.60  2.70188e+08      15.73    17.66       4.00    17.48   0.014495     -0.09347       -0.993     -0.07206   1.000000   0.035394   0.219180   0.975042   0.998446   0.446776   0.869258  -0.211619   0.899473   0.893945  -0.443116   0.067158   222.67        15.72     13        4.12687e+10   -7.26029e+10     0.32676         0.43220        2.67330      0.015001
       638        638    39.04823081    20.86258160    26.09094492    47.09   137.39    39.68   2.6643e+08      15.67    14.69      12.13    16.93   0.017698       0.9076      -0.3778        0.183   1.000000   0.003821   0.557177   0.830385   0.933721  -0.866975   0.415663  -0.274915   0.886461   0.498337   0.718872  -0.484647   222.27        15.65     13        3.81925e+10   -5.32834e+10     0.47929         0.32887        3.86095      0.012864
       616        616    38.20347237    21.63611539    25.70890278   126.52    27.13    80.24  2.57242e+08      15.45    16.63       6.09    16.79   0.014679     -0.03807      -0.1637       0.9858   1.000000   0.999220  -0.027721   0.028126   0.914084  -0.039259  -0.620354   0.783339   0.835148   0.004267   0.783832   0.620958   223.82        15.45     13        3.62637e+10   -6.33127e+10     0.22074         0.77015        2.07885      0.014691
       615        615    38.26683580    21.94144709    25.45642517    78.58    83.91    99.60  2.56825e+08      15.48    16.36       4.74    17.81   0.023138      -0.9861      -0.1537      0.06302   1.000000   0.588638  -0.408291   0.697713   0.815999  -0.304445   0.687574   0.659209   0.770822   0.748878   0.600450  -0.280430   222.18        15.47     13        4.07482e+10   -6.11072e+10     0.14394         0.58694        3.07028      0.020143
       611        611    37.95483507    22.28466405    25.79467863   133.98    52.89   -13.08  2.55154e+08      15.45    16.17       3.27    16.80   0.066545      -0.9675      -0.1813      -0.1763   1.000000  -0.337962   0.835097  -0.434044   0.836379  -0.188635   0.391718   0.900541   0.789604   0.922062   0.386224   0.025143   222.07        15.44     13        3.60167e+10   -6.02407e+10     0.10761         0.62360        2.07784      0.063540
       610        610    38.79714561    21.37117103    26.16078469   140.29   225.19  -136.63  2.54737e+08      15.43    15.54       6.55    17.03   0.010284      -0.1583    -0.009937       0.9873   1.000000   0.399031  -0.099470   0.911526   0.802746   0.890463  -0.195120  -0.411102   0.724835   0.218749   0.975722   0.010716   222.43        15.42     13        3.69469e+10    -5.5349e+10     0.18191         0.78442        5.73621      0.008568
       605        605    38.67672718    21.44657254    25.88072405   124.43    44.99    94.45  2.52649e+08      15.38    17.85       4.01    17.42   0.029294       -0.587       0.2552       0.7683   1.000000   0.818902   0.372865  -0.436317   0.880573  -0.569436   0.622827  -0.536496   0.753502   0.071710   0.687792   0.722357   222.86        15.37     13        3.83282e+10   -6.89206e+10     0.24291         0.36372        2.70206      0.031674
       597        597    38.78915952    21.03045132    26.22562514    43.24   177.19   -24.22  2.49308e+08      15.29    15.09       8.48    17.18   0.097318       0.6628       -0.248       0.7065   1.000000   0.688299   0.340909  -0.640332   0.832384  -0.225653   0.939523   0.257639   0.685511   0.689438  -0.032840   0.723600   224.00        15.29     13        3.67864e+10   -5.31659e+10     0.21542         1.95137        3.05351      0.077788
       594        594    39.03947616    20.76985654    25.83247641   143.43   180.43    23.93  2.48055e+08      15.27    15.60       5.55    17.82   0.067952      -0.9851        0.108      -0.1337   1.000000   0.780003  -0.573004  -0.251518   0.980861   0.614108   0.778161   0.131669   0.906122   0.120274  -0.257162   0.958855   223.54        15.27     13        3.94004e+10   -5.28539e+10     0.31666         0.66596        3.82295      0.049450
       574        574    38.34259083    21.57165939    25.97966955   198.36    22.59   132.96  2.39703e+08      15.12    15.33       7.49    16.02   0.027588       0.2604       0.8691       0.4205   1.000000   0.313833  -0.013052   0.949389   0.929635   0.915920  -0.259327  -0.306334   0.793945   0.250200   0.965701  -0.069431   222.41        15.11     13        3.07471e+10   -4.92638e+10     0.58365         0.89558        6.71210      0.024255
       562        562    38.02079956    21.78681218    25.50369947    37.30    35.35    32.95  2.34692e+08      14.98    15.61       3.70    16.90   0.051466      -0.1374      -0.8719        -0.47   1.000000   0.973860  -0.220935   0.052770   0.891991  -0.042867   0.049386   0.997859   0.774201   0.223068   0.974037  -0.038624   223.88        14.98     13        3.35086e+10   -5.08812e+10     0.29219         0.40338        2.45898      0.044558
