#  npart(1)  nvpart(2)      Xc(3)          Yc(4)          Zc(5)      VXc(6)   VYc(7)   VZc(8)    Mvir(9)      Rvir(10) Vmax(11)   Rmax(12) sigV(13) lambda(14)      Lx(15)       Ly(16)       Lz(17)     a(18)     Eax(19)    Eay(20)    Eaz(21)     b(22)     Ebx(23)    Eby(24)    Ebz(25)     c(26)     Ecx(27)    Ecy(28)    Ecz(29) ovdens(30)    Redge(31) nbins(32)     Ekin(33)       Epot(34)   mbp_offset(35)  com_offset(36)   r2(37)      lambdaE(38)
   2324722    2324722    39.91130793    22.51330891    26.25104050   104.94    87.85    21.01  9.70807e+11     208.06   190.93      41.96   194.64   0.039856      0.01416       0.6193        0.785   1.000000   0.976982  -0.093814  -0.191587   0.908132   0.208013   0.219818   0.953106   0.814944   0.047301   0.971020  -0.234273   345.96        208.1     35        1.83891e+16   -3.08547e+16     0.05686         2.30307       15.08698      0.043974
     51573      51573    39.97566344    22.50005549    26.24454396   314.28   143.69   -57.33  2.15369e+10      45.66    58.54      15.88    86.92   0.072834      -0.4658       0.3454       0.8147   1.000000   0.060057   0.752066  -0.656346   0.830806   0.992415  -0.115642  -0.041699   0.788154   0.107261   0.648863   0.753307   726.11        21.76     25        8.13504e+13   -7.00244e+13     0.05628         1.42805        2.21203      0.051149
     42955      42955    39.89644904    22.49911084    26.29044885   418.77    97.94     7.20  1.79381e+10      31.07    65.04       9.72    74.37   0.045735      -0.9687        0.198      -0.1498   1.000000   0.790467   0.042588  -0.611023   0.912764  -0.192038   0.964513  -0.181209   0.824287   0.581622   0.260579   0.770594  1919.21        5.601     25        4.96059e+13   -7.03774e+13     0.08280         0.22518        3.43968      0.043080
     14454      14454    39.98188353    22.56137624    26.26358112     4.82     5.74    26.38  6.03601e+09      38.37    55.03       2.60    52.48   0.041803       -0.525      -0.3267      -0.7859   1.000000   0.693531   0.707953   0.133478   0.814004   0.701899  -0.705745   0.096235   0.764017  -0.162331  -0.026946   0.986368   342.83        38.35     22        8.31262e+12   -1.37994e+13     0.09005         1.08600        1.75503      0.066837
      4566       4566    40.00629065    22.43249267    26.18667740   140.57    69.66  -112.54  1.90677e+09      26.08    26.18       3.12    27.75   0.017441       0.8974    -0.007133      -0.4412   1.000000  -0.504239   0.860774  -0.069358   0.863820   0.858857   0.491496  -0.144210   0.754642   0.090043   0.132285   0.987113   344.99        26.07     19         7.3417e+11   -1.04489e+12     0.14459         0.29668        2.11202      0.017318
      4532       4532    40.17380163    22.44913003    26.20054402   -24.13   168.88    39.90  1.89257e+09      26.02    26.98       2.72    25.08   0.028564      -0.5338       0.8182       0.2136   1.000000   0.441164  -0.483556   0.756008   0.938629   0.085016   0.861148   0.501195   0.859601   0.893390   0.156836  -0.421018   344.65        26.02     19        5.95011e+11   -1.08788e+12     0.06362         1.58402        1.35609      0.035951
      4476       4476    40.06743632    22.60149222    26.19704630   -71.08    62.27   -41.35  1.86918e+09      25.90    22.44       3.84    22.83   0.049185      -0.9528      -0.2273       -0.201   1.000000   0.967670   0.158938  -0.195842   0.915642   0.038042   0.675617   0.736271   0.848332  -0.249336   0.719917  -0.647727   345.27         25.9     19        4.86977e+11   -8.22251e+11     0.11053         1.22331        1.96055      0.051573
      3192       3192    39.95887904    22.39460506    26.21099788   109.60   -38.28   -39.83  1.33298e+09      23.14    26.69       1.94    26.52   0.009348      -0.3035       0.8439      -0.4424   1.000000  -0.054565   0.936354   0.346791   0.862613   0.339216  -0.309269   0.888417   0.837343   0.939124   0.166114  -0.300751   345.27        23.14     18         4.6873e+11   -6.84843e+11     0.13046         0.38680        1.29348      0.010430
      2046       2046    39.95350552    22.50491005    26.22800977    97.91  -157.09  -114.20  8.54412e+08       7.23    29.31       2.67    29.80   0.019749        0.915      0.05128      -0.4003   1.000000   0.871687   0.455433  -0.180950   0.877242  -0.008835   0.383781   0.923382   0.805269  -0.489984   0.803301  -0.338561  7248.67       0.3452     17        3.79287e+11    -6.3119e+11     0.08240         0.08482        1.44304      0.020750
      1799       1799    40.00682887    22.47207505    26.21818775   195.55    87.13  -127.16  7.51265e+08      18.72    20.28       2.82    23.27   0.021469       0.4733       0.6077       0.6377   1.000000   0.848016  -0.481451   0.221527   0.886498   0.400327   0.855836   0.327542   0.859187  -0.347286  -0.189078   0.918500   367.37        17.63     16        2.03458e+11   -2.69857e+11     0.18388         0.44075        1.44914      0.021192
      1622       1622    39.87051813    22.54034509    26.34503258   -20.10   123.13   -50.81  6.77349e+08      13.63    27.63       1.82    25.79   0.007841      -0.8162      -0.3032      -0.4919   1.000000   0.039933  -0.000877   0.999202   0.873750   0.805264  -0.592013  -0.032702   0.751965   0.591569   0.805928  -0.022935   859.04        5.488     16        2.25179e+11   -4.30873e+11     0.04861         0.25361        1.56152      0.012890
      1619       1619    39.96728478    22.59463686    26.33138118    99.55   245.42    81.76  6.76096e+08      19.61    21.34       1.32    21.90   0.033236      -0.4141      -0.4068       0.8143   1.000000   0.823532   0.154115   0.545934   0.949452  -0.562651   0.099359   0.820702   0.756350  -0.072239   0.983044  -0.168538   287.72        19.36     16        1.62137e+11   -2.34773e+11     0.12990         0.16864        1.14836      0.039021
      1326       1326    39.87814498    22.51895689    26.21745810  -138.23   195.55   143.55  5.53739e+08       5.34    28.14       1.66    27.65   0.015813      -0.3301       0.8952      -0.2995   1.000000   0.460996   0.064320   0.885068   0.864258   0.884892   0.041652  -0.463931   0.829612  -0.066704   0.997060  -0.037715 11646.28       0.1587     15        2.11598e+11   -3.66087e+11     0.09284         0.02765        1.17407      0.017257
      1247       1247    39.93254840    22.30926279    26.35582898   150.31   166.15    31.18  5.20749e+08      16.94    19.00       2.87    17.44   0.010248      0.05678      -0.3973       0.9159   1.000000  -0.273168   0.927104  -0.256627   0.938669   0.710397   0.374297   0.596018   0.881357  -0.648625   0.019494   0.760858   343.60        16.94     15        7.92067e+10   -1.52947e+11     0.16716         0.67614        2.50699      0.014629
      1111       1111    39.93159296    22.49603573    26.22188709   -84.64   219.61   -71.53  4.63955e+08       8.60    28.25       1.30    26.77   0.007303       0.6329        0.489      -0.6003   1.000000  -0.550727   0.647826   0.526328   0.852220   0.283050  -0.448259   0.847907   0.767086   0.785227   0.615943   0.063501  2344.65        1.268     15        1.66224e+11   -3.11884e+11     0.07454         0.33616        1.12495      0.011714
      1106       1106    39.99498976    22.61362481    26.07107547    89.67    -2.04    57.82  4.61867e+08      16.35    19.33       2.28    17.53   0.021139       -0.755        0.451      -0.4761   1.000000   0.223571   0.926765  -0.301865   0.947159  -0.359772   0.366300   0.858131   0.934106   0.905859  -0.083251   0.415318   338.85        16.34     15         7.0938e+10   -1.41483e+11     0.09548         0.20289        1.96320      0.032697
      1042       1042    39.78348104    22.49908265    26.02568992   151.28    -4.36   125.15   4.3514e+08      16.15    17.26       2.31    16.15   0.017895      -0.7037       0.3327      -0.6278   1.000000  -0.510625   0.642038  -0.571882   0.915662   0.175798   0.729041   0.661509   0.900662   0.841640   0.237247  -0.485136   331.32        16.11     15        5.67626e+10     -1.069e+11     0.08206         0.33432        1.44027      0.024616
       989        989    39.82975540    22.47236853    26.39867114   -58.01    62.96   -32.47  4.13008e+08      15.92    15.07       2.68    14.88   0.068065       0.3813       0.3829       0.8414   1.000000  -0.155726  -0.522020   0.838597   0.836088   0.980493  -0.184757   0.067067   0.790615   0.119927   0.832683   0.540608   328.64        15.86     15        4.57255e+10   -7.80668e+10     0.14217         0.31927        1.73406      0.078646
       934        934    39.97325519    22.51179343    26.22998946   270.24   122.75  -101.21   3.9004e+08      10.82    20.16       1.31    23.24   0.055764      -0.9532       0.1136      -0.2802   1.000000   0.061735  -0.677133   0.733266   0.788734   0.968624  -0.136556  -0.207652   0.702200   0.240740   0.723079   0.647458   988.40        3.787     14        1.05298e+11   -1.27962e+11     0.06351         0.47925        0.84256      0.047086
       913        913    39.90117667    22.52305293    26.32213752   189.26   187.30    35.35   3.8127e+08       9.07    21.40       2.21    19.81   0.011185      -0.7093       0.7049     0.004671   1.000000  -0.488397  -0.345985   0.801101   0.816343   0.786304   0.223616   0.575953   0.721609  -0.378410   0.911203   0.162836  1639.59        1.914     14        7.47773e+10    -1.4677e+11     0.11124         0.23178        1.45766      0.015767
       910        910    39.89641414    22.56331815    26.27946199   -77.31    70.12    28.54  3.80017e+08       8.17    27.32       1.07    24.50   0.012670      0.01348     -0.01672       0.9998   1.000000   0.168318   0.949741   0.263934   0.780304   0.968491  -0.109476  -0.223696   0.739157   0.183559  -0.293270   0.938242  2236.12        1.264     14        1.14013e+11   -2.32643e+11     0.03525         0.05632        0.93831      0.021831
       910        910    39.83316922    22.53587697    26.20337569   152.18    37.38   192.59  3.80017e+08       9.43    24.57       1.30    22.39   0.008896       0.3826      -0.8485       0.3655   1.000000   0.586481  -0.411641   0.697561   0.858919   0.801292   0.420553  -0.425519   0.784174  -0.118201   0.808509   0.576491  1454.20        2.244     14        9.52574e+10    -1.8539e+11     0.07188         0.07873        0.80222      0.014355
       861        861    39.87843872    22.45283195    26.11275130   181.29   115.99    80.22  3.59555e+08      14.95    18.07       2.16    16.49   0.004399      -0.4661        0.843      -0.2686   1.000000   0.395926  -0.056078   0.916569   0.854368   0.912283  -0.089890  -0.399574   0.836161   0.104797   0.994372   0.015569   345.19        14.95     14        4.88676e+10   -9.31586e+10     0.09228         0.41691        1.34547      0.006622
       781        781    39.87536169    22.57268928    26.31876190  -108.54   119.70   -27.74  3.26147e+08       8.40    19.96       1.49    18.30   0.015611      -0.5745      -0.4321       0.6951   1.000000   0.057642   0.630507   0.774040   0.902661  -0.831061   0.459920  -0.312748   0.847596   0.553186   0.625247  -0.550500  1768.70        1.642     14        5.46063e+10   -1.08575e+11     0.13316         0.21499        1.30028      0.021430
       781        781    40.00266550    22.50524192    26.33976324   157.51   102.95   146.78  3.26147e+08      14.48    15.23       2.09    15.92   0.006935      0.02983       0.9464      -0.3217   1.000000   0.559758   0.080494   0.824737   0.750774   0.660398   0.557855  -0.502666   0.694583  -0.500545   0.826026   0.259106   344.93        14.47     14        4.13116e+10   -5.71402e+10     0.24618         0.77802        1.39447      0.006770
       748        748    40.14144628    22.48282693    26.21171979   -14.15   176.19    83.27  3.12366e+08      14.27    11.99       3.29    12.04   0.063191      -0.4448        0.811       0.3802   1.000000  -0.208310  -0.175224   0.962239   0.950158   0.910634  -0.393713   0.125443   0.803359   0.356865   0.902378   0.241579   345.12        14.27     14        2.26339e+10   -3.93434e+10     0.15409         0.76428        1.59348      0.065698
       744        744    39.98009027    22.57333281    26.26492361    50.48    26.78    -4.60  3.10695e+08       7.17    23.02       1.42    21.67   0.014943      -0.8789        0.355      -0.3186   1.000000   0.828559   0.551053  -0.099151   0.953995  -0.543841   0.834182   0.091524   0.814064   0.133144  -0.021910   0.990854  2710.08       0.9148     14        7.29656e+10   -1.33584e+11     0.07600         0.09081        0.95411      0.021083
       704        704    39.97841797    22.52987646    26.27045803   253.14   207.98   -85.29  2.93991e+08       7.63    18.55       1.76    19.04   0.007250      -0.7345       0.5347       0.4178   1.000000   0.664306  -0.148887   0.732483   0.856600   0.733631  -0.057763  -0.677088   0.815928   0.143120   0.987166   0.070856  2121.37        1.245     14        5.32742e+10   -8.57956e+10     0.07625         0.12509        1.14242      0.008172
       671        671    39.91298572    22.50171806    26.35065406   187.24   -40.15    82.61   2.8021e+08      10.90    18.78       1.43    17.52   0.034357       0.6935       0.5516       0.4635   1.000000  -0.361322   0.306640   0.880578   0.723226   0.803269  -0.377203   0.460952   0.677404   0.473503   0.873894  -0.110022   695.25        5.422     14        4.30019e+10   -7.93889e+10     0.06022         0.25176        0.87576      0.051347
       655        655    39.95573884    22.57549835    26.03948915    14.99   128.28    90.18  2.73529e+08      13.69    18.40       1.18    16.28   0.015678     -0.03613       0.9716       0.2338   1.000000  -0.414165  -0.208564   0.885984   0.852365  -0.266523   0.958517   0.101049   0.753410   0.870306   0.194284   0.452571   342.47        13.68     13         3.6241e+10    -7.0523e+10     0.11042         0.15064        1.00129      0.026112
       615        615    39.97996802    22.42277514    26.05087705   110.55    90.08    77.72  2.56825e+08      13.39    16.88       1.42    15.15   0.013622       0.1293       0.9652       0.2272   1.000000  -0.009791   0.033168   0.999402   0.966621  -0.518988   0.854128  -0.033431   0.883875   0.854725   0.519005  -0.008851   343.21        13.39     13        2.94621e+10   -5.69212e+10     0.11953         0.31244        1.22855      0.021393
       608        608    39.80716265    22.45168059    26.22669091   299.01     5.94   149.17  2.53902e+08      10.59    16.23       1.21    14.98   0.035008      -0.9704        0.201       0.1341   1.000000   0.718767   0.434240   0.542964   0.793876  -0.247333   0.889577  -0.384031   0.712497  -0.649770   0.141736   0.746800   685.55        5.346     13        2.85007e+10   -5.37989e+10     0.07077         0.23297        1.02793      0.047472
       589        589    39.87241823    22.52424678    26.40236065    -4.70    74.72    62.90  2.45967e+08      11.47    18.94       1.15    16.72   0.011007       0.3322       0.7338       0.5926   1.000000  -0.008958   0.140030   0.990107   0.802984   0.568151   0.815513  -0.110197   0.742478   0.822876  -0.561543   0.086864   522.70        7.594     13        3.43814e+10   -6.55611e+10     0.06268         0.16672        0.71136      0.017801
       578        578    39.75382853    22.52902600    26.20897675   138.85    47.23   -61.99  2.41373e+08      12.35    20.39       1.05    18.32   0.016451      -0.4029       0.7584      -0.5123   1.000000   0.715969  -0.259366  -0.648165   0.874746   0.692958   0.376851   0.614649   0.769586  -0.084843   0.889220  -0.449543   410.92         10.4     13        4.04959e+10    -7.5046e+10     0.09061         0.30539        0.89616      0.029615
       556        556    39.96816469    22.48900386    26.24291528   370.80   141.18   -75.56  2.32186e+08       6.27    19.16       1.16    19.86   0.022713      -0.4041      -0.1558       0.9014   1.000000   0.618995   0.783651  -0.052312   0.917341   0.743037  -0.562733   0.362254   0.822249  -0.254443   0.263103   0.930610  3028.93       0.7157     13        4.58071e+10   -6.92415e+10     0.13871         0.17465        0.76480      0.024932
       527        527    39.84334489    22.51498766    26.25454652   -64.27  -101.67   -98.06  2.20076e+08       6.11    15.71       1.46    17.28   0.013673      -0.9083      0.09213       -0.408   1.000000   0.872334  -0.457618  -0.172104   0.784507   0.484117   0.857669   0.173308   0.667193   0.068299  -0.234500   0.969714  3102.57       0.6809     13         3.2841e+10   -4.67147e+10     0.13442         0.13962        0.95733      0.012027
       515        515    39.93531312    22.45721913    26.37692424   124.14    10.71    30.61  2.15065e+08      13.26    17.83       1.48    16.12   0.003669       0.6129       0.7844     -0.09539   1.000000   0.131541  -0.439175   0.888719   0.787813  -0.340360   0.822002   0.456583   0.700799   0.931049   0.362544   0.041351   295.83        13.14     13        2.79352e+10   -5.23034e+10     0.17182         0.08878        0.93401      0.006451
       481        481    39.85884873    22.64215704    26.32006945   255.59   -61.39    71.32  2.00866e+08       8.46    14.22       1.66    13.58   0.024973       -0.331      -0.9238      -0.1926   1.000000  -0.464593   0.864635   0.191208   0.891669   0.655272   0.190443   0.730992   0.843939   0.595627   0.464907  -0.655050  1066.14        2.744     13        1.85127e+10   -3.34916e+10     0.09933         0.60478        1.42516      0.029429
       440        440    39.96442724    22.42400096    26.40485083   161.95   179.82   -45.98  1.83745e+08      12.31    15.06       1.40    13.58   0.012898      -0.1255      -0.6912      -0.7117   1.000000  -0.172931  -0.401025   0.899597   0.921684   0.431496   0.790196   0.435203   0.781309   0.885384  -0.463433  -0.036392   315.92        12.26     12        1.69482e+10   -3.25918e+10     0.08340         0.37049        0.82604      0.020490
       408        408    39.87704244    22.49617917    26.25122059   361.16   -13.30    91.93  1.70381e+08       3.39    18.14       1.39    17.28   0.019107      0.07461      -0.4863       0.8706   1.000000   0.885864   0.039814   0.462233   0.830060  -0.458318  -0.079596   0.885217   0.780711  -0.072036   0.996032   0.052264 14053.35      0.08342     12        2.54432e+10   -4.71411e+10     0.05322         0.09312        0.89710      0.020225
       367        367    40.00242155    22.53971422    26.29241968   146.70   112.17    -6.04   1.5326e+08       9.26    16.12       1.15    14.44   0.009610       0.4359      -0.2871       -0.853   1.000000   0.971796   0.222089   0.079307   0.892046  -0.221338   0.742920   0.631728   0.696742   0.081381  -0.631464   0.771123   620.08        5.165     12        1.59831e+10   -2.98844e+10     0.07227         0.25612        0.97754      0.014960
       364        364    39.87590463    22.50532916    26.28538678   304.55   187.50   -65.18  1.52007e+08       3.80    20.06       0.85    19.22   0.012512      -0.4617       -0.015      -0.8869   1.000000   0.532466   0.537016  -0.654289   0.668921  -0.811110   0.544733  -0.212992   0.646274   0.242033   0.644111   0.725631  8921.71       0.1472     12        2.80848e+10   -5.07829e+10     0.03748         0.06501        0.54776      0.016069
       363        363    39.95121155    22.51974812    26.32878455   -46.06   -67.64   166.52  1.51589e+08       5.13    13.61       1.67    13.75   0.014910      -0.9354       0.3506     -0.04486   1.000000  -0.177449  -0.677755   0.713555   0.945743   0.732443   0.393314   0.555726   0.775819   0.657297  -0.621251  -0.426624  3607.02       0.4919     12        1.43368e+10   -2.41725e+10     0.06686         0.26651        1.10516      0.014692
       353        353    39.94153146    22.47720516    26.17188893    10.04   197.53   153.91  1.47413e+08       6.27    17.92       1.23    16.14   0.012723       0.1154      -0.9853       0.1256   1.000000   0.264030   0.468823   0.842907   0.961139  -0.952088  -0.013143   0.305540   0.789175  -0.154323   0.883194  -0.442891  1923.44        1.127     12        1.91922e+10   -3.83799e+10     0.10163         0.11787        0.76514      0.019904
       341        341    39.84113725    22.54426439    26.23735275  -126.51    51.25  -117.42  1.42402e+08       5.03    12.71       2.56    15.73   0.029312       -0.148       -0.798       0.5843   1.000000  -0.568950   0.819396  -0.069896   0.926641  -0.513436  -0.287537   0.808521   0.781984   0.642401   0.495895   0.584302  3591.94       0.4845     12        1.76172e+10   -1.95602e+10     0.14212         0.17720        1.84227      0.013534
       338        338    39.77628377    22.41612715    26.12752343   206.92   -20.40   108.61  1.41149e+08      11.44    10.81       1.61     9.91   0.025788      0.04417      -0.9239       0.3802   1.000000  -0.090710   0.846190  -0.525105   0.825984   0.888573   0.306858   0.340994   0.801626  -0.449678   0.435662   0.779736   302.39        11.33     12        6.93105e+09   -1.31028e+10     0.15950         0.45820        0.99981      0.032291
       331        331    39.82229734    22.54707833    26.21411147   -55.30   126.14    71.93  1.38226e+08       6.32    17.71       0.88    15.51   0.018912        0.536       0.6846       0.4941   1.000000  -0.485911   0.703387  -0.518784   0.833515  -0.803732  -0.126413   0.581407   0.707682   0.343374   0.699476   0.626760  1754.91        1.247     12        1.66303e+10   -3.39056e+10     0.09354         0.05026        0.75523      0.030075
       329        329    39.84453958    22.50898246    26.27692127   281.22   120.87   165.37  1.37391e+08       4.48    17.77       0.89    15.71   0.016015       -0.552       0.7744       0.3092   1.000000   0.968037   0.000830   0.250807   0.881311   0.020825   0.996275  -0.083676   0.814566  -0.249942   0.086225   0.964414  4916.80        0.315     12        1.69573e+10   -3.41246e+10     0.13349         0.10946        0.60026      0.021491
       327        327    39.89023192    22.57512582    26.09963372     9.30    10.05    60.74  1.36556e+08      10.91    14.19       1.51    12.83   0.008080       0.2432      -0.9431      -0.2268   1.000000   0.011599  -0.540574   0.841217   0.881114   0.990378   0.122230   0.064890   0.828228   0.137900  -0.832370  -0.536790   337.35         10.9     12        1.12439e+10   -2.21341e+10     0.17150         0.19222        0.93670      0.013567
       318        318    40.15930205    22.41950270    26.22567408   -28.19   167.31     6.69  1.32797e+08      10.94    11.66       1.33    10.26   0.026687       0.6396      -0.6944      -0.3297   1.000000   0.120171  -0.188123   0.974766   0.882177   0.967464   0.242401  -0.072489   0.799652  -0.222648   0.951762   0.211131   325.23        10.91     12        6.99526e+09   -1.39087e+10     0.12679         0.21831        0.79786      0.036763
       315        315    40.00868651    22.67205043    26.31601871   -40.89    49.77   -70.47  1.31544e+08      10.72    11.02       1.72    10.34   0.031431       0.1809       0.5181       -0.836   1.000000   0.574142   0.787713   0.223313   0.888151  -0.036475  -0.247869   0.968107   0.853095   0.817943  -0.563976  -0.113580   342.28        10.72     11         7.0321e+09   -1.33371e+10     0.14133         0.24580        1.45290      0.041323
       305        305    39.86949052    22.51101380    26.20000823   280.60    -6.32    87.10  1.27368e+08       4.31    14.66       1.56    13.75   0.007630      -0.4371       0.8993     -0.01199   1.000000   0.553250  -0.216957   0.804266   0.896226   0.832889   0.160906  -0.529534   0.749604  -0.014525   0.962829   0.269722  5088.90       0.2933     11        1.20425e+10   -2.37739e+10     0.04923         0.31309        0.94843      0.008964
       299        299    39.86127448    22.59515593    26.38889258   108.76    -0.47    26.70  1.24863e+08      10.56    16.22       0.91    14.11   0.012964       -0.913        0.235       0.3334   1.000000   0.642605   0.366949   0.672613   0.886219  -0.766019   0.326637   0.553645   0.782819   0.016541   0.871009  -0.490988   340.65        10.55     11        1.24382e+10   -2.52744e+10     0.18075         0.13888        0.46670      0.025419
       284        284    40.05904918    22.61145847    26.19938071   -79.04    68.97   -50.46  1.18599e+08       8.83    10.34       1.15    12.26   0.072708      -0.8578      -0.3477       0.3785   1.000000  -0.438357   0.741120   0.508512   0.856674   0.477886  -0.286987   0.830219   0.732245   0.761228   0.606943  -0.228368   553.60        5.516     11        8.91953e+09   -1.00389e+10     0.16068         0.92414        0.69967      0.040528
       282        282    39.96862673    22.28596007    26.13097297   150.27   246.09    40.11  1.17764e+08      10.32     8.42       2.34     8.17   0.063321      -0.8028      -0.5862      -0.1092   1.000000  -0.391635   0.854601  -0.340998   0.847521  -0.651671   0.004010   0.758491   0.821791   0.649574   0.519270   0.555348   344.33        10.31     11        3.92972e+09   -6.86339e+09     0.27232         0.83881        1.51843      0.062212
       274        274    39.86989855    22.53713686    26.26652013    70.81    79.72   -78.90  1.14423e+08       4.02    21.94       0.67    19.92   0.010845      -0.1099       0.6238      -0.7739   1.000000   0.659891  -0.621337  -0.422474   0.778628   0.700451   0.305269   0.645120   0.702587   0.271868   0.721631  -0.636660  5657.63       0.2458     11        2.26936e+10   -4.53668e+10     0.04916         0.11760        0.56615      0.019028
       271        271    39.88645220    22.52459296    26.35925283   111.61    -7.71   -17.77   1.1317e+08       7.76    15.23       0.91    13.98   0.004029       0.1658     -0.08312       0.9826   1.000000  -0.527160   0.415366   0.741332   0.804442   0.729677   0.668374   0.144385   0.748681   0.435514  -0.617047   0.655423   777.38        3.453     11        1.10631e+10   -2.13572e+10     0.13276         0.18031        0.77198      0.006692
       271        271    39.83139052    22.52838583    26.15284297   166.57   -58.82   -20.41   1.1317e+08       6.04    13.36       1.75    11.80   0.013090      -0.5117      -0.7736       0.3737   1.000000  -0.597109   0.757137  -0.264959   0.913545   0.231868   0.479118   0.846572   0.711093   0.767918   0.444060  -0.461642  1644.44        1.272     11        7.88042e+09   -1.63677e+10     0.14512         0.35199        1.11225      0.017425
       265        265    39.99266875    22.53905237    26.40012763    54.81    20.42   155.96  1.10664e+08       8.97    10.91       1.48     9.99   0.023558       0.1422       0.7339       0.6642   1.000000   0.514058  -0.015133   0.857622   0.877042   0.856094  -0.053157  -0.514080   0.769224   0.053368   0.998472  -0.014370   491.51        6.317     11        5.52105e+09   -1.07304e+10     0.15405         0.76275        1.25652      0.030612
       258        258    39.75501839    22.56950166    26.19263926   109.69    16.71   -44.49  1.07741e+08      10.18    14.43       0.89    12.67   0.010538       0.4941       0.5956       0.6333   1.000000   0.841909  -0.527026   0.115900   0.806577   0.534872   0.786601  -0.308498   0.725969   0.071420   0.321719   0.944138   327.72        10.16     11        8.65452e+09   -1.73428e+10     0.08709         0.26261        0.74059      0.019346
       257        257    39.99989083    22.54149957    26.24883744   151.06   138.06   -36.12  1.07324e+08       6.70    16.49       0.88    14.31   0.008574      -0.9898      0.07602      -0.1207   1.000000   0.990136   0.138838   0.018844   0.809856  -0.113344   0.872767  -0.474796   0.743743  -0.082366   0.467976   0.879894  1144.53        2.026     11        1.09869e+10   -2.15522e+10     0.12755         0.19951        0.75052      0.014139
       255        255    39.77278383    22.37416623    26.30908679   156.81    65.02   -75.77  1.06488e+08      10.01    11.89       1.40    10.79   0.010628      -0.1954      -0.4556       0.8685   1.000000   0.303273   0.939410   0.159793   0.848343  -0.800840   0.160390   0.577002   0.843285   0.516412  -0.302958   0.800959   340.99           10     11        6.19475e+09   -1.17118e+10     0.22717         0.10381        1.20671      0.015598
       251        251    39.95447647    22.57087246    26.14782775  -103.03     0.47     8.39  1.04818e+08       5.97    11.40       1.77    10.68   0.025457       -0.383      -0.1843       0.9052   1.000000   0.344327   0.671375  -0.656273   0.893984  -0.938722   0.234664  -0.252455   0.808342  -0.015489   0.702985   0.711036  1584.17        1.303     11        5.97771e+09   -1.15143e+10     0.11359         0.07314        1.13751      0.029358
       249        249    39.93922516    22.61059326    26.20499365    69.14    15.66    21.89  1.03983e+08       9.43    16.77       0.86    14.39   0.013792      -0.4794      -0.1975      -0.8551   1.000000   0.164830   0.969948  -0.178974   0.687775  -0.346431   0.226828   0.910239   0.594497   0.923481  -0.088032   0.373408   397.80        8.203     11        1.07592e+10   -2.35247e+10     0.10177         0.24611        0.48448      0.030610
       247        247    39.93735358    22.54490169    26.10759793   -44.15    -7.38     9.10  1.03147e+08       8.04    10.23       1.54     9.74   0.015941      -0.4364     -0.01199       0.8997   1.000000   0.090853   0.508624   0.856182   0.937521   0.432956   0.754062  -0.493902   0.783307   0.896825  -0.415561   0.151704   638.01        4.357     11        4.89448e+09   -9.15987e+09     0.25230         0.20373        0.68823      0.019030
       245        245    40.00693131    22.36448390    26.21728779    99.26    71.03    -2.78  1.02312e+08       9.77    16.69       0.68    14.11   0.012565       0.4448      -0.6804       0.5824   1.000000   0.177928   0.892545  -0.414373   0.882890  -0.641941   0.424432   0.638567   0.650389   0.745824   0.152384   0.648480   351.63        9.617     11        1.01835e+10   -2.21633e+10     0.07101         0.10771        0.57242      0.027952
       243        243    40.00809697    22.60629741    26.34770039    13.24    33.78   172.43  1.01477e+08       9.82     8.32       3.24     8.89   0.042919       0.9245      -0.3761     -0.06231   1.000000   0.530726   0.826098  -0.189451   0.708834  -0.283051   0.383455   0.879116   0.674731   0.798882  -0.412945   0.437337   343.56        9.817     11        4.00894e+09   -6.05776e+09     0.09267         0.23876        2.84736      0.039907
       241        241    39.86447766    22.55846239    26.28969559  -144.64    76.53    52.56  1.00642e+08       5.25    11.82       1.33    12.62   0.042636        0.962      -0.2476        0.115   1.000000  -0.058487   0.823821   0.563824   0.897042   0.345865  -0.513089   0.785568   0.746028   0.936460   0.240953  -0.254922  2236.64       0.8115     11        8.01556e+09   -1.21685e+10     0.08362         0.19867        0.80443      0.041590
       239        239    40.02547908    22.54295634    26.15324307    14.74   150.63   198.24  9.98067e+07       7.61    10.51       1.23     9.49   0.017538      -0.4304      -0.6429      -0.6336   1.000000  -0.369911  -0.318405   0.872802   0.894802   0.661260   0.569666   0.488074   0.890849  -0.652611   0.757693  -0.000177   726.48        3.625     11        4.48961e+09   -8.93211e+09     0.11693         0.11683        0.79016      0.021491
       232        232    39.90859633    22.56069911    26.26737727  -164.50   176.81   107.31  9.68835e+07       3.46    13.84       1.01    14.94   0.019164      -0.4811        0.506       -0.716   1.000000   0.272285   0.890360   0.364855   0.847714  -0.756378  -0.036329   0.653126   0.752027   0.594772  -0.453805   0.663557  7527.93       0.1589     11        1.08103e+10   -1.63646e+10     0.14790         0.06367        0.70078      0.018229
       219        219    39.73525436    22.45449961    26.20446681   202.66   135.31    23.98  9.14547e+07       9.33    11.13       1.65     9.54   0.023683       0.8649       0.1032      -0.4912   1.000000   0.884380   0.449580  -0.125494   0.842243   0.077244   0.124186   0.989248   0.683357  -0.460331   0.884565  -0.075101   361.86        8.917     11        4.16335e+09   -8.70671e+09     0.16305         0.34326        0.99615      0.035454
       216        216    39.93888170    22.50741606    26.15127685    83.61    62.47   212.20  9.02019e+07       5.29    12.75       1.50    11.56   0.020298      -0.2851       0.4576      -0.8422   1.000000   0.737683  -0.446683  -0.506259   0.947374   0.408336  -0.301976   0.861436   0.774313   0.537667   0.842190   0.040366  1954.32       0.9367     10        6.03204e+09   -1.22082e+10     0.18554         0.18518        0.94834      0.027055
       214        214    39.82056484    22.32394183    26.17201018    90.00   183.32    77.97  8.93667e+07       9.51     9.67       1.54     9.01   0.046358      -0.3729      -0.7788      -0.5044   1.000000   0.323311   0.905166   0.275944   0.879706   0.512651  -0.412647   0.752935   0.735932   0.795399  -0.101969  -0.597447   333.22        9.494     10        3.62796e+09   -6.63039e+09     0.13944         0.38394        1.30550      0.058306
       211        211    40.09982843    22.59354185    26.14111156    83.53    65.69   177.09  8.81138e+07       9.46     9.27       2.06     8.42   0.026198      -0.9108       0.3423       0.2308   1.000000   0.266903  -0.629886   0.729388   0.816405   0.962258   0.215900  -0.165670   0.726746  -0.053122   0.746077   0.663737   333.61        9.439     10        3.12659e+09   -5.86793e+09     0.33513         0.53099        1.32072      0.031851
       211        211    40.00165093    22.53277064    26.17247587    22.41   171.17    95.84  8.81138e+07       6.32    15.48       0.78    13.34   0.014168      -0.9847       0.1745     0.004371   1.000000  -0.638448   0.582638   0.502908   0.893454  -0.195203  -0.754625   0.626448   0.723076   0.744500   0.301786   0.595522  1119.80        1.953     10        7.83454e+09   -1.61102e+10     0.16671         0.08832        0.39933      0.024460
       202        202    40.02219481    22.49741617    26.26222483   241.40   161.39     2.14  8.43554e+07       6.57    11.25       1.53    11.80   0.023181      -0.4223       0.3315       0.8437   1.000000   0.867032   0.336243  -0.367690   0.801824   0.209329   0.423851   0.881210   0.763800  -0.452146   0.841006  -0.297107   953.59        2.385     10        5.87013e+09   -9.15551e+09     0.11760         0.13151        0.90159      0.026858
       197        197    40.06254547    22.53822340    26.38877825    98.56    61.86    18.78  8.22674e+07       9.21    10.98       1.44     9.69   0.037215       0.9227      -0.3764     -0.08357   1.000000   0.843688   0.260399   0.469449   0.652885  -0.447620  -0.141514   0.882955   0.596360  -0.296355   0.955074   0.002834   338.26        9.198     10        3.85846e+09   -7.48335e+09     0.11863         0.26108        1.21685      0.054966
       197        197    39.88998907    22.49758245    26.17450648  -116.29    50.18   -16.66  8.22674e+07       4.89    12.58       1.15    11.76   0.027211       0.2577       0.7313      -0.6315   1.000000   0.124283   0.213264   0.969057   0.841496   0.979181  -0.184330  -0.085016   0.748502   0.160496   0.959448  -0.231733  2255.07       0.7505     10        5.68601e+09     -1.064e+10     0.13524         0.06319        1.00199      0.034248
       185        185    39.76293880    22.52995775    26.17230320   185.75    75.11    74.13  7.72562e+07       9.03    10.34       1.35     9.39   0.013802       0.6054       0.7106       0.3586   1.000000   0.858430  -0.383942   0.340127   0.936499  -0.232452   0.299907   0.925214   0.841508   0.457235   0.873295  -0.168201   336.37        9.022     10        3.40569e+09   -6.17154e+09     0.03252         0.07302        1.13529      0.018782
       167        167    39.90234879    22.50657145    26.29028099    96.74   -28.12  -113.20  6.97394e+07       1.61    19.47       0.56    16.40   0.011515      -0.2736       0.9617       0.0147   1.000000   0.828744   0.557382   0.050100   0.894637   0.356255  -0.594494   0.720874   0.781457  -0.431586   0.579571   0.691253 53160.06            0     10        9.37964e+09   -2.10103e+10     0.09482         0.05707        0.37737      0.015050
       164        164    39.78893129    22.50016496    26.18275573    14.78    60.07    93.79  6.84866e+07       7.33    11.76       1.21    10.45   0.022306        0.143      -0.2868       0.9472   1.000000   0.974976   0.222279  -0.003642   0.851790  -0.181101   0.784644  -0.592905   0.780731  -0.128933   0.578728   0.805264   558.31        4.542     10        3.74033e+09   -7.74426e+09     0.14530         0.15807        0.71954      0.037108
       161        161    39.95706025    22.48455774    26.24628447   227.52   -29.91  -238.19  6.72338e+07       2.29    12.76       1.06    12.96   0.021310       0.9476      -0.3188      -0.0221   1.000000   0.763165  -0.558674   0.324750   0.864735  -0.502680  -0.197451   0.841621   0.734939   0.406070   0.805541   0.431522 17897.51            0     10        5.64699e+09   -1.03792e+10     0.09321         0.24258        0.29811      0.021959
       159        159    39.76309209    22.49503257    26.38176172   187.71   105.24    65.62  6.63986e+07       8.66    10.67       0.97     9.64   0.026966       0.4293      0.06296        0.901   1.000000   0.664628   0.328231  -0.671218   0.785868  -0.603141   0.765921  -0.222678   0.667141   0.441011   0.552837   0.707022   328.15        8.638     10        3.08268e+09   -5.66645e+09     0.05209         0.36816        0.48637      0.040403
       156        156    39.96334891    22.56656120    26.25993734   -99.51   247.94    68.63  6.51458e+07       3.53    11.40       1.22    10.96   0.010930      -0.3005      -0.9083       0.2909   1.000000   0.638252   0.745401  -0.192386   0.790116   0.393389  -0.100988   0.913809   0.703849   0.661725  -0.658923  -0.357688  4749.43       0.2572     10        3.91033e+09   -7.15434e+09     0.13870         0.12457        0.82623      0.011943
       155        155    39.99972537    22.55281221    26.29828147  -136.81   167.39    21.06  6.47282e+07       4.25     8.76       2.01     9.33   0.034547      -0.1525       0.7085        0.689   1.000000   0.985153  -0.159048  -0.064638   0.916111   0.169618   0.959885   0.223270   0.885640   0.026534  -0.230919   0.972611  2708.72       0.5427     10        2.81544e+09    -4.4532e+09     0.21898         0.37414        0.84171      0.029611
       151        151    40.03582844    22.33399241    26.14805480   118.02   182.98    78.64  6.30578e+07       8.53     9.27       0.95     8.80   0.058525      -0.1137       0.4332      -0.8941   1.000000   0.851825  -0.523073   0.028099   0.910935   0.514573   0.825534  -0.231751   0.791232   0.098026   0.211870   0.972369   326.55          8.5     10        2.44239e+09   -4.16071e+09     0.08717         0.47194        0.47001      0.074716
       144        144    40.07048059    22.56232889    26.33397859   127.07   161.50    63.19  6.01346e+07       8.27     8.96       1.12     8.01   0.025631      -0.8536      -0.4595      -0.2453   1.000000   0.796948  -0.340168   0.499160   0.749041  -0.595132  -0.300716   0.745243   0.646120   0.103403   0.890986   0.442100   340.74        8.268      9        1.92917e+09   -3.49334e+09     0.15792         0.85325        0.52422      0.032250
       141        141    40.07266296    22.62882968    26.17777936     9.68   182.49   134.61  5.88818e+07       6.67     8.24       2.19     7.86   0.047550       0.8891      -0.1931       -0.415   1.000000   0.312618   0.546827   0.776692   0.877652   0.458863   0.629001  -0.627537   0.705415   0.831694  -0.552574   0.054282   636.69        3.625      9        1.81941e+09   -3.46486e+09     0.11062         0.42472        1.27732      0.056270
