#  npart(1)  nvpart(2)      Xc(3)          Yc(4)          Zc(5)      VXc(6)   VYc(7)   VZc(8)    Mvir(9)      Rvir(10) Vmax(11)   Rmax(12) sigV(13) lambda(14)      Lx(15)       Ly(16)       Lz(17)     a(18)     Eax(19)    Eay(20)    Eaz(21)     b(22)     Ebx(23)    Eby(24)    Ebz(25)     c(26)     Ecx(27)    Ecy(28)    Ecz(29) ovdens(30)    Redge(31) nbins(32)     Ekin(33)       Epot(34)   mbp_offset(35)  com_offset(36)   r2(37)      lambdaE(38)
   1404737    1404737    39.15011663    21.83067940    26.13227299   114.80    95.47    19.36   5.8662e+11     198.50   183.37      63.76   187.36   0.025380      -0.2104       0.7486       0.6287   1.000000   0.473755  -0.142465   0.869057   0.917586   0.620154  -0.646685  -0.444080   0.737860   0.625272   0.749335  -0.218020   240.73        198.5     34        1.02964e+16   -1.76503e+16     0.07885         3.84111       23.09031      0.025574
     70622      70622    38.60193796    22.23569069    25.81959579   136.39    74.35    90.89  2.94918e+10      73.26    59.32      57.84    68.85   0.086731      -0.8597      0.09097       0.5026   1.000000   0.526522  -0.239017   0.815871   0.712700   0.795938   0.475828  -0.374260   0.661413  -0.298760   0.846439   0.440777   240.73        73.26     26        6.99011e+13    -9.3765e+13     0.14836         7.61945       40.85421      0.060161
     57780      57780    38.75163677    22.28402481    25.83257047   132.85    30.67    13.38   2.4129e+10      68.52    64.53      19.25    64.68   0.045898      -0.8323       0.3867      -0.3972   1.000000   0.359182   0.900828   0.243920   0.911975   0.773385  -0.433590   0.462467   0.903766   0.522364   0.022534  -0.852425   240.72        68.52     26        5.04708e+13    -9.0265e+13     0.07078         1.49010        6.19269      0.048597
     52018      52018    39.13128795    21.81165440    25.72978663   158.63   150.52   127.34  2.17228e+10      66.16    71.50       8.74    72.56   0.050552      -0.7815      -0.1266       0.6109   1.000000  -0.405992   0.903693  -0.136048   0.930633   0.413100   0.314267   0.854743   0.709017   0.815181   0.290817  -0.500905   240.72        66.16     25        5.71783e+13   -9.18502e+13     0.05918         0.51415        4.68001      0.054532
     13135      13135    39.22238621    21.81826100    26.22551372   -21.93   153.40  -190.73  5.48519e+09      41.87    43.99      11.58    48.48   0.024206       0.7676      0.05429       0.6387   1.000000   0.051094   0.443896   0.894620   0.955928  -0.741580   0.616856  -0.263721   0.746093   0.668916   0.649958  -0.360702   239.81        41.86     22        6.44546e+12   -9.14478e+12     0.10425         2.73759        7.94345      0.022954
     13044      13044    38.62190766    22.22294316    25.84973729   153.78    97.66   104.06  5.44719e+09      25.07    49.30       5.58    57.38   0.030850       0.3844       0.9146      -0.1256   1.000000   0.301101  -0.574590   0.761042   0.927544  -0.142223   0.762093   0.631654   0.810450   0.942927   0.298429  -0.147747  1109.86        5.437     22        8.96666e+12    -1.2536e+13     0.13282         0.51467        3.28100      0.026210
      6576       6576    39.18620907    21.92359157    26.30951020   100.51   166.61    23.01  2.74615e+09      33.24    38.43       5.37    38.07   0.016771       0.4693     -0.04941      -0.8816   1.000000   0.241268   0.272568   0.931395   0.828267   0.030428   0.957151  -0.287988   0.776339   0.969981  -0.097823  -0.222636   239.99        33.23     20        1.99025e+12   -3.23653e+12     0.14083         1.44358        3.66554      0.019231
      6058       6058    39.15407194    21.80942966    26.09581830   148.05   140.56   319.37  2.52983e+09      14.34    45.88       5.48    48.86   0.029285      -0.8511       0.3592      -0.3828   1.000000   0.174713   0.518375   0.837116   0.919061   0.123274   0.831987  -0.540927   0.862908   0.976872  -0.197701  -0.081457  2753.18        1.254     19        3.02032e+12   -4.77669e+12     0.07515         0.14528        2.38222      0.028424
      5984       5984    38.58215930    22.15413218    25.70108207   173.31    67.95    79.07  2.49893e+09      32.18    31.31       8.45    32.92   0.023578       -0.355      -0.9348     0.004378   1.000000  -0.321127  -0.440774   0.838210   0.942749   0.091577   0.866487   0.490728   0.781246   0.942598  -0.234347   0.237888   240.70        32.18     19        1.35407e+12    -2.1518e+12     0.06361         1.46867        4.37123      0.023389
      5482       5482    39.12949887    21.95017885    26.27638641   221.22   220.89    27.72  2.28929e+09      31.26    31.90       6.42    34.00   0.042268       0.7513       0.6594     -0.02761   1.000000  -0.612812   0.167895   0.772187   0.876031   0.041249   0.982633  -0.180916   0.728138   0.789152   0.079015   0.609095   240.61        31.25     19        1.32308e+12   -1.95682e+12     0.16338         0.59978        4.35862      0.040204
      5172       5172    39.13509508    21.77515317    26.08516518   194.95   246.28   128.97  2.15983e+09      21.33    45.09       4.74    42.42   0.003103      -0.8797     -0.07859        0.469   1.000000   0.178947   0.845021   0.503902   0.851155   0.702571  -0.468296   0.535811   0.805664   0.688747   0.258145  -0.677487   714.38        7.188     19        1.94361e+12   -3.70732e+12     0.08003         0.19654        2.55022      0.004311
      4817       4817    39.55912166    21.65932823    26.55158079   157.10   179.26   -40.15  2.01158e+09      29.94    23.07      23.54    30.99   0.082444      -0.5231       0.1405       0.8406   1.000000   0.850894   0.462498   0.249148   0.580406  -0.013223  -0.455257   0.890262   0.487676  -0.525171   0.760813   0.381260   240.66        29.93     19        9.66228e+11   -9.99522e+11     0.29674         5.69628       26.73935      0.020019
      4241       4241    38.49285764    22.32351585    25.73623307   128.81    36.63   111.00  1.77105e+09      28.69    31.06       5.40    29.98   0.018822      -0.7847      -0.1412       0.6036   1.000000  -0.729480   0.530390  -0.431909   0.975241   0.269382   0.803185   0.531345   0.885748  -0.628723  -0.271257   0.728785   240.68        28.69     18        7.95743e+11   -1.39852e+12     0.07629         0.34989        2.72032      0.021624
      3984       3984    38.56228008    22.24627526    25.92885430   149.11    49.15    66.48  1.66372e+09      28.15    27.45       5.55    27.63   0.020342      -0.6063       0.7946     -0.03056   1.000000   0.363737  -0.590061   0.720779   0.977084  -0.593654   0.449441   0.667516   0.903451   0.717823   0.670694   0.186813   239.50        28.13     18        6.34997e+11   -1.09685e+12     0.06942         0.89438        3.73288      0.021568
      3964       3964    38.99860352    21.98976202    26.15401755   149.27    77.55    28.39  1.65537e+09      28.09    33.33       5.12    31.39   0.025108      -0.7082       0.7058      -0.0159   1.000000   0.758582  -0.651555  -0.005366   0.876368   0.178459   0.199838   0.963440   0.794456   0.626662   0.731806  -0.267870   239.77        28.08     18        8.15364e+11   -1.50552e+12     0.13637         0.29980        2.54698      0.032672
      3863       3863    38.60616325    22.23630382    25.80170876   182.89    37.83    97.55  1.61319e+09      12.09    37.60       6.30    43.72   0.017379      -0.3526      -0.7027      -0.6179   1.000000   0.012272   0.181484   0.983317   0.898616  -0.738519   0.664619  -0.113447   0.851235   0.674120   0.724807  -0.142186  2927.61       0.9944     18        1.54191e+12   -2.03522e+12     0.12182         0.49820        2.95841      0.012874
      3837       3837    39.75447686    21.28037057    25.98429133   107.50   174.47    30.35  1.60234e+09      27.76    26.52       5.44    26.23   0.036389      -0.8656       0.4863      -0.1196   1.000000  -0.316713   0.796727  -0.514703   0.893497   0.469681   0.603171   0.644659   0.782593   0.824071  -0.037574  -0.565239   240.50        27.75     18        5.51109e+11   -9.55977e+11     0.16041         0.46843        3.64936      0.037246
      3514       3514    39.03739826    21.75880971    26.21338031   266.35   130.29    44.27  1.46745e+09      26.98    30.07       5.91    29.34   0.024490      -0.8065      -0.3537       0.4738   1.000000   0.831815   0.478691  -0.280961   0.910907   0.201141   0.211817   0.956387   0.884663  -0.517326   0.852050  -0.079909   239.70        26.97     18        6.31749e+11   -1.12029e+12     0.15754         0.21814        3.16380      0.029646
      3345       3345    39.05124547    21.81195249    25.95177923   220.17    38.85   -31.11  1.39688e+09      26.53    29.83       4.50    28.90   0.016968      -0.6009     -0.06498      -0.7967   1.000000   0.828586   0.120178   0.546812   0.855158  -0.372020   0.848067   0.377336   0.817723  -0.418386  -0.516080   0.747405   240.18        26.52     18        5.83346e+11   -1.05529e+12     0.02838         0.18367        2.17478      0.021028
      2966       2966    39.24782355    21.77602957    26.13824564   275.48    53.97  -141.90  1.23861e+09      17.74    30.85       4.82    34.34   0.047763       0.2652       0.8047       0.5311   1.000000   0.463856  -0.411057   0.784774   0.793899   0.785322  -0.219188  -0.578988   0.704949   0.410010   0.884867   0.221141   711.46        6.004     18        7.30453e+11   -1.02236e+12     0.09675         0.55672        2.53571      0.042939
      2846       2846    38.57359238    22.22002224    25.77152885   158.70    34.93   132.79  1.18849e+09      25.35    29.18       4.50    28.77   0.014716        -0.87       0.4897     -0.05818   1.000000   0.299777   0.342175   0.890533   0.851410  -0.869005   0.483117   0.106900   0.829807   0.393654   0.805924  -0.442180   234.13         25.3     17        4.91743e+11   -8.50476e+11     0.11754         0.35277        2.95236      0.018269
      2662       2662    38.61854214    22.26432748    25.94217172    97.82    69.32    74.20  1.11165e+09      24.59    24.25       3.73    24.13   0.022956      -0.8852      -0.4652     0.001678   1.000000   0.837242   0.537081   0.102804   0.938238  -0.372003   0.421617   0.826954   0.890510  -0.400798   0.730604  -0.552791   240.07        24.58     17         3.2359e+11   -5.70649e+11     0.22227         0.08881        2.51619      0.024900
      2569       2569    38.60762306    22.36655081    25.83558587   100.78    26.78   119.16  1.07282e+09      24.28    22.14       5.09    21.93   0.017773       0.3896      -0.8994      -0.1982   1.000000   0.897149   0.365171   0.248543   0.958397  -0.140727   0.769624  -0.622796   0.910514  -0.418712   0.523764   0.741857   240.62        24.28     17         2.5801e+11   -4.62169e+11     0.21412         0.29678        2.67682      0.018045
      1979       1979    38.77993755    22.19856647    25.91945829   159.27    17.64   -19.84  8.26433e+08      22.27    23.02       4.12    22.00   0.024093       0.5253      -0.5779      -0.6246   1.000000   0.154153   0.642337  -0.750760   0.952363   0.986104  -0.052384   0.157656   0.883002  -0.061940   0.764630   0.641486   240.11        22.27     16        1.99966e+11   -3.77321e+11     0.12633         0.25006        2.05732      0.028348
      1919       1919    38.65033309    22.39915675    25.83499335   151.00     8.07    14.92  8.01377e+08      22.05    22.50       4.89    21.57   0.014288      -0.1487      -0.5984      -0.7873   1.000000   0.798628   0.544937  -0.255418   0.933135  -0.546317   0.834466   0.072144   0.918549   0.252451   0.081923   0.964135   240.02        22.04     16        1.86484e+11    -3.5122e+11     0.06040         0.07491        2.32792      0.016624
      1787       1787    39.21752760    21.81875794    26.07406761   -29.85   108.57   -81.67  7.46253e+08      15.66    31.24       3.11    29.39   0.009717      -0.8839       0.4649     -0.05026   1.000000   0.987225  -0.154920   0.037239   0.922301  -0.040009  -0.014803   0.999090   0.792263   0.154228   0.987816   0.020812   624.25        6.037     16        3.22322e+11    -6.1495e+11     0.16800         0.18168        2.09113      0.013636
      1739       1739    39.39450460    21.48632840    26.04756296    41.80   136.04    76.92  7.26208e+08      21.38    21.64       4.74    21.91   0.045728      -0.4584      -0.1957       -0.867   1.000000  -0.111942   0.895895  -0.429932   0.935705  -0.707693   0.231850   0.667395   0.738830   0.697595   0.378970   0.608065   238.59        21.36     16        1.74311e+11    -2.8585e+11     0.33418         1.30586        3.27462      0.047571
      1723       1723    39.30417338    21.79834579    26.14969161   -68.47   217.47    49.34  7.19527e+08      20.54    22.41       2.40    22.91   0.011546       0.6091       0.3041       0.7325   1.000000   0.437816  -0.026088   0.898686   0.902638   0.312408   0.941706  -0.124860   0.879982  -0.843041   0.335423   0.420444   266.51        18.55     16        1.88834e+11   -3.14306e+11     0.18240         0.39136        2.11403      0.012603
      1694       1694    39.49236160    21.88193172    26.34108367    57.88   178.73   -66.33  7.07416e+08      21.14    20.79       5.28    21.50   0.015029      0.04674       0.8686      -0.4932   1.000000   0.847230  -0.179918  -0.499831   0.962682   0.511909   0.025081   0.858673   0.885506   0.141955   0.983362  -0.113351   240.32        21.14     16        1.63504e+11   -2.67896e+11     0.17700         0.10523        3.51255      0.015441
      1683       1683    39.28268723    21.71368271    26.06876435    19.09   206.55    51.59  7.02823e+08      21.19    27.38       3.38    25.94   0.020836      -0.7444       -0.635       0.2064   1.000000   0.744638  -0.307683  -0.592322   0.927123   0.341265  -0.587155   0.734021   0.866834   0.573630   0.748719   0.332217   237.09        21.17     16        2.36386e+11   -4.13542e+11     0.12228         0.44246        2.16056      0.028102
      1563       1563    38.96141693    21.93795476    26.18388835    45.93   121.68   124.06  6.52711e+08      20.67    25.46       2.69    24.05   0.017922       0.9647      -0.2506      0.08094   1.000000   0.957589  -0.286750   0.028251   0.842354   0.275581   0.940072   0.200798   0.828748  -0.084137  -0.184497   0.979225   237.12        20.65     16        1.88766e+11   -3.23218e+11     0.08177         0.63846        1.75731      0.022397
      1542       1542    39.23095874    21.86785385    26.26202188   -68.09   206.28   -39.81  6.43941e+08      20.73    22.16       3.46    22.37   0.033683      -0.7665      -0.6112       0.1973   1.000000   0.855619   0.477764   0.199144   0.965580  -0.116496  -0.197121   0.973433   0.869371  -0.504327   0.856087   0.113002   232.06        20.67     16        1.61118e+11   -2.73161e+11     0.10638         0.33886        2.23279      0.039001
      1482       1482    39.54090637    21.64854317    26.54488544   150.02   164.62   -39.01  6.18885e+08      14.81    23.90       3.18    30.85   0.057369       0.5209      -0.6588       0.5428   1.000000   0.535576   0.290832   0.792827   0.856194   0.630960   0.486185  -0.604577   0.684839  -0.561291   0.824040   0.076886   611.32        5.833     16        2.94477e+11   -2.99172e+11     0.12531         0.76438        2.18355      0.011960
      1431       1431    39.08800651    21.87877897    26.05095036    74.59   -78.46    -7.45  5.97587e+08      14.97    29.19       2.62    27.58   0.020732      -0.8455       -0.184       0.5012   1.000000  -0.250133   0.911898  -0.325386   0.813438   0.424932   0.405367   0.809389   0.723985   0.869981   0.064188  -0.488890   571.87        6.301     16        2.27239e+11   -4.31237e+11     0.23279         0.50017        1.41800      0.029661
      1404       1404    39.53240689    21.51864729    25.95358341   111.83   176.04    79.63  5.86312e+08      19.86    19.36       5.04    18.86   0.013137      -0.9435       0.1664      -0.2867   1.000000   0.930416  -0.052461   0.362732   0.917708   0.221132   0.869616  -0.441439   0.777011  -0.292279   0.490933   0.820705   240.33        19.85     16         1.0432e+11   -1.93469e+11     0.14701         0.75124        1.95104      0.014585
      1361       1361    39.22899787    21.79355265    26.14305179  -122.11   189.42  -107.24  5.68355e+08      12.14    24.78       2.72    25.30   0.013385       -0.769      -0.6287      -0.1152   1.000000   0.945716  -0.323167  -0.034419   0.925403   0.045888   0.027935   0.998556   0.889100   0.321738   0.945930  -0.041248  1019.26        2.868     15        1.81835e+11    -3.0476e+11     0.21436         0.12080        1.88215      0.014077
      1230       1230    39.06258901    21.98015824    26.17123261   215.91   -43.59   142.25  5.13649e+08      19.21    20.15       3.18    20.06   0.023595      0.05753       0.5204        0.852   1.000000   0.872027   0.201046   0.446261   0.962501  -0.437072   0.730239   0.525090   0.939040  -0.220310  -0.652941   0.724660   232.68        19.16     15        1.03343e+11   -1.83286e+11     0.11893         0.44852        1.51871      0.027849
      1083       1083    38.98893570    22.02019405    26.03561113   182.70    75.13    94.01  4.52262e+08      18.23    20.76       2.97    20.02   0.027396      -0.2326      -0.4051       0.8842   1.000000   0.515778  -0.213884   0.829594   0.942745  -0.104789   0.945314   0.308869   0.817826   0.850290   0.246240  -0.465160   239.76        18.22     15        9.06202e+10   -1.60541e+11     0.16994         0.54829        2.02818      0.033456
      1082       1082    39.39280648    21.86347859    26.30266840     0.41   155.49   -39.39  4.51844e+08      18.25    16.45       5.12    17.28   0.051263       0.2608       0.1013       0.9601   1.000000   0.920498  -0.280752   0.271774   0.911538  -0.209031   0.233830   0.949542   0.836376   0.330135   0.930861  -0.156554   238.60        18.23     15        6.74618e+10   -1.09715e+11     0.08096         0.62434        2.73589      0.048742
       936        936    39.29477375    21.71498985    26.01500592    60.59   173.64    34.53  3.90875e+08      17.41    21.72       1.95    19.76   0.007718      -0.7131        0.282       0.6419   1.000000   0.764595  -0.636278  -0.102682   0.909018   0.058340  -0.090339   0.994201   0.714891   0.641865   0.766152   0.031952   237.63         17.4     14        7.63189e+10   -1.45291e+11     0.14962         0.21321        1.69108      0.010586
       935        935    38.87999016    22.42548209    25.75904576   143.74    41.03   -19.56  3.90457e+08      17.35    17.59       4.42    17.11   0.019144      -0.9818     -0.02483      -0.1881   1.000000   0.428337   0.741582   0.516316   0.920382   0.877928  -0.476815  -0.043485   0.847849  -0.213940  -0.471915   0.855293   239.82        17.35     14        5.71482e+10    -1.0186e+11     0.31724         0.53273        2.96267      0.021130
       913        913    39.02249298    21.88779743    26.06417648    47.35    21.00  -152.26   3.8127e+08      17.50    20.48       2.72    20.18   0.039434      -0.4101      -0.1164       0.9046   1.000000  -0.612181   0.643469   0.459545   0.786794   0.309935  -0.339398   0.888116   0.725740   0.727444   0.686117   0.008339   228.23        17.44     14        7.76124e+10   -1.25854e+11     0.14679         0.13509        1.72789      0.046498
       854        854    39.11273452    21.79172386    25.84263214   177.71    24.79   -13.52  3.56631e+08      16.87    20.00       2.83    18.63   0.014884       0.9506      -0.1643       0.2635   1.000000   0.760164  -0.453214  -0.465561   0.948564   0.325211  -0.354920   0.876510   0.845429   0.562484   0.817697   0.122408   238.19        16.86     14        6.18833e+10   -1.15722e+11     0.21526         0.16521        1.83069      0.019463
       816        816    39.57134229    21.59739002    26.43353364    55.77   157.13    -5.79  3.40763e+08      16.66    17.98       3.59    17.49   0.027718       0.9351        0.334      -0.1182   1.000000   0.983843   0.115216   0.137036   0.968932  -0.036930  -0.618357   0.785029   0.943978  -0.175185   0.777406   0.604111   236.51        16.64     14        5.21037e+10    -9.1204e+10     0.11038         0.43066        2.29584      0.032120
       808        808    39.66581783    21.48447099    25.93580306   132.97   181.93    47.13  3.37422e+08      16.51    14.99       3.38    15.71   0.036664      -0.9978      0.01657      -0.0639   1.000000   0.781910  -0.598140   0.175629   0.914806  -0.487603  -0.411284   0.770122   0.876699   0.388408   0.687803   0.613242   240.71        16.51     14        4.16291e+10   -6.82662e+10     0.19113         0.50610        2.12963      0.035253
       793        793    39.61056440    21.57544435    25.98303167    84.11   161.15    40.98  3.31158e+08      16.41    14.92       2.81    16.26   0.035224      -0.8254       0.5425      -0.1563   1.000000  -0.611186   0.749457  -0.254490   0.928614   0.785325   0.614270  -0.077060   0.850243  -0.098573   0.246955   0.964000   240.49        16.41     14        4.37913e+10   -6.55511e+10     0.23687         0.57151        1.50913      0.031098
       792        792    38.94640983    22.07968438    26.13370985   155.24    -4.84   118.02   3.3074e+08      16.51    18.80       1.78    17.61   0.008970      -0.5091         0.69       0.5145   1.000000  -0.520096   0.819602  -0.240317   0.912563   0.783254   0.569887   0.248478   0.877766  -0.340607   0.058997   0.938353   235.87        16.49     14        5.13084e+10   -9.56831e+10     0.12763         0.58912        1.54016      0.011358
       757        757    39.35434274    21.64127409    26.00861418   127.71   115.08   -36.60  3.16124e+08      16.31    19.20       2.08    18.67   0.033382      -0.3901      -0.6609      -0.6411   1.000000   0.782115  -0.417274  -0.462794   0.878455   0.212597   0.876811  -0.431284   0.789701   0.585746   0.238925   0.774478   234.05        16.27     14        5.50669e+10   -9.12948e+10     0.23067         0.34616        1.35011      0.039707
       725        725    39.02843187    21.82527983    26.13588473   -24.84    67.81   168.05  3.02761e+08      16.15    18.93       2.63    21.09   0.044675      -0.6477       0.7556       0.0981   1.000000   0.408534   0.210672   0.888097   0.966549   0.888989  -0.312375  -0.334844   0.852067   0.206877   0.926304  -0.314901   230.79         16.1     14         6.7331e+10   -9.07091e+10     0.08458         0.38133        1.68698      0.044357
       697        697    39.62336450    21.48527323    25.99289386    66.08   167.57    24.73  2.91068e+08      15.72    13.45       2.32    17.73   0.037848      0.06209      -0.9828       0.1737   1.000000   0.260668   0.103227   0.959894   0.886084   0.800161   0.533216  -0.274633   0.793679  -0.540180   0.839658   0.056394   240.58        15.72     14        4.57534e+10   -4.70985e+10     0.15818         0.77682        1.99963      0.009250
       647        647    39.02297146    21.80065078    25.54107821   224.98   136.96    69.13  2.70188e+08      15.35    14.34       4.48    14.27   0.015227       0.6552      0.01163       0.7553   1.000000   0.978651  -0.032362   0.202967   0.931942  -0.175416  -0.646146   0.742781   0.834551  -0.107108   0.762527   0.638028   239.95        15.34     13        2.75048e+10   -4.98282e+10     0.10985         0.17001        1.54276      0.016139
       645        645    39.50046402    21.87305423    26.26183416    66.49   159.65   -80.52  2.69353e+08      15.33    15.32       3.70    15.43   0.034762       0.1363        -0.74      -0.6586   1.000000   0.529571   0.839781   0.119676   0.929156   0.475708  -0.410822   0.777771   0.874755   0.702323  -0.354954  -0.617050   240.16        15.32     13        3.20612e+10   -5.30589e+10     0.29078         0.59441        1.83932      0.035819
       639        639    39.56947307    21.27507759    25.76376999   125.72   167.94    55.60  2.66847e+08      15.31    12.73       8.11    14.37   0.126985        0.038       0.6888        0.724   1.000000  -0.219699   0.714192  -0.664577   0.818037   0.944168   0.327100   0.039393   0.702032  -0.245517   0.618818   0.746181   238.84        15.29     13        2.75335e+10   -3.76724e+10     0.54235         1.15721        3.89016      0.091717
       630        630    39.11623960    21.89243077    26.15967321   128.51   109.12  -114.25  2.63089e+08      11.39    21.54       2.45    20.15   0.004895       0.3925       0.1736      -0.9032   1.000000  -0.364467   0.565122   0.740136   0.821054  -0.365090   0.644458  -0.671851   0.682013   0.856664   0.515083   0.028564   570.69        4.807     13        5.34064e+10   -1.01321e+11     0.17578         0.30308        2.12723      0.006727
       624        624    39.29210938    21.78598876    26.32619505    77.00   100.20  -117.52  2.60583e+08      15.26    19.30       2.24    18.22   0.008219      -0.6867        0.526       0.5017   1.000000   0.527812  -0.182635   0.829493   0.839780   0.215636   0.973424   0.077116   0.816899   0.821533  -0.138166  -0.553167   235.32        15.24     13        4.32549e+10   -7.58327e+10     0.08610         0.41685        1.40136      0.010880
       620        620    38.59253673    22.47487799    25.80103763   143.51    27.06    14.90  2.58913e+08      15.30    15.93       2.71    14.80   0.041196      -0.9838      -0.1582     -0.08388   1.000000  -0.008692   0.036959   0.999279   0.887176   0.429192   0.902726  -0.029655   0.818574   0.903171  -0.428625   0.023709   231.84        15.27     13        2.83482e+10   -5.57164e+10     0.11323         0.52765        1.63668      0.050379
       609        609    39.53290329    21.54286575    26.02260199    74.46   179.39    38.13  2.54319e+08      15.06    13.85       1.99    15.12   0.113086        0.946      -0.3112      0.09075   1.000000   0.216925   0.830791  -0.512571   0.841740   0.269259   0.453783   0.849459   0.724334   0.938319  -0.322284  -0.125261   239.06        15.05     13        2.90742e+10   -4.17614e+10     0.20077         1.52388        1.74438      0.095089
       576        576    38.47053740    22.13876287    25.71611341   145.79   105.22    58.92  2.40538e+08      14.83    15.10       2.35    13.91   0.011020      -0.2554     -0.09858      -0.9618   1.000000   0.986581   0.140814   0.082637   0.909939  -0.163113   0.827816   0.536764   0.778687   0.007175  -0.543040   0.839676   236.74        14.81     13        2.32766e+10   -4.41226e+10     0.17774         0.24870        1.50355      0.012462
       573        573    39.14766332    21.78799336    26.20084086   324.69   -19.55    -4.22  2.39285e+08       8.93    20.53       1.98    19.69   0.007847      -0.8217       0.5686      0.03783   1.000000  -0.576680  -0.359306   0.733716   0.907320   0.583471  -0.809760   0.062047   0.799712   0.571840   0.463884   0.676617  1078.72        1.993     13        4.63765e+10   -8.67105e+10     0.11211         0.34093        0.94409      0.009628
       566        566    39.20971429    21.68376704    25.91800226    85.20   172.50     3.25  2.36362e+08      14.69    16.75       2.44    15.36   0.018938      -0.9761      -0.1133      -0.1854   1.000000  -0.094273   0.735759   0.670650   0.898137   0.588966  -0.501899   0.633416   0.815703   0.802640   0.454704  -0.386022   239.11        14.69     13        2.78652e+10   -5.37799e+10     0.11658         0.61697        2.12878      0.024190
       566        566    39.17892893    21.79661564    26.16670759   -82.58   160.73  -207.79  2.36362e+08       8.59    19.36       2.15    19.84   0.020407      0.02576       0.8644       0.5021   1.000000   0.455441  -0.407170   0.791699   0.783190   0.824132  -0.143522  -0.547912   0.753133   0.336720   0.902006   0.270196  1195.85         1.73     13        4.65288e+10   -7.68237e+10     0.17974         0.25532        1.08849      0.021551
       560        560    39.18375023    21.83712969    26.13135736   383.47   153.16  -181.67  2.33857e+08       6.06    22.75       2.08    29.30   0.024719       0.7494      -0.5136        0.418   1.000000  -0.081664  -0.085351   0.992999   0.888442   0.987960   0.124427   0.091945   0.561451  -0.131404   0.988551   0.074162  3378.64       0.4315     13        1.00405e+11   -9.93715e+10     0.27326         0.16717        1.51591      0.004092
       558        558    39.63640078    21.28284324    25.89536266    88.35   153.63    62.74  2.33021e+08      14.67    13.73       2.62    13.55   0.009088       0.9094       0.2585       0.3258   1.000000  -0.460680  -0.018245   0.887379   0.878142   0.870086   0.188160   0.455571   0.799628  -0.175281   0.981969  -0.070807   236.72        14.65     13        2.14035e+10   -3.74003e+10     0.24797         0.21268        2.29414      0.009245
       557        557    39.19918863    21.75707246    26.12139739   238.64    28.52    87.50  2.32604e+08      11.87    24.18       1.69    22.20   0.018498      -0.4964         -0.5       0.7096   1.000000  -0.417626   0.840972   0.344027   0.719433   0.908599   0.389040   0.151975   0.689885   0.006034  -0.376051   0.926579   446.59        6.397     13        5.73151e+10   -1.07029e+11     0.12059         0.19420        1.05174      0.029887
       535        535    38.95205087    21.80329021    26.28700461   146.16    32.02   -39.42  2.23417e+08      14.51    16.29       2.32    15.40   0.022219      -0.9024      -0.4219     -0.08796   1.000000   0.684588  -0.486886  -0.542478   0.806261   0.703051   0.244491   0.667790   0.772059   0.192506   0.838550  -0.509681   234.72        14.48     13        2.65021e+10   -4.97561e+10     0.25924         0.52165        1.09668      0.028264
       520        520    39.45269337    21.82440087    26.24294096    75.15   167.60     2.95  2.17153e+08      14.37    15.41       3.06    14.74   0.040194       0.5576       0.3755      -0.7403   1.000000   0.813229   0.320622   0.485654   0.995129  -0.444213   0.881130   0.162126   0.816507  -0.375943  -0.347579   0.858985   235.08        14.34     13        2.35905e+10   -4.37348e+10     0.20764         0.55357        1.94599      0.048716
       516        516    39.41037454    21.81240993    26.27192688   157.68   106.46    62.63  2.15482e+08      14.22    16.29       3.49    15.13   0.029735      -0.3126       0.1423      -0.9392   1.000000   0.794706  -0.094456   0.599600   0.824669  -0.455397   0.560320   0.691849   0.785849   0.401318   0.822873  -0.402275   240.66        14.22     13        2.46612e+10   -4.59272e+10     0.30716         0.47236        2.30966      0.037122
       508        508    38.99301086    21.85911016    25.89777520   146.45    68.00   -53.39  2.12141e+08      14.20    15.65       3.45    14.46   0.010738       0.8124       0.5817      0.04146   1.000000   0.645561   0.230612   0.728058   0.864486   0.763590  -0.178095  -0.620655   0.741993  -0.013467   0.956609  -0.291065   238.00        14.18     13        2.21883e+10    -4.2199e+10     0.26650         0.92207        3.02301      0.013199
       508        508    38.92320615    21.75289282    25.41786889   175.04   152.68    67.27  2.12141e+08      14.26    13.94       2.48    12.98   0.045545      -0.1944     0.001125       0.9809   1.000000   0.486997   0.848425  -0.207386   0.903583   0.562832  -0.123282   0.817326   0.822536   0.667873  -0.514758  -0.537559   234.94        14.22     13        1.78831e+10   -3.44127e+10     0.08492         0.37884        1.61551      0.050991
       494        494    39.21528216    21.73598227    26.20240759   -15.31   296.99   -25.92  2.06295e+08       9.41    14.58       4.55    15.97   0.007361       -0.468     -0.06404      -0.8814   1.000000  -0.530186   0.793852   0.297828   0.948883   0.625481   0.129048   0.769493   0.871548   0.572430   0.594260  -0.564959   793.68        2.855     13        2.62986e+10   -3.88075e+10     0.18744         0.35734        3.18533      0.005991
       493        493    39.29934850    21.83663106    26.40823963    99.36   140.00   -77.06  2.05877e+08      14.07    19.89       1.95    18.49   0.004337       0.3236       0.7538       0.5719   1.000000  -0.277345  -0.239542   0.930429   0.894264   0.948528  -0.222371   0.225490   0.851502   0.152886   0.945077   0.288886   237.07        14.06     13        3.51958e+10   -6.87406e+10     0.16432         0.40770        1.20213      0.007082
       492        492    39.39657325    21.87809510    26.22500581   156.57   126.54   -74.86   2.0546e+08      14.12    14.15       3.70    13.69   0.022786       0.7762      -0.6289     -0.04568   1.000000   0.897526   0.261053   0.355385   0.891619  -0.216482  -0.441274   0.870869   0.783195  -0.384166   0.858562   0.339542   234.12        14.09     13        1.92597e+10   -3.54035e+10     0.25497         0.30429        1.57396      0.025908
       484        484    39.17370800    21.87440736    26.13959769   276.34   -23.92  -246.95  2.02119e+08       7.01    16.85       4.45    22.49   0.029943       -0.902      -0.3214       0.2882   1.000000   0.739294   0.529721   0.415741   0.879531  -0.667879   0.498043   0.553074   0.747158   0.085918  -0.686549   0.721989  1883.52       0.8959     13         5.1105e+10   -4.92829e+10     0.24453         0.59661        2.54048      0.008191
       480        480    39.19540421    21.76822626    26.34994648   155.93   -24.67    67.12  2.00449e+08      13.92    16.47       2.05    15.45   0.012792      -0.3192        0.418      -0.8505   1.000000  -0.073732  -0.094014   0.992837   0.824950   0.023776   0.995098   0.095994   0.788885   0.996995  -0.030683   0.071135   238.52        13.91     13        2.39392e+10   -4.10354e+10     0.32813         0.52201        0.69812      0.015231
       479        479    39.03200021    21.85793331    25.92565158   129.04    49.54  -102.48  2.00031e+08      13.90    15.65       1.98    15.39   0.005527       0.7183       0.5364        0.443   1.000000   0.423005  -0.097352   0.900883   0.782845   0.679054  -0.624225  -0.386302   0.728093   0.599961   0.775156  -0.197942   238.92        13.89     13        2.37011e+10   -3.67018e+10     0.31287         0.36157        1.31300      0.005747
       467        467    38.84405548    21.77394414    26.01103431    88.99    38.47    78.44   1.9502e+08      13.77    14.84       2.79    15.35   0.015363      -0.5189      -0.8169       0.2518   1.000000   0.722907   0.416747   0.551115   0.846964  -0.221577  -0.615671   0.756209   0.793420  -0.654454   0.668783   0.352731   239.96        13.76     13        2.29609e+10   -3.55762e+10     0.11145         0.47909        2.40415      0.016061
       453        453    39.12075944    21.80558150    26.08689341   -86.91   133.86   -36.11  1.89173e+08       6.72    22.39       1.70    21.66   0.020437        -0.18       0.3189      -0.9305   1.000000   0.395429  -0.671210  -0.626987   0.904811   0.900495   0.417790   0.120667   0.787691   0.180956  -0.612314   0.769628  2000.41       0.8087     12        4.43939e+10    -7.7015e+10     0.17493         0.20741        1.13482      0.024747
       450        450    38.66487462    22.25726817    25.82696242   141.81    39.01    76.56  1.87921e+08      13.69    14.29       4.47    14.80   0.016614      -0.8495      0.04445       0.5258   1.000000   0.877541   0.479361  -0.011624   0.780742  -0.477648   0.871764  -0.108997   0.667375  -0.042115   0.101201   0.993974   235.32        13.66     12        2.05901e+10    -3.3088e+10     0.21221         0.35089        1.69299      0.017889
       416        416    38.89265940    21.89755459    26.37008618   241.33   151.83   -52.68  1.73722e+08      13.32    10.82       3.10    12.87   0.057846     -0.05226       0.3713        0.927   1.000000  -0.571740  -0.224151   0.789221   0.796846  -0.402828   0.914715  -0.032029   0.679239   0.714733   0.336232   0.613274   236.06        13.29     12        1.43831e+10   -1.90223e+10     0.23580         1.88008        2.02255      0.040493
       414        414    39.57558850    21.63567021    26.59232682   141.82   191.44   -41.56  1.72887e+08      13.28    11.90       4.53    12.72   0.035917       0.1015       0.3559       -0.929   1.000000   0.115180  -0.450545   0.885293   0.908384   0.932414   0.356368   0.060052   0.855300  -0.342546   0.818542   0.461141   237.19        13.25     12        1.39885e+10   -2.19493e+10     0.35497         0.99990        2.33769      0.033042
       404        404    39.04689637    21.78666267    25.52497824   221.37   146.64    67.39  1.68711e+08      13.15    12.06       3.23    12.08   0.035539       0.1787       -0.884        0.432   1.000000  -0.281502   0.504155   0.816446   0.924559   0.957569   0.202385   0.205187   0.819662  -0.061791   0.839564  -0.539735   238.34        13.13     12        1.23138e+10   -2.06758e+10     0.16087         0.43485        2.13924      0.034171
       377        377    39.20299303    21.59823317    26.17170967   132.07    94.65   -48.98  1.57436e+08      12.81    13.83       2.63    13.41   0.039267      -0.9497      -0.3123     -0.02197   1.000000   0.099710   0.992357  -0.072695   0.869068  -0.109910   0.083597   0.990420   0.803661   0.988928  -0.090764   0.117406   240.22        12.81     12        1.41471e+10   -2.56555e+10     0.11180         0.62563        1.65689      0.046859
       371        371    39.64082676    21.55377922    25.97359634    92.65   173.31    50.27   1.5493e+08      12.75    12.00       3.05    11.57   0.013110      -0.2201       0.8963        0.385   1.000000  -0.353535   0.507927   0.785508   0.833590   0.451347   0.828145  -0.332359   0.822676  -0.819328   0.237036  -0.522029   239.80        12.75     12        1.03699e+10   -1.94019e+10     0.19123         0.61796        1.50862      0.014050
       368        368    39.12566890    21.87201604    26.16407363    75.56   313.07   176.86  1.53677e+08       5.47    17.97       2.64    24.11   0.028307      -0.9024       0.3721      -0.2173   1.000000   0.814800   0.452581  -0.362315   0.903304  -0.568451   0.746436  -0.345972   0.775327   0.113865   0.487856   0.865466  3016.83       0.4363     12        4.46553e+10   -4.22634e+10     0.14209         0.16382        1.84977      0.010307
       355        355    39.06570271    21.86826559    25.79614529   187.56   -18.57    74.47  1.48248e+08      12.60    13.74       3.22    12.60   0.021172      -0.6137       -0.768       0.1829   1.000000  -0.198852   0.158339   0.967154   0.891301   0.970946  -0.102217   0.216367   0.782021   0.133119   0.982080  -0.133413   237.71        12.59     12        1.17761e+10   -2.38442e+10     0.12603         0.23071        1.95896      0.027250
       351        351    39.23226335    21.51847749    25.86732579   176.57   231.51    37.17  1.46578e+08      12.52    11.40       2.48    11.27   0.015556       0.8884      -0.4569      0.04469   1.000000   0.243515   0.860302   0.447862   0.876977  -0.321966  -0.363875   0.874033   0.751568   0.914898  -0.357037   0.188379   239.60        12.52     12        9.30992e+09   -1.61051e+10     0.34955         0.38242        1.66598      0.015146
       348        348    39.17816814    21.89362143    26.14395788   257.48    67.02    87.77  1.45325e+08       7.71    18.63       1.69    17.39   0.017617       0.5292       0.2349      -0.8154   1.000000   0.394185   0.917116  -0.059309   0.758098   0.699276  -0.257428   0.666891   0.658756  -0.596348   0.304351   0.742791  1016.50        1.827     12        2.19714e+10    -4.0551e+10     0.16421         0.20926        1.16943      0.022452
       347        347    38.97687503    21.99344393    26.01782771   177.78    68.55   122.74  1.44908e+08      12.50    13.02       3.37    12.83   0.020929       0.5989      -0.1827      -0.7797   1.000000  -0.385460   0.877608  -0.284999   0.942029   0.482232   0.454928   0.748660   0.796499   0.786684   0.151143  -0.598568   238.00        12.49     12        1.19331e+10   -2.01845e+10     0.34438         0.39963        1.76716      0.022696
