#  npart(1)  nvpart(2)      Xc(3)          Yc(4)          Zc(5)      VXc(6)   VYc(7)   VZc(8)    Mvir(9)      Rvir(10) Vmax(11)   Rmax(12) sigV(13) lambda(14)      Lx(15)       Ly(16)       Lz(17)     a(18)     Eax(19)    Eay(20)    Eaz(21)     b(22)     Ebx(23)    Eby(24)    Ebz(25)     c(26)     Ecx(27)    Ecy(28)    Ecz(29) ovdens(30)    Redge(31) nbins(32)     Ekin(33)       Epot(34)   mbp_offset(35)  com_offset(36)   r2(37)      lambdaE(38)
   1106811    1106811    38.75577395    21.52210588    26.06317397   116.67    92.24    21.90  4.62206e+11     186.89   182.17      52.87   196.44   0.021230      -0.4129       0.3404       0.8447   1.000000   0.571987  -0.500556   0.649827   0.836790  -0.394196   0.526996   0.752917   0.736137   0.719333   0.686818  -0.104118   227.24        186.9     33        8.91768e+15   -1.41752e+16     0.17083         6.67118       25.45270      0.019298
     49029      49029    38.28002724    22.13761120    25.80104792   146.80    58.96     8.81  2.04746e+10      66.13    63.64      20.80    65.15   0.058581      -0.8839       0.2822      -0.3729   1.000000  -0.381020   0.145676   0.913018   0.849864   0.170806   0.981602  -0.085339   0.797657   0.908653  -0.123433   0.398892   227.21        66.13     25        4.34534e+13   -7.69928e+13     0.11282         3.42216        5.86707      0.057111
     46776      46776    38.59198972    21.32535873    25.43618078   163.78   143.24    65.93  1.95337e+10      65.10    71.86      12.70    75.48   0.055868      -0.8874     -0.05317        0.458   1.000000  -0.616582   0.494413  -0.612685   0.914548   0.166662   0.842550   0.512184   0.739341   0.769448   0.213692  -0.601901   227.24         65.1     25        5.56512e+13   -8.67124e+13     0.17951         0.98498        5.64502      0.054509
     21791      21791    38.25477286    21.96230963    25.58173240   108.01    67.04    70.20  9.09995e+09      50.47    48.76      14.31    52.85   0.020922       0.9959     -0.06483      0.06248   1.000000  -0.357337   0.753409   0.551983   0.901899   0.805220  -0.050926   0.590785   0.855366   0.473213   0.655577  -0.588463   227.23        50.47     23        1.27072e+13   -1.95261e+13     0.07826         1.01131        9.88463      0.018077
     20983      20983    38.70809159    21.58819717    25.99953422    65.48   124.40  -205.59  8.76253e+09      49.85    52.19      19.58    72.87   0.079474      -0.9434      -0.2592      -0.2069   1.000000  -0.345979   0.850073   0.397082   0.781279   0.594501  -0.128794   0.793713   0.754669   0.725857   0.510673  -0.460809   227.04        49.84     23         2.3266e+13    -2.1955e+13     0.10365         2.29145        8.69902      0.031075
     16314      16314    38.21414002    22.04707452    25.46143882   104.66    41.64    94.16  6.81275e+09      45.83    48.63       8.06    49.67   0.024856        0.641       0.6648      -0.3836   1.000000  -0.122465   0.720360   0.682704   0.926186   0.242011  -0.645442   0.724455   0.857462   0.962514   0.253942  -0.095291   227.22        45.82     22        8.40475e+12   -1.45329e+13     0.04511         0.45875        5.59931      0.025913
     12342      12342    38.96324550    21.41520351    26.21979428    18.46   136.47  -107.42  5.15403e+09      41.76    44.20       9.07    46.44   0.032604      -0.2256      -0.6186       0.7526   1.000000   0.928776  -0.226490   0.293391   0.937153  -0.370055  -0.522102   0.768419   0.823811   0.020859   0.822260   0.568729   227.22        41.75     21        5.55732e+12   -8.80723e+12     0.14223         0.97819        8.05137      0.031233
     12206      12206    39.06138229    21.37475746    26.51820555    69.97   131.93   -42.50  5.09724e+09      41.61    42.39      12.74    44.84   0.014420        0.994      0.08135     -0.07273   1.000000  -0.695852   0.694909  -0.181362   0.881645   0.017177   0.268560   0.963110   0.761637   0.717980   0.667066  -0.198814   227.10        41.61     21        5.12405e+12   -8.19078e+12     0.19744         1.50692        8.99486      0.013544
     12142      12142    38.83733661    21.53962786    26.25705342   100.20   150.62   -35.16  5.07051e+09      41.53    53.25       7.48    51.51   0.009217      -0.5602       0.7041       0.4365   1.000000   0.400309   0.103110   0.910561   0.899903  -0.380536   0.922630   0.062818   0.865076   0.833634   0.371648  -0.408575   227.19        41.53     21        6.72732e+12    -1.1932e+13     0.14296         0.16700        5.22097      0.011327
     10769      10769    38.63105531    21.68828639    25.81971448   196.96   -28.85    46.22  4.49715e+09      39.90    43.05      11.60    42.17   0.031098       -0.822       0.1252      -0.5555   1.000000  -0.038119   0.235839   0.971044   0.922343  -0.648894   0.733151  -0.203534   0.857921   0.759923   0.637863  -0.125087   227.23         39.9     21         3.9993e+12    -7.3423e+12     0.21230         0.75615        8.07320      0.033849
      7941       7941    38.20273898    22.01972424    25.60869932    69.02    74.25    60.87  3.31617e+09      36.06    37.19       7.57    41.72   0.009730      -0.4867       0.6443      -0.5899   1.000000  -0.421777   0.805989   0.415315   0.850406   0.555214  -0.132545   0.821078   0.804348   0.716828   0.576900  -0.391592   226.98        36.06     20        2.88655e+12   -4.03142e+12     0.17651         1.45606        5.16351      0.007991
      6655       6655    38.85567277    21.35378834    25.78135643    14.28    65.82   128.21  2.77914e+09      33.99    31.81      10.02    32.84   0.026907      0.06705       0.5373       0.8407   1.000000  -0.595102   0.796098   0.109915   0.837641   0.706982   0.583634  -0.399434   0.677804   0.382139   0.159997   0.910149   227.22        33.99     20        1.49878e+12   -2.62056e+12     0.16335         1.64339        5.48130      0.025337
      5237       5237    38.08958594    22.01616929    25.52777842   115.16    18.97    35.08  2.18698e+09      31.38    30.05      13.91    31.70   0.056636     -0.08136      -0.8293       0.5528   1.000000   0.898909   0.177082   0.400755   0.913820  -0.421927   0.103383   0.900716   0.825049  -0.118070   0.978751  -0.167647   227.13        31.38     19        1.09907e+12   -1.84204e+12     0.15897         0.31803        5.43430      0.052998
      5195       5195    38.89160406    21.52500691    26.19824757   -45.46   227.52    47.59  2.16944e+09      31.30    32.72       7.33    33.61   0.016775      -0.8389       0.3023      -0.4527   1.000000   0.925090  -0.378311   0.033000   0.918067   0.012748   0.117788   0.992957   0.843828   0.379534   0.918154  -0.113787   227.12         31.3     19        1.22532e+12   -2.11585e+12     0.11465         0.37467        3.16750      0.017301
      4003       4003    38.69153477    21.57910617    25.94331405   -96.43     9.67    22.11  1.67166e+09      28.95    31.43       8.50    32.71   0.039659      -0.7615     -0.02063       0.6479   1.000000  -0.255264  -0.605518   0.753783   0.820410  -0.810004   0.559627   0.175248   0.654103   0.527953   0.565832   0.633324   221.16        28.87     18        8.94271e+11   -1.45761e+12     0.32801         0.49161        5.93277      0.040606
      3878       3878    38.44887670    21.78413239    25.91347721   147.63    35.90   124.82  1.61946e+09      28.40    31.52       5.63    30.35   0.026192       0.6056        0.698        0.382   1.000000  -0.559601   0.251740   0.789604   0.970435  -0.313339   0.817764  -0.482785   0.875225   0.767246   0.517580   0.378741   226.85         28.4     18        7.45746e+11   -1.37713e+12     0.10325         0.19763        2.89714      0.029028
      3705       3705    38.14188214    22.18496490    25.39549888    87.52    47.20    95.47  1.54721e+09      27.97    31.15       7.25    31.20   0.023711      -0.9386       0.3302     -0.09959   1.000000  -0.223878   0.579566   0.783570   0.834479   0.958326   0.277291   0.068710   0.759852  -0.177455   0.766298  -0.617493   227.05        27.96     18        7.53292e+11   -1.27199e+12     0.18098         0.31430        3.72720      0.024738
      3553       3553    38.20037987    22.07373515    25.59003048    72.51    76.30   128.12  1.48374e+09      27.60    27.82       9.40    30.13   0.044665      -0.6796       0.6578      -0.3247   1.000000   0.826135   0.475840   0.301789   0.867612  -0.437778   0.204829   0.875440   0.847411  -0.354754   0.855349  -0.377529   226.49        27.59     18        6.73477e+11   -1.07165e+12     0.05401         0.39296        3.69686      0.042296
      2791       2791    38.16739562    22.09972602    25.46754541    92.30    49.85    64.87  1.16552e+09      25.47    29.15       6.50    28.58   0.010855      -0.9745      -0.1889      -0.1212   1.000000  -0.672072   0.736505  -0.076675   0.964745   0.036631   0.136488   0.989964   0.876218   0.739579   0.662519  -0.118709   226.52        25.46     17        4.76035e+11   -8.54345e+11     0.13914         0.35396        2.52456      0.012252
      2697       2697    38.35745890    22.03795077    25.58705417    74.57    66.47   112.54  1.12627e+09      25.16    23.28      15.07    26.38   0.043182      -0.9982      0.02964      0.05253   1.000000   0.696784   0.325218   0.639316   0.712272   0.056941   0.863413  -0.501275   0.628465  -0.715017   0.385684   0.583094   226.96        25.16     17        3.91863e+11   -5.14172e+11     0.26266         5.68344       13.36126      0.028506
      2644       2644    38.75657940    21.56979895    25.93550958   -42.35    77.31    91.53  1.10414e+09      25.03    32.77       4.71    31.67   0.019302      -0.7849      -0.5955       -0.171   1.000000  -0.448690  -0.299706   0.841934   0.822508   0.875789  -0.335063   0.347459   0.679838   0.177965   0.893258   0.412819   226.03        25.02     17        5.53857e+11   -1.00201e+12     0.15024         0.46762        2.36787      0.024814
      2087       2087    38.71402316    21.38919178    25.97935209   162.98    31.65   133.92  8.71534e+08      23.15    29.78       4.59    28.73   0.027067       0.3338      -0.6525       0.6803   1.000000   0.365871   0.727801   0.580038   0.863097  -0.154254  -0.567207   0.809001   0.759843   0.917793  -0.385462  -0.095258   225.33        23.14     17        3.59762e+11   -6.51454e+11     0.16479         0.17596        1.80396      0.034208
      2037       2037    38.17565557    22.30801149    25.79179293   137.28    42.13    10.05  8.50654e+08      22.98    23.07       5.11    25.02   0.015113      -0.8066      -0.5546       0.2046   1.000000   0.751851  -0.602522  -0.267746   0.958698   0.628542   0.777630   0.015057   0.829237   0.199136  -0.179610   0.963372   225.05        22.95     17         2.6636e+11   -3.92595e+11     0.26314         0.85522        3.54075      0.012824
      2033       2033    39.00336018    21.31248223    26.25325850    76.59   146.88  -106.81  8.48983e+08      22.91    26.50       4.20    25.84   0.006699       0.5563         0.36        0.749   1.000000   0.552229  -0.113477   0.825934   0.923663  -0.316937   0.887738   0.333876   0.853361   0.771099   0.446144  -0.454270   226.68         22.9     17        2.83383e+11   -5.03812e+11     0.08353         0.56650        2.77738      0.007515
      1993       1993    38.94763803    21.05344294    26.64633836   190.80   172.33   -17.79  8.32279e+08      22.75    20.78      13.27    22.04   0.045364      -0.2741      -0.8113      -0.5163   1.000000   0.838249   0.391621  -0.379437   0.891893   0.498579  -0.268671   0.824157   0.782712  -0.220813   0.880028   0.420467   226.82        22.75     16         2.0221e+11   -3.29781e+11     0.25162         0.24661        8.94183      0.039356
      1881       1881    38.25715853    22.16322877    25.91117558   151.24     8.99    35.64  7.85508e+08      22.32    23.62       7.23    24.09   0.030665       0.4009      -0.7827      -0.4762   1.000000  -0.236220  -0.260215   0.936210   0.934038  -0.174468   0.959177   0.222578   0.914364   0.955909   0.110761   0.271976   226.80        22.31     16        2.27963e+11   -3.88326e+11     0.17653         0.41533        3.61013      0.031302
      1865       1865    39.37089588    20.72280505    25.88334058   118.06   163.33    29.10  7.78826e+08      22.25    23.98       4.42    23.98   0.037689      -0.4362       0.2434      -0.8663   1.000000  -0.164682   0.930925   0.325972   0.901772   0.311136  -0.264582   0.912793   0.801405   0.935988   0.251742  -0.246073   226.83        22.25     16        2.23935e+11   -3.89888e+11     0.22336         0.21496        2.97826      0.039414
      1672       1672    38.95074276    21.27956913    26.02507526   165.80    57.41   -22.02  6.98229e+08      21.48    27.70       4.26    26.62   0.031708      -0.5425      -0.8107       0.2201   1.000000  -0.708985   0.666105   0.231613   0.915209  -0.205563  -0.509359   0.835642   0.797541   0.674599   0.544846   0.498054   226.23        21.47     16        2.47462e+11   -4.19248e+11     0.21699         0.24372        2.86742      0.036969
      1662       1662    39.16969657    21.34563737    26.41113705    70.06   120.88   -68.55  6.94053e+08      21.49    24.26       4.83    24.11   0.007373      -0.7397      -0.4978      -0.4528   1.000000  -0.023166   0.035194   0.999112   0.958196   0.993816  -0.107744   0.026838   0.909540   0.108593   0.993556  -0.032480   224.35        21.47     16        2.01748e+11    -3.5895e+11     0.15112         0.49478        2.31594      0.008276
      1629       1629    39.20137104    21.15010513    26.00475695    76.25   184.78    37.89  6.80272e+08      21.26    21.54       4.07    21.77   0.013502       0.6169      -0.5043       0.6042   1.000000   0.663757  -0.321734   0.675214   0.893562  -0.191399   0.799632   0.569170   0.850559   0.723045   0.507026  -0.469182   227.05        21.26     16        1.61175e+11   -2.85211e+11     0.11424         0.58733        2.06045      0.013663
      1599       1599    39.22711671    21.12487625    25.81145632    57.82    95.78    64.67  6.67744e+08      21.15    21.66       6.15    23.11   0.062744      -0.3961     -0.09506      -0.9133   1.000000   0.663544   0.062370  -0.745533   0.969420   0.476858  -0.803116   0.357228   0.856790   0.576469   0.592549   0.562644   226.50        21.14     16        1.78355e+11   -2.75039e+11     0.26174         1.24370        5.47645      0.056951
      1581       1581    38.66921972    21.67939205    26.02045467   172.87   -37.36   194.23  6.60227e+08      21.05    21.55       3.17    23.56   0.061892       0.5012      -0.5045        0.703   1.000000  -0.117535   0.818614   0.562189   0.880566   0.712468  -0.324855   0.621980   0.833569   0.691791   0.473646  -0.545054   227.15        21.05     16        1.83292e+11   -2.71963e+11     0.20058         1.86999        2.13418      0.054283
      1510       1510    39.14685212    21.22458913    26.47518556   140.83   203.15   -20.71  6.30578e+08      20.74    20.57       9.55    21.38   0.017559       0.3548       0.8422      -0.4059   1.000000   0.857680  -0.458817  -0.232101   0.859675  -0.180362  -0.691173   0.699821   0.784415   0.481512   0.558360   0.675559   226.77        20.74     16        1.44162e+11   -2.36773e+11     0.25087         0.81275        3.89390      0.016358
      1461       1461    39.13332301    21.16575463    26.13188024    80.98   190.02    66.07  6.10115e+08      20.52    21.68       5.72    21.58   0.036433      -0.8157       -0.559      -0.1491   1.000000   0.038825  -0.335833   0.941121   0.954872  -0.587634   0.754084   0.293332   0.817486   0.808195   0.564423   0.168070   226.49        20.52     16        1.42067e+11   -2.50838e+11     0.28405         0.66965        3.92913      0.037816
      1444       1444    38.78845993    21.48814767    26.13635191   -50.00   168.78    99.33  6.03016e+08      11.53    27.73       5.80    28.93   0.013566          0.2      -0.5761      -0.7925   1.000000   0.763671  -0.503411   0.404207   0.923491  -0.177599   0.438127   0.881194   0.811870   0.620697   0.744729  -0.245180  1264.02        2.072     16        2.52313e+11   -4.04637e+11     0.22047         0.24142        3.29388      0.012634
      1358       1358    38.61898813    21.54419905    25.86504001    16.31   188.12   -26.77  5.67102e+08      20.01    20.50       4.08    21.50   0.062167      -0.7442      -0.5228       0.4158   1.000000   0.457404   0.032819   0.888653   0.883006  -0.304700   0.944609   0.121949   0.740165   0.835428   0.326553  -0.442068   227.17        20.01     15        1.31095e+11   -2.07676e+11     0.33261         0.20802        2.11828      0.057514
      1321       1321    38.57380807    21.77463939    25.96180548   177.01   -41.88    72.16  5.51651e+08      19.87    20.27       6.13    20.70   0.013337      -0.6973      -0.5291      -0.4836   1.000000  -0.264753  -0.155684   0.951666   0.918083   0.856056   0.416374   0.306270   0.845900  -0.443930   0.895765   0.023038   225.80        19.85     15        1.18192e+11   -2.01182e+11     0.22042         0.77277        3.98651      0.013157
      1320       1320    38.79261952    21.44559969    26.12138312   267.64  -110.61   -43.92  5.51234e+08      13.95    24.10       6.69    28.84   0.009442       0.6114       0.5253       0.5918   1.000000  -0.105299  -0.228580   0.967814   0.808805  -0.676387   0.729890   0.098796   0.759018   0.728980   0.644214   0.231465   651.57        4.866     15        2.29278e+11   -2.86665e+11     0.30788         0.69251        2.24217      0.006496
      1274       1274    38.30692259    22.19002058    25.46202454    89.53    73.24   104.49  5.32024e+08      19.59    18.75       8.67    19.71   0.010347       0.6956      -0.7146      -0.0735   1.000000   0.907714   0.373259  -0.191659   0.840043   0.194712   0.029901   0.980405   0.813634  -0.371675   0.927245   0.045536   227.02        19.59     15        1.03337e+11   -1.70614e+11     0.17224         0.82168        4.44016      0.009464
      1227       1227    39.10951193    20.95407160    25.72866584   135.22   164.22    58.55  5.12397e+08      19.36    19.83       5.93    19.80   0.023479      -0.9974      0.06979      -0.0199   1.000000  -0.469737   0.742745  -0.477155   0.916940   0.823298   0.563654   0.066894   0.750049  -0.318636   0.361418   0.876270   226.51        19.36     15        1.00485e+11    -1.7766e+11     0.09162         0.33616        3.84815      0.023741
      1219       1219    38.82359054    21.50475088    26.21604132   -55.06   247.56   -38.25  5.09056e+08      19.43    21.03       6.68    21.76   0.046973      -0.1814      -0.5264       0.8306   1.000000   0.411315   0.017443   0.911326   0.964096   0.625811  -0.732327  -0.268435   0.829127   0.662706   0.680730  -0.312133   222.66         19.4     15        1.20526e+11    -1.9801e+11     0.15953         1.22600        3.45772      0.047990
      1192       1192    39.37259587    20.67584462    25.88207994   116.90   178.87    32.66  4.97781e+08      19.18    18.40       7.54    19.72   0.028027      -0.7548       -0.401      -0.5191   1.000000   0.529205  -0.185900   0.827879   0.911963  -0.125021   0.947970   0.292784   0.817824   0.839233   0.258445  -0.478429   226.41        19.17     15         9.6804e+10   -1.51362e+11     0.16911         1.16620        4.78767      0.024411
      1177       1177    39.07584411    21.27708689    26.16495975    53.63   208.19    61.69  4.91517e+08      19.08    20.39       3.88    20.26   0.016306      -0.3252     -0.05665        0.944   1.000000   0.144331  -0.648835   0.747115   0.932993  -0.330597   0.680019   0.654431   0.795205   0.932670   0.341449   0.116355   227.22        19.08     15        1.00866e+11   -1.73989e+11     0.26224         0.56724        2.62950      0.016607
      1137       1137    38.48671401    21.79701913    25.68717985   151.87   102.75   132.53  4.74813e+08      18.94    20.49       2.95    19.86   0.023522       0.1595       0.5004        0.851   1.000000   0.513617   0.823980  -0.239280   0.984333   0.301794   0.087565   0.949343   0.824137   0.803192  -0.559812  -0.203697   224.19        18.92     15        9.36197e+10   -1.68855e+11     0.23118         0.98164        2.60443      0.025065
      1107       1107    38.46278004    21.48559844    26.04043353    79.96    63.95    67.17  4.62285e+08      18.71    19.28       3.78    21.80   0.055540     -0.02702      -0.9632      -0.2674   1.000000   0.861391   0.162327  -0.481306   0.854040   0.506502  -0.203190   0.837956   0.737090  -0.038227   0.965590   0.257245   226.40        18.71     15        1.09837e+11   -1.51159e+11     0.28329         0.26424        1.14703      0.044777
       990        990    38.31832743    22.18690107    25.87996869   202.28   112.16   -39.81  4.13425e+08      18.02    17.91       6.38    19.28   0.017836      -0.7957      -0.5985     -0.09312   1.000000  -0.184379   0.476200   0.859790   0.978325   0.813266  -0.417306   0.405530   0.851659   0.551908   0.774009  -0.310335   226.92        18.01     15        7.68337e+10   -1.19367e+11     0.32482         0.65585        3.36075      0.016006
       973        973    38.39219207    21.45026439    26.46406209   198.16   137.79   -44.96  4.06326e+08      17.93    17.84       5.48    20.53   0.018158      -0.9436        0.228      -0.2399   1.000000   0.861106   0.223454   0.456690   0.823209  -0.508202   0.351646   0.786177   0.766519  -0.015081   0.909073  -0.416365   226.17        17.92     15         8.5591e+10   -1.14788e+11     0.40526         0.68485        3.04660      0.013704
       947        947    38.24843993    22.14268684    25.82446523   165.79    60.29   -11.08  3.95468e+08      17.75    19.77       3.94    22.24   0.020524      -0.7293       0.6842      0.00777   1.000000   0.850933  -0.102348  -0.515207   0.740797   0.349884  -0.621128   0.701271   0.711475   0.391783   0.776997   0.492729   226.95        17.75     14        9.77929e+10   -1.31247e+11     0.21317         0.73076        2.53406      0.016950
       931        931    39.11261454    21.48379677    26.22653021    94.21   134.97   -78.35  3.88787e+08      17.66    19.27       3.29    19.64   0.022988      0.03106       0.8473      -0.5303   1.000000   0.997115   0.029821   0.069799   0.880556  -0.074112   0.183934   0.980141   0.869058  -0.016391   0.982486  -0.185613   226.48        17.66     14        7.49562e+10   -1.23255e+11     0.27563         0.56225        2.18110      0.023146
       867        867    38.98973181    21.40382761    26.12493688   -10.19   223.70    58.45   3.6206e+08      17.24    17.80       4.96    17.26   0.021097     -0.06085      -0.1346        0.989   1.000000   0.861956  -0.341827   0.374414   0.913143  -0.163955   0.510886   0.843869   0.889576   0.479740   0.788765  -0.384316   226.83        17.24     14        5.39343e+10   -9.98343e+10     0.31902         0.18434        3.43881      0.021968
       844        844    38.81135437    21.52067554    25.92251932    86.53   219.96   -71.79  3.52455e+08      17.87    21.17       3.76    21.39   0.008145       0.7863      -0.1087       0.6082   1.000000  -0.683448   0.462911   0.564457   0.902354   0.030510  -0.754441   0.655659   0.723985   0.729361   0.465330   0.501498   198.39        17.69     14           8.06e+10   -1.32472e+11     0.09162         0.27651        2.38132      0.009429
       843        843    38.75079573    21.44754711    25.94598851   145.16   100.44   162.45  3.52038e+08      17.07    25.96       3.10    23.18   0.008627      -0.5932       0.8005      -0.0857   1.000000  -0.235396   0.402971   0.884422   0.835794   0.908129  -0.233000   0.347868   0.711961   0.346251   0.885057  -0.311102   226.99        17.07     14        9.45538e+10   -1.93657e+11     0.22742         0.16487        2.04485      0.013511
       823        823    39.22071218    21.29316525    26.34353653    92.65   184.66    -3.14  3.43686e+08      17.00    16.63       5.89    17.58   0.054423       0.6162      0.01212       0.7875   1.000000   0.610194  -0.512484  -0.604171   0.929196   0.422585  -0.434516   0.795373   0.744847   0.670138   0.740646   0.048571   224.34        16.98     14        5.30889e+10   -8.37761e+10     0.23029         0.27761        3.99654      0.048481
       804        804    39.04625544    21.32838873    26.15892686    18.30   195.35    53.89  3.35751e+08      16.84    17.32       3.89    17.79   0.028401      -0.7051      -0.2505       0.6633   1.000000  -0.277079   0.841464   0.463860   0.896944  -0.420716  -0.540271   0.728770   0.840180   0.863843   0.006773   0.503715   225.45        16.83     14        5.31407e+10   -8.71948e+10     0.07501         0.49682        1.89148      0.027153
       785        785    39.32632659    21.09407377    26.45246524    89.39   145.28    -9.09  3.27817e+08      16.67    18.24       5.18    19.26   0.030232       0.9768       0.2115     -0.03349   1.000000   0.994987  -0.080404   0.059464   0.976502   0.032383   0.821628   0.569104   0.881806  -0.094615  -0.564325   0.820113   227.13        16.67     14        6.08146e+10   -9.47313e+10     0.19201         0.77299        3.37563      0.029390
       780        780    38.80295504    21.61193951    26.07025787   -10.12   224.38   218.71  3.25729e+08      12.61    18.94       5.50    21.89   0.031818      -0.6352      -0.7595      -0.1404   1.000000  -0.667593  -0.243981   0.703415   0.944947  -0.205165   0.968488   0.141205   0.828162   0.715701   0.050049   0.696612   521.83         5.49     14        7.80177e+10    -1.0542e+11     0.13229         0.58300        3.66604      0.024333
       758        758    38.58697510    21.43408212    26.11370759   212.15    73.48   189.29  3.16542e+08      16.49    15.94       5.01    18.07   0.045405       0.3228      -0.9107       0.2578   1.000000   0.758505   0.593726   0.268624   0.954419  -0.419896   0.130050   0.898206   0.819062  -0.498354   0.794088  -0.347947   226.76        16.48     14        5.16677e+10   -7.12887e+10     0.20002         1.34452        3.24039      0.034577
       746        746    38.72630775    21.63261856    25.88388224   169.98   116.53   210.40   3.1153e+08      13.70    17.01       6.91    18.30   0.043891       0.5017      -0.4111       0.7611   1.000000   0.111927   0.993578  -0.016601   0.921063   0.806653  -0.100601  -0.582400   0.843610   0.580330  -0.051795   0.812733   388.89        8.005     14        5.21582e+10   -8.09445e+10     0.15490         0.33685        3.92872      0.037498
       740        740    38.95775150    21.41970267    25.97649666   167.42    62.05   -40.17  3.09025e+08      16.35    16.31       4.37    18.06   0.044526      -0.7775      -0.6198      -0.1066   1.000000   0.644937  -0.558910  -0.521225   0.879032   0.427937  -0.300961   0.852228   0.737576   0.633187   0.772685  -0.045077   227.04        16.35     14        5.03829e+10   -7.17177e+10     0.26790         0.34911        2.96804      0.036065
       721        721    38.52006639    21.93150644    25.71842438   120.41    79.72   126.76   3.0109e+08      16.42    18.08       3.77    17.90   0.011987     -0.08468       0.8481        0.523   1.000000   0.470193   0.536559   0.700730   0.954386  -0.471465  -0.518487   0.713367   0.942333   0.746083  -0.665790   0.009180   218.48        16.36     14        4.82158e+10   -8.73002e+10     0.12890         0.40150        1.82804      0.013515
       719        719    38.96823726    21.54090732    26.31776427   144.07    85.64    41.05  3.00255e+08      16.20    18.84       3.69    18.04   0.009094       0.4965       0.7778      -0.3854   1.000000   0.819801   0.343211   0.458403   0.890919  -0.196001  -0.583976   0.787753   0.774803  -0.538062   0.735648   0.411474   226.73         16.2     14        4.88407e+10   -8.91042e+10     0.12964         0.17764        2.39327      0.010367
       716        716    39.04387591    21.08867411    26.66837814   163.59   170.79   -24.66  2.99002e+08      16.18    15.92       5.51    16.92   0.052179       0.1899       0.9796     -0.06614   1.000000   0.314606  -0.111389   0.942664   0.887324   0.897315   0.358801  -0.257073   0.835512  -0.309594   0.926744   0.212832   226.44        16.18     14        4.27783e+10   -6.62444e+10     0.28492         0.76814        2.83748      0.045579
       713        713    38.86218767    21.54390097    25.97187898    52.04    73.18     3.00   2.9775e+08      14.80    23.92       2.54    21.82   0.015706      0.06837      -0.9956      0.06467   1.000000   0.746191   0.505954  -0.432677   0.868101   0.158031   0.496731   0.853396   0.720929  -0.646703   0.705173  -0.290700   294.70        11.41     14        7.08711e+10   -1.39457e+11     0.02985         0.25931        1.65497      0.022526
       694        694    39.23302056    21.01346477    25.87151943   137.36   178.78    31.47  2.89815e+08      16.01    15.50       5.87    17.82   0.050323      -0.9415       0.2194      -0.2557   1.000000   0.657664   0.742875   0.124961   0.905704   0.749269  -0.662234  -0.006487   0.778317  -0.077935  -0.097896   0.992140   226.47        16.01     14        4.59978e+10    -6.1724e+10     0.12411         0.53411        3.16155      0.036932
       687        687    38.68270823    21.39798437    25.74341194   141.22   204.72   107.38  2.86892e+08      15.96    16.93       3.28    16.60   0.015544      -0.3955      -0.9184    -0.005315   1.000000   0.031998   0.244004   0.969246   0.887464  -0.619027   0.766202  -0.172452   0.836718   0.784718   0.594471  -0.175562   226.36        15.96     14         3.9548e+10   -7.26784e+10     0.18277         0.55596        2.06747      0.016700
       681        681    38.27885271    22.13453105    25.76964159   158.63    38.11    -5.50  2.84386e+08      15.76    14.62      11.99    23.78   0.108556       -0.514      -0.1561       0.8435   1.000000   0.477218   0.848015  -0.230506   0.924865  -0.425809   0.452589   0.783486   0.844359   0.768733  -0.275742   0.577076   233.16        15.36     14        8.04354e+10   -5.27438e+10     0.08656         1.73758        8.02610      0.106880
       677        677    39.11079268    21.06232493    26.14069948    46.23   159.14    33.04  2.82716e+08      15.88    14.44       7.07    16.37   0.019222     -0.06794       0.2155      -0.9741   1.000000   0.372927   0.656128   0.656065   0.991852   0.927701  -0.250564  -0.276745   0.925741  -0.017194   0.711838  -0.702133   226.43        15.88     14        3.78638e+10   -5.61836e+10     0.20125         0.97956        1.62051      0.015544
       668        668    39.01181771    21.08272424    26.67053215   166.36   169.57   -37.59  2.78958e+08      15.80    16.01       3.03    16.53   0.065843      -0.7555       0.1373       0.6406   1.000000   0.222739  -0.505851   0.833368   0.843025   0.626265   0.729370   0.275339   0.790986   0.747114  -0.460580  -0.479256   226.91         15.8     14         3.8123e+10   -6.12748e+10     0.19766         0.70909        1.16616      0.060508
       657        657    38.33001048    22.19938593    25.45591426    79.15    68.66   112.95  2.74364e+08      15.71    15.79       8.47    17.52   0.032620       0.3918      -0.6194       0.6804   1.000000   0.956766   0.138453  -0.255791   0.812979   0.281334  -0.217319   0.934678   0.742695  -0.073821   0.966231   0.246875   227.09        15.71     13        4.20926e+10    -6.1498e+10     0.02344         0.83899        5.38974      0.027823
       652        652    39.14910417    20.86955509    25.83104894   160.47   188.71    16.01  2.72276e+08      15.67    16.52       3.39    16.60   0.036404      -0.9229       0.3098      -0.2287   1.000000  -0.700241   0.679196   0.219899   0.930766   0.688444   0.723964  -0.043822   0.784386   0.188962  -0.120702   0.974538   227.24        15.67     13         3.7521e+10   -6.23334e+10     0.40869         1.00184        2.32860      0.035331
       638        638    38.90329970    21.47408137    26.39381945   142.36    96.90    68.59   2.6643e+08      15.56    19.39       2.65    18.73   0.019347      -0.4378      0.02405       0.8988   1.000000   0.564724   0.086752   0.820707   0.831235   0.640188  -0.673627  -0.369305   0.791867   0.520813   0.733962  -0.435951   227.08        15.56     13         4.6751e+10   -7.89724e+10     0.25326         0.33542        1.71793      0.021790
       632        632    38.80149224    21.48560134    26.16625449   205.13  -140.45   -55.40  2.63924e+08      11.03    18.44       5.54    19.66   0.022062      0.06821       0.9413       0.3306   1.000000  -0.505948   0.572795   0.644921   0.948040   0.460473  -0.452865   0.763464   0.760069   0.729370   0.683242  -0.034631   631.43        3.969     13        5.10107e+10   -7.78889e+10     0.45214         0.42022        3.14544      0.019290
       626        626    38.39802890    21.67753959    25.82549422   163.15    32.69    92.25  2.61418e+08      15.46    16.57       5.20    16.47   0.010921      -0.3889       0.6145       0.6864   1.000000   0.998707   0.030456  -0.040691   0.859645   0.050800  -0.624344   0.779496   0.758644   0.001665   0.780555   0.625084   227.12        15.46     13        3.54373e+10   -6.35404e+10     0.27251         0.52445        2.02520      0.011670
       615        615    38.13637346    22.34937519    25.78206006   133.92    46.03    -4.38  2.56825e+08      15.38    15.69       3.54    15.80   0.053833      -0.9737      -0.1644       -0.158   1.000000   0.042583  -0.628556   0.776598   0.955574  -0.226704   0.750949   0.620227   0.868337   0.973032   0.202469   0.110518   226.75        15.37     13        3.20664e+10   -5.70392e+10     0.28562         0.86214        2.30134      0.055051
       609        609    38.64447089    21.55551232    26.05851340   133.46   189.79   125.42  2.54319e+08      15.90    20.46       3.65    19.60   0.024462      -0.4779      -0.1498      -0.8656   1.000000   0.958072   0.131658   0.254487   0.799809  -0.025162   0.923408  -0.382994   0.743472  -0.285419   0.360533   0.888005   203.06        15.78     13        4.88551e+10   -8.68831e+10     0.15774         0.48568        1.76622      0.031699
       599        599    38.30486009    21.34776016    25.39514831   205.33   136.68    26.30  2.50143e+08      15.25    14.58       5.13    15.31   0.022545      -0.9436      -0.1212       0.3083   1.000000   0.875794   0.080586   0.475910   0.926277   0.065175   0.957193  -0.282019   0.860451  -0.478264   0.278008   0.833052   226.54        15.24     13        2.93143e+10     -4.819e+10     0.20550         0.55464        1.99392      0.020493
       585        585    38.84416444    21.30931483    26.17921041    38.93   247.09   -49.46  2.44297e+08      15.58    16.50       3.98    16.42   0.072521       0.6598     -0.04831       0.7499   1.000000   0.126974   0.927688  -0.351102   0.891132   0.872174  -0.273008  -0.405930   0.821767   0.472430   0.254679   0.843770   207.39        15.43     13        3.29169e+10   -5.45587e+10     0.06334         0.35324        2.66835      0.073055
       553        553    38.15767425    21.98818253    25.58995036   134.94    88.82    58.89  2.30933e+08      14.97    14.83       5.73    15.08   0.033148       0.7843        0.124       0.6079   1.000000  -0.206564  -0.411807   0.887551   0.955374   0.861776  -0.506130  -0.034270   0.856868   0.463329   0.757791   0.459433   220.88        14.93     13        2.62577e+10   -4.48415e+10     0.08664         0.49089        3.58642      0.032089
       540        540    38.09951763    21.85409190    25.55417620    75.99    62.98    40.60  2.25505e+08      14.72    14.54       4.50    14.59   0.025669      -0.2621      -0.9582      -0.1147   1.000000   0.865706  -0.239953   0.439289   0.792861  -0.074776   0.805766   0.587494   0.729503  -0.494935  -0.541445   0.679615   226.80        14.72     13        2.40103e+10   -4.15169e+10     0.23678         0.84500        3.92751      0.024493
       536        536    39.09660430    21.27421936    26.49105903   160.56   188.50   -55.90  2.23834e+08      14.97    15.46       3.60    15.65   0.033005      0.05102      -0.9013      -0.4302   1.000000   0.168801  -0.519192   0.837822   0.919261   0.637286   0.705936   0.309065   0.803862   0.751913  -0.481762  -0.450037   214.23        14.89     13         2.7413e+10   -4.73782e+10     0.27228         1.17216        1.78361      0.034164
       533        533    38.83990821    21.55284987    26.12719834    46.79    65.24    16.17  2.22581e+08      14.73    19.65       2.74    17.83   0.029949       0.7523      0.07342      -0.6547   1.000000   0.734587   0.409202   0.541235   0.770808  -0.366967   0.910548  -0.190360   0.582290  -0.570716  -0.058780   0.819041   223.37        14.71     13        3.53655e+10   -6.75271e+10     0.24568         0.38549        2.40698      0.039257
       527        527    39.07428869    21.35787194    26.51014920    45.61   146.76   -47.59  2.20076e+08      14.77    17.18       3.13    20.31   0.030472       0.1256       0.8764      -0.4648   1.000000  -0.432322   0.881420   0.190252   0.797767   0.339324  -0.036456   0.939963   0.693846   0.835438   0.470924  -0.283326   219.13        14.73     13        4.54096e+10   -5.42675e+10     0.22956         0.60516        1.98689      0.021228
       518        518    38.90040314    21.30286179    26.15678790   255.97   102.26    57.11  2.16317e+08      14.60    16.01       4.15    15.65   0.061822       0.7398        0.457      -0.4939   1.000000  -0.481837   0.856527  -0.184915   0.785518   0.576235   0.468704   0.669530   0.735933   0.660141   0.216050  -0.719400   223.21        14.57     13        2.65049e+10   -4.68274e+10     0.28205         0.30069        2.22862      0.065973
       499        499    39.33416004    20.79814236    25.69167971    91.37   138.92    59.00  2.08383e+08      14.37    13.41       3.01    14.21   0.035901       0.5184      -0.5571       0.6488   1.000000   0.760757  -0.053012  -0.646868   0.890101   0.648518   0.101936   0.754343   0.802394  -0.025950   0.993377  -0.111928   225.34        14.35     13        2.10527e+10   -3.39539e+10     0.13184         0.29977        2.66026      0.031441
       484        484    38.89558384    21.36815611    26.39671495   131.20   128.84    81.44  2.02119e+08      14.19    19.88       2.97    18.08   0.011697       0.7643      -0.4943      -0.4141   1.000000   0.517193  -0.192374   0.833969   0.910782   0.460671  -0.758649  -0.460688   0.860173   0.721314   0.622450  -0.303747   226.93        14.19     13        3.30237e+10   -6.70979e+10     0.13476         0.04668        1.88123      0.017058
       476        476    38.87350257    21.63024300    25.97226642   -25.51   137.24  -113.95  1.98778e+08      14.14    14.43       4.58    14.93   0.044473      -0.4201       0.8627       0.2816   1.000000   0.929275   0.247375   0.274324   0.814012  -0.143689  -0.442074   0.885395   0.735210  -0.340296   0.862193   0.375263   225.88        14.13     13        2.21434e+10   -3.77559e+10     0.23377         0.63851        1.30097      0.044547
       474        474    38.31782949    21.31256754    25.39644990   212.77   135.69    17.69  1.97943e+08      14.13    14.47       3.24    16.66   0.024711      -0.4902      -0.6296       0.6028   1.000000   0.726335   0.432960   0.533838   0.891179  -0.569932  -0.054769   0.819865   0.833697  -0.384206   0.899748  -0.206977   225.39        14.11     13        2.74799e+10   -3.49994e+10     0.31793         0.61037        2.26217      0.017245
       468        468    38.84298308    21.37115857    25.77896230    -2.66    49.01   132.15  1.95437e+08      10.76    17.36       2.75    19.22   0.027550      -0.2522       0.9668      0.04019   1.000000  -0.325217   0.933438  -0.151418   0.895708   0.944993   0.326720  -0.015553   0.853910  -0.034954   0.148147   0.988347   502.89        4.864     13        3.60806e+10   -5.02553e+10     0.27976         0.23588        1.84592      0.023338
