#  npart(1)  nvpart(2)      Xc(3)          Yc(4)          Zc(5)      VXc(6)   VYc(7)   VZc(8)    Mvir(9)      Rvir(10) Vmax(11)   Rmax(12) sigV(13) lambda(14)      Lx(15)       Ly(16)       Lz(17)     a(18)     Eax(19)    Eay(20)    Eaz(21)     b(22)     Ebx(23)    Eby(24)    Ebz(25)     c(26)     Ecx(27)    Ecy(28)    Ecz(29) ovdens(30)    Redge(31) nbins(32)     Ekin(33)       Epot(34)   mbp_offset(35)  com_offset(36)   r2(37)      lambdaE(38)
   1654237    1654237    39.45553379    22.08919389    26.16820979   113.25   101.01    17.11  6.90811e+11     204.02   185.76      45.42   187.84   0.022492       0.2488       0.6614       0.7075   1.000000  -0.065324   0.270552   0.960487   0.873257   0.884529  -0.429839   0.181236   0.800820   0.461888   0.861418  -0.211232   261.08          204     35        1.21872e+16   -2.09959e+16     0.08849         4.00406       17.39223      0.023811
     88778      88778    38.99982299    22.40305273    26.03969015   169.02    58.71    66.35  3.70738e+10      76.96    57.50      47.05    63.45   0.058730      -0.3825      -0.1217       0.9159   1.000000   0.713110   0.692185  -0.111146   0.907730  -0.056612   0.214881   0.974998   0.861228  -0.698762   0.688989  -0.192420   261.07        76.96     27        7.46304e+13   -1.14243e+14     0.07113         8.00730       32.77462      0.047716
     74675      74675    39.06626826    22.34535421    25.91088804   127.78    25.26    57.35  3.11844e+10      72.64    67.42      15.89    73.22   0.078946      -0.5296       0.7435      -0.4083   1.000000  -0.176860   0.496140   0.850039   0.823734   0.952732   0.303062   0.021339   0.773982  -0.247027   0.813633  -0.526288   261.07        72.64     26        8.36009e+13   -1.21659e+14     0.03015         2.90469       10.95033      0.072618
     47192      47192    39.44173265    22.06420332    26.23866596    10.75   -66.74   152.62  1.97074e+10      46.85    72.73       9.83    95.34   0.045195      -0.2289      -0.9175       0.3252   1.000000   0.074532   0.643874   0.761493   0.772156   0.185086   0.741417  -0.645014   0.702007   0.979892  -0.189015   0.063913   615.21        19.88     25        8.95635e+13   -9.30045e+13     0.04674         0.54392        3.99012      0.015884
      5674       5674    39.07157907    22.37232264    25.95198389   220.74    89.48    91.04  2.36947e+09      25.35    31.20       7.03    33.88   0.028004      -0.7426      -0.4588       0.4879   1.000000   0.792143   0.043617  -0.608775   0.845176   0.468426   0.595975   0.652220   0.720320  -0.391263   0.801818  -0.451666   466.80        14.18     19        1.35966e+12    -2.0418e+12     0.10955         0.64794        3.73497      0.026811
      4799       4799    39.90722170    22.08445950    26.43379773   106.57   149.65   -50.91  2.00407e+09      29.10    22.36      17.73    26.23   0.076447      -0.9307       -0.251      -0.2663   1.000000   0.878154   0.364488  -0.309828   0.861218  -0.475829   0.598755  -0.644267   0.726374  -0.049317   0.713191   0.699233   261.04         29.1     19        6.89638e+11    -9.2981e+11     0.22149         3.80439       15.78911      0.055015
      4652       4652    38.89733586    22.40713901    26.03013641   193.47    29.59   113.43  1.94268e+09      28.85    31.45       3.41    30.74   0.015281      -0.7856     -0.04411       0.6172   1.000000   0.939857   0.144358   0.309565   0.920577  -0.300390   0.780732   0.547926   0.847919  -0.162590  -0.607962   0.777140   259.76        28.83     19        9.18057e+11   -1.51389e+12     0.12277         0.39258        2.30927      0.017790
      4456       4456    39.00585969    22.41083336    26.03630607   155.73    44.80    79.81  1.86083e+09       7.15    41.72       5.91    49.80   0.029422      -0.5833       0.2355       0.7773   1.000000   0.567316   0.749410  -0.341375   0.915299   0.558502  -0.045505   0.828254   0.849880   0.605168  -0.660541  -0.444363 16338.34       0.1143     19        2.30722e+12   -2.74405e+12     0.11721         0.22911        4.46213      0.015244
      4329       4329    39.49701915    21.98655325    26.13110426   205.09    15.50     6.02   1.8078e+09      28.33    32.24       2.60    34.88   0.018004      -0.1824       0.1406       0.9731   1.000000  -0.261084   0.963640   0.056861   0.841554  -0.560790  -0.199356   0.803599   0.762381   0.785716   0.177920   0.592449   255.09        28.28     19        1.09999e+12   -1.41201e+12     0.11079         0.69963        1.76027      0.016154
      4085       4085    39.99642299    21.71930700    26.05971913    78.12   167.00    28.60   1.7059e+09      27.60    26.62       4.31    26.65   0.020977      -0.6031       0.7957     -0.05702   1.000000   0.546236  -0.159319   0.822340   0.869697   0.245971   0.968971   0.024342   0.773047   0.800702  -0.188976  -0.568475   260.50        27.59     18        6.05696e+11   -1.02449e+12     0.10146         0.60244        2.23936      0.022806
      3907       3907    39.58471895    22.19826107    26.17885121    94.19   -15.10   -68.82  1.63157e+09      27.17    30.62       3.99    28.94   0.035329       0.7472       0.5999       0.2861   1.000000   0.546288   0.836450   0.043822   0.911220  -0.470531   0.263181   0.842221   0.848639   0.692943  -0.480715   0.537349   261.07        27.17     18        6.83098e+11    -1.2839e+12     0.18056         0.41591        2.02684      0.047727
      3312       3312    39.00535448    22.43443665    26.00123821   157.70   102.14    45.44   1.3831e+09      21.11    23.87       2.86    30.62   0.062862       0.3059       0.8221       0.4802   1.000000  -0.411733  -0.092283   0.906620   0.868345   0.861489   0.285006   0.420248   0.812926  -0.297174   0.954073  -0.037845   471.98        11.68     18        6.48315e+11   -7.14726e+11     0.08504         1.47876        1.97951      0.029357
      3025       3025    39.00051820    22.42740080    26.04467850   154.33    46.50    14.92  1.26324e+09      11.74    33.56       4.25    38.15   0.008349        -0.83      -0.4521      -0.3267   1.000000  -0.340098   0.783430   0.520164   0.901162   0.752402   0.558504  -0.349233   0.798281   0.564113  -0.272599   0.779401  2507.67        1.222     18        9.19088e+11   -1.25669e+12     0.04051         0.62192        2.27162      0.007178
      2765       2765    38.94972596    22.40740895    26.02115168   188.67    46.46     5.88  1.15467e+09      24.26    24.02       4.53    26.11   0.032894      0.04927      -0.9286       0.3678   1.000000   0.980767   0.010076  -0.194921   0.863023   0.170952   0.437576   0.882781   0.755182  -0.094188   0.899125  -0.427438   259.51        24.25     17        3.93547e+11   -5.73444e+11     0.13495         1.05118        2.27097      0.032468
      2693       2693    38.94732772    22.36124443    26.07380559   178.14    -6.12    51.06   1.1246e+09      24.05    21.67       5.16    24.35   0.028008       0.7872      -0.6111      0.08338   1.000000   0.744064   0.016609  -0.667901   0.897323   0.061996   0.993661   0.093776   0.782866   0.665225  -0.111182   0.738318   259.46        24.04     17        3.33347e+11   -4.71326e+11     0.06009         0.92953        3.29431      0.024750
      2503       2503    39.53278439    22.07219884    26.20242086    -8.20   187.15   184.77  1.04526e+09      14.88    29.68       3.21    29.15   0.015400      -0.6212      -0.5106      -0.5945   1.000000   0.976535  -0.208106   0.055415   0.874803   0.082848   0.600536   0.795294   0.818997   0.198784   0.772042  -0.603685  1019.15        3.811     17        4.44074e+11   -8.01788e+11     0.06885         0.25129        1.70598      0.018541
      2276       2276    39.54167170    22.05688928    25.98813439    17.20   129.65    41.30   9.5046e+08      22.70    28.52       2.94    26.05   0.006140      -0.9027      0.08847        0.421   1.000000  -0.683783   0.080801   0.725198   0.833475   0.562231  -0.575164   0.594207   0.792736   0.465120   0.814038   0.347859   260.67         22.7     17         3.2241e+11   -6.27887e+11     0.11375         0.21947        1.56230      0.009282
      2073       2073    39.33688044    22.06289832    26.02581931   172.01   115.50    57.99  8.65687e+08      21.51    25.91       2.43    25.02   0.007649       0.5033       0.8243       0.2593   1.000000   0.630144   0.328179   0.703717   0.811707  -0.698723   0.634964   0.329556   0.788549  -0.338681  -0.699371   0.629424   278.98        20.13     17        2.70917e+11   -4.65399e+11     0.09588         0.49072        1.62881      0.009860
      1994       1994    39.17640390    22.26734216    25.88913869   151.09    33.45    10.84  8.32697e+08      21.83    23.24       3.60    22.12   0.017936       0.6598      -0.5141      -0.5481   1.000000  -0.462552   0.835871  -0.295576   0.907110  -0.665930  -0.107461   0.738234   0.825508   0.585306   0.538304   0.606338   257.07         21.8     16        2.03789e+11   -3.78565e+11     0.15601         0.32241        2.31948      0.022951
      1879       1879    39.01500957    22.45614868    26.06475764   144.32    69.66    44.54  7.84673e+08      16.22    26.39       3.07    26.08   0.015978      -0.2019      -0.6147       0.7625   1.000000   0.458646   0.822249   0.336972   0.781969  -0.690649   0.091232   0.717412   0.772873   0.559149  -0.561768   0.609729   589.66        7.184     16        2.66924e+11   -4.34419e+11     0.14540         0.48760        1.54713      0.018313
      1794       1794    39.40138083    22.10334998    26.03355329     7.12    39.66    72.00  7.49177e+08      21.02    24.24       3.71    22.25   0.014202      -0.7968      0.07627      -0.5995   1.000000  -0.452641  -0.348792   0.820646   0.921392   0.296463   0.809104   0.507406   0.804666   0.840967  -0.472963   0.262829   258.77        21.01     16         1.8547e+11   -3.49863e+11     0.26215         0.34120        2.58086      0.019225
      1636       1636    39.45613431    21.98186124    26.22709897     5.81   309.73    32.24  6.83196e+08      17.67    21.75       3.54    21.82   0.028104      -0.5227      -0.4879      -0.6991   1.000000   0.222824   0.902902  -0.367583   0.966580   0.737765  -0.402654  -0.541824   0.792297   0.637222   0.150458   0.755851   397.42        11.61     16        1.62629e+11   -2.74646e+11     0.20196         1.36470        2.39091      0.031573
      1634       1634    39.49097655    22.20820253    26.13193741   -74.75    14.05   -73.66   6.8236e+08      21.25    20.57       4.59    20.48   0.014948        0.816       0.5276       0.2362   1.000000   0.710347   0.664464  -0.232150   0.889621  -0.163689   0.476741   0.863669   0.870383  -0.684553   0.575505  -0.447417   228.34        21.05     16        1.43045e+11   -2.47268e+11     0.11471         1.63132        3.98652      0.017783
      1471       1471    39.73976952    21.98159730    26.17190846    33.56   184.82    82.57  6.14291e+08      19.64    19.72       4.08    18.40   0.017660      -0.6099       0.6738      -0.4172   1.000000   0.983248  -0.162467  -0.082635   0.951612   0.117179   0.910669  -0.396171   0.770707   0.139618   0.379851   0.914451   260.13        19.64     16         1.0395e+11   -1.97565e+11     0.15591         0.27800        1.64437      0.021267
      1438       1438    39.50614110    22.07007414    26.14171536     9.11    65.49  -170.95  6.00511e+08      10.36    30.58       2.17    28.50   0.011550      -0.4492       0.8348      -0.3184   1.000000   0.964086  -0.156665  -0.214462   0.837193   0.246643   0.228597   0.941759   0.682150   0.098515   0.960833  -0.259027  1731.80        1.562     16        2.43841e+11   -4.68057e+11     0.08105         0.12843        1.48072      0.015994
      1407       1407    39.41550396    22.10104286    26.09781637   111.57    86.77    87.66  5.87565e+08      15.65    29.60       2.14    27.35   0.018832      -0.7055         0.35       0.6163   1.000000   0.174961  -0.266801   0.947737   0.594582   0.936859   0.341143  -0.076916   0.516352  -0.302792   0.901354   0.309642   491.80        8.309     16        2.19731e+11   -3.91055e+11     0.09654         0.56751        1.40809      0.028632
      1302       1302    39.28560866    22.15732833    26.36230356   186.81    58.16     7.80  5.43717e+08      18.84    25.09       2.00    22.79   0.008333       0.3675      -0.8969      -0.2461   1.000000   0.712452  -0.388126  -0.584611   0.908134   0.469874  -0.354904   0.808246   0.843562   0.521182   0.850530   0.070482   260.85        18.84     15        1.41147e+11    -2.7665e+11     0.10061         0.27974        1.72565      0.013359
      1281       1281    39.57407914    22.13160985    25.79136261   188.92   119.38   130.09  5.34947e+08      18.78    14.80       2.87    16.33   0.134379       0.5639       0.5862       0.5817   1.000000  -0.287161   0.750024  -0.595820   0.645532  -0.715194   0.245903   0.654239   0.533773   0.637209   0.613999   0.465799   259.30        18.76     15        7.13656e+10   -1.05762e+11     0.19794         3.94821        1.48173      0.110135
      1224       1224    39.07085554    22.33650357    25.91318935   230.10   -35.33    25.49  5.11144e+08       7.26    24.73       3.45    32.84   0.006073      -0.7703      -0.1411      -0.6219   1.000000   0.854792   0.062237  -0.515226   0.824300  -0.236575   0.930361  -0.280110   0.610479   0.461912   0.361325   0.809988  4284.31       0.4425     15        2.75702e+11    -2.7516e+11     0.10949         0.53723        1.45804      0.000407
      1221       1221    39.45338054    22.17308688    26.18114252    -0.55    70.42   -97.01  5.09891e+08      11.24    28.55       2.06    26.19   0.006517      -0.7009      -0.5506       0.4534   1.000000   0.335464   0.843905   0.418675   0.844138   0.444782  -0.533658   0.719290   0.781876   0.830441  -0.055077  -0.554377  1153.40        2.544     15        1.74839e+11   -3.50789e+11     0.13057         0.22997        1.36529      0.009804
      1155       1155    39.44099513    22.08278027    26.09942201    97.93   147.19   123.23  4.82329e+08      16.19    25.16       2.62    24.61   0.018381        0.707       0.4454       0.5494   1.000000   0.045040   0.190555   0.980643   0.649777  -0.466167   0.872217  -0.148075   0.564342   0.883550   0.450474  -0.128115   365.11        11.57     15        1.46083e+11   -2.49455e+11     0.04970         0.35659        1.67787      0.026892
      1068       1068    39.34314319    22.01169796    25.97428915   181.89    23.71   -41.71  4.45998e+08      17.66    20.52       2.35    20.13   0.022195      -0.4324      -0.5298       0.7296   1.000000   0.925706  -0.130942   0.354855   0.878743  -0.087866   0.838057   0.538461   0.767036  -0.367896  -0.529636   0.764289   259.76        17.66     15        9.03451e+10   -1.55729e+11     0.12250         0.63453        1.53740      0.029175
      1020       1020    39.21839879    22.49339974    25.75755851   124.24    14.56    18.97  4.25953e+08      17.42    17.44       2.93    16.86   0.027045      -0.8996      -0.4352     -0.03556   1.000000   0.461820  -0.437913   0.771333   0.942933  -0.195618   0.797924   0.570132   0.907905   0.865133   0.414186  -0.282834   258.71         17.4     15        6.05682e+10   -1.07229e+11     0.31688         0.61670        2.01682      0.031226
       878        878    39.74309889    21.98303706    26.10982610     6.92   159.18    60.32  3.66654e+08      16.54    15.24       3.15    15.52   0.047919      -0.6305       0.7622       0.1472   1.000000   0.499933   0.826713   0.258094   0.956169   0.784243  -0.558575   0.270104   0.898445  -0.367463  -0.067375   0.927594   260.05        16.53     14         4.4138e+10   -7.05392e+10     0.27075         0.38892        2.10326      0.047116
       864        864    39.66461440    22.00683496    26.39015238     8.90   161.76   -40.41  3.60807e+08      16.61    18.54       1.62    18.20   0.022436       0.9977      0.01442      0.06599   1.000000   0.544301  -0.561603   0.623168   0.935871   0.838416   0.389154  -0.381599   0.889827  -0.028201   0.730178   0.682674   252.82        16.58     14        5.97867e+10   -1.00256e+11     0.11998         0.69704        0.99757      0.027810
       823        823    39.56346589    21.91600995    26.04215260   105.63   107.26   -95.64  3.43686e+08      16.19    18.68       2.37    17.19   0.019672       0.3294       0.1424       0.9334   1.000000  -0.626172   0.748866   0.217045   0.850645  -0.116196  -0.364897   0.923769   0.804001   0.770978   0.553218   0.315504   259.82        16.19     14        5.07845e+10   -9.87989e+10     0.17141         0.40051        1.07790      0.027533
       807        807    39.40583473    21.96974003    25.93344099   195.13    73.90    38.12  3.37004e+08      16.08    19.69       2.62    18.30   0.017715       -0.233      -0.1252       0.9644   1.000000   0.531219   0.091696   0.842258   0.877984  -0.199561   0.979697   0.019205   0.768510   0.823397   0.178284  -0.538733   260.22        16.07     14        5.64312e+10   -1.01844e+11     0.21321         0.29992        1.24124      0.024504
       806        806    39.31097748    22.11917896    26.31760485   141.72    88.49    12.18  3.36587e+08      16.39    22.43       2.30    20.01   0.010031      -0.6618      -0.7451     -0.08297   1.000000  -0.606321   0.201110   0.769370   0.727223   0.390603   0.918056   0.067849   0.651464   0.692679  -0.341656   0.635190   245.32        16.34     14           6.74e+10   -1.33809e+11     0.00850         0.23514        1.97737      0.016962
       805        805    39.52734695    21.98200652    25.97726825   128.38   121.52   128.28  3.36169e+08      16.29    20.33       2.16    18.34   0.011551       0.5023      -0.8256       0.2572   1.000000   0.004699   0.514401   0.857537   0.830270  -0.962235   0.235735  -0.136135   0.752289   0.272180   0.824512  -0.496083   249.58        16.24     14        5.65099e+10   -1.09161e+11     0.14806         0.17855        1.89106      0.017360
       793        793    39.73080138    21.92207346    26.08440171     7.06   180.31    50.15  3.31158e+08      15.97    13.66       3.00    16.73   0.023327      -0.2091      -0.9166      -0.3409   1.000000   0.934938   0.201678  -0.291920   0.928902   0.243215   0.234756   0.941136   0.825869  -0.258336   0.950903  -0.170431   260.99        15.97     14        4.63692e+10   -5.14561e+10     0.16332         1.13091        1.99515      0.010953
       768        768    39.89632591    22.07794980    26.44073919   120.23   163.12   -46.45  3.20718e+08       9.61    17.93       3.13    21.23   0.038541      0.05353       0.9575       0.2834   1.000000   0.820379   0.571717   0.010875   0.864748   0.246110  -0.370192   0.895761   0.733270  -0.516148   0.732187   0.444403  1161.42        2.159     14        7.23008e+10   -9.34556e+10     0.12464         0.46444        1.56862      0.029553
       757        757    39.21987068    22.01054278    26.03862509   112.63    72.28   -38.39  3.16124e+08      15.85    19.26       2.29    17.09   0.037262       0.4446       0.8732       0.1998   1.000000   0.830330   0.150963   0.536435   0.897492  -0.297926  -0.693243   0.656243   0.856600  -0.470948   0.704716   0.530645   254.85        15.83     14        4.61775e+10   -8.98692e+10     0.11359         0.42840        1.43129      0.053510
       753        753    39.52210385    21.92737773    26.11052452   135.66    32.06   -88.02  3.14454e+08      15.71    18.98       2.37    17.44   0.020000       -0.925      -0.2854       0.2509   1.000000  -0.427037   0.895765   0.123466   0.853752  -0.159917  -0.209206   0.964707   0.742724   0.889981   0.392221   0.232586   260.41         15.7     14        4.78384e+10   -8.27368e+10     0.10810         0.22346        2.05210      0.025689
       751        751    39.93213101    21.93355724    26.07003608    72.62   169.18    55.94  3.13618e+08      15.71    14.97       3.62    14.07   0.037830      -0.9154       0.1777      -0.3613   1.000000  -0.616730   0.757640   0.213601   0.947611   0.773636   0.633491  -0.013263   0.838929   0.145363  -0.157070   0.976831   259.45        15.71     14        3.10328e+10   -6.04285e+10     0.12514         0.38105        2.35857      0.044724
       724        724    39.52275455    21.97642580    26.22605371   256.84    35.46  -128.30  3.02343e+08      13.53    17.87       2.62    17.27   0.030784       0.2649       0.9347       0.2368   1.000000   0.035524  -0.480727   0.876150   0.783685  -0.253750   0.843633   0.473174   0.740162   0.966617   0.239133   0.092015   392.16        9.004     14         4.5067e+10   -8.15833e+10     0.09972         0.39324        1.62663      0.039036
       702        702    39.37701061    21.96177829    26.06086886   150.53   -15.78   -59.76  2.93156e+08      15.41    13.07       3.12    16.21   0.089022     -0.09075      -0.1098       0.9898   1.000000   0.898725   0.429708   0.087425   0.888939  -0.316878   0.498589   0.806844   0.799100  -0.303118   0.752834  -0.584260   256.92        15.39     14        3.85387e+10   -4.38009e+10     0.04262         0.90234        1.95822      0.047180
       687        687    39.24974565    22.22938402    26.23495319   136.47    96.64    24.57  2.86892e+08      15.26    21.15       1.81    18.71   0.009308      -0.8173      -0.3154       0.4822   1.000000   0.718740  -0.691715  -0.070299   0.752616   0.694418   0.709145   0.122055   0.686862  -0.034575  -0.136543   0.990031   259.09        15.25     14        5.02151e+10   -9.93576e+10     0.14846         0.13033        1.16245      0.015328
       643        643    39.51775850    22.05363446    26.05360777   -19.07   205.18   107.77  2.68518e+08      13.04    19.53       1.76    17.35   0.010422       0.4326    -0.006369      -0.9016   1.000000  -0.560300   0.246152   0.790868   0.906613   0.584934   0.793619   0.167396   0.858172   0.586443  -0.556398   0.588648   388.64         8.76     13        4.04232e+10   -7.75016e+10     0.11860         0.27333        1.08184      0.014724
       640        640    38.97236391    22.51389789    25.86788277   153.61     2.94    39.82  2.67265e+08      15.11    15.81       2.74    14.53   0.041574      -0.9941   -0.0009866       0.1088   1.000000  -0.290884   0.865790  -0.407179   0.894787   0.454981   0.499557   0.737181   0.866279   0.841652   0.029176  -0.539231   248.42        15.07     13        2.82289e+10   -5.58832e+10     0.07966         0.16745        0.84273      0.054863
       639        639    39.28467210    22.17494878    25.85392608   171.27    83.15   145.79  2.66847e+08      14.87    11.36       9.85    21.39   0.037713       0.3213       0.8472       -0.423   1.000000   0.535772   0.354387   0.766393   0.924491   0.681693   0.354043  -0.640272   0.758407  -0.498240   0.865485  -0.051897   260.22        14.87     13        6.10738e+10   -2.95389e+10     0.28001         0.85120        5.91383      0.052805
       630        630    39.84440425    21.69373722    26.05570346    70.93   167.88    60.89  2.63089e+08      14.81    13.10       2.68    12.66   0.002280       0.4567      -0.5448      -0.7033   1.000000  -0.071045   0.810193  -0.581842   0.978836  -0.350809   0.525755   0.774929   0.917404   0.933748   0.259170   0.246871   259.84        14.81     13        2.10987e+10    -3.9609e+10     0.22803         0.61959        1.76924      0.002476
       607        607    38.90058169    22.41992722    25.89943037   187.66   106.26    84.40  2.53484e+08      14.68    15.10       1.82    13.72   0.013615      -0.3003      -0.9085      -0.2905   1.000000   0.806095  -0.204057   0.555492   0.931568  -0.160033   0.828531   0.536587   0.833960   0.569737   0.521437  -0.635219   257.42        14.66     13        2.38448e+10   -4.58997e+10     0.15388         0.62295        1.17429      0.016669
       599        599    39.54622431    21.96229184    26.12990636   126.63    90.68    -8.16  2.50143e+08      14.55    17.74       2.49    15.69   0.034774      -0.5621      -0.4102       0.7182   1.000000  -0.557999   0.771772   0.304966   0.570681   0.803759   0.411229   0.429956   0.531378   0.206418   0.485034  -0.849784   260.46        14.55     13        3.07971e+10   -5.92891e+10     0.21061         0.19278        1.61941      0.048836
       587        587    39.87000827    21.71410061    25.90832844   104.26   172.18    58.03  2.45132e+08      14.46    12.10       4.94    12.51   0.051140      0.03119       0.6826       0.7302   1.000000   0.960637   0.004241   0.277773   0.809508   0.191235   0.715172  -0.672279   0.766190  -0.201506   0.698936   0.686210   260.12        14.46     13        1.91849e+10   -3.08269e+10     0.03243         0.38734        3.33270      0.046699
       559        559    39.37083031    22.13000053    25.62954894   171.85   138.62    99.53  2.33439e+08      14.27    13.74       2.82    12.93   0.036223     -0.05439       0.1126       0.9922   1.000000   0.580731   0.813003   0.042173   0.940081   0.812146  -0.582145   0.039070   0.826727  -0.056315  -0.011562   0.998346   257.78        14.26     13        1.95015e+10   -3.66237e+10     0.16135         0.69951        2.42751      0.041845
       536        536    39.47568343    22.15623187    26.08246250  -108.06     5.56    -3.29  2.23834e+08      11.20    15.50       2.29    15.14   0.032343     -0.07252      -0.7513      -0.6559   1.000000   0.218326  -0.341819   0.914053   0.933020   0.921820   0.379646  -0.078209   0.825739  -0.320283   0.859668   0.397982   510.91        5.725     13        2.56631e+10   -4.60355e+10     0.14721         0.13042        1.97780      0.037660
       524        524    39.63642627    22.08022030    26.31918981    18.57   100.66   -31.48  2.18823e+08      13.94    16.73       2.00    15.83   0.023924      -0.5592       0.3278      -0.7614   1.000000   0.815741   0.004779   0.578398   0.930557  -0.439625   0.654967   0.614612   0.862467   0.375894   0.755642  -0.536384   259.14        13.94     13        2.74116e+10   -4.92259e+10     0.10815         0.16720        1.24429      0.032893
       522        522    39.39424701    22.06587082    26.35052130   145.97    81.29    40.44  2.17988e+08      14.02    19.43       1.65    17.17   0.015642      -0.9957      0.06467     -0.06605   1.000000  -0.543884  -0.136659   0.827958   0.721001  -0.521932   0.827678  -0.206243   0.668976   0.657098   0.544310   0.521487   253.84           14     13        3.21217e+10   -6.29488e+10     0.08377         0.30076        0.97971      0.025736
       521        521    39.62764458    22.02997860    26.14140011   -35.48   206.66    58.81   2.1757e+08      14.15    14.68       2.38    14.58   0.083481       0.9202      -0.3727       0.1197   1.000000  -0.468074  -0.204636   0.859669   0.835618  -0.115490   0.978640   0.170074   0.739763   0.876110   0.019676   0.481709   246.56        14.09     13        2.31249e+10   -3.80586e+10     0.22744         0.74898        1.54133      0.096216
       520        520    39.47399917    22.03335151    25.96771256   198.06    78.69   123.86  2.17153e+08      14.18    16.18       1.99    15.01   0.005881       0.9905     -0.06073      -0.1235   1.000000  -0.194790   0.219593   0.955948   0.872400   0.966653  -0.122217   0.225046   0.801316   0.166251   0.967906  -0.188463   244.20        14.12     13        2.44751e+10   -4.55985e+10     0.15688         0.40256        1.74792      0.008088
       504        504    39.33847995    22.05632426    26.36542785   203.25   108.37    -0.28  2.10471e+08      14.40    17.46       1.89    16.55   0.008340      -0.6397      -0.7087       0.2975   1.000000  -0.661917  -0.065899   0.746675   0.870723   0.634333  -0.579963   0.511141   0.777104   0.399360   0.811973   0.425689   226.12         14.3     13        2.88322e+10   -5.24596e+10     0.07339         0.66526        1.61443      0.012610
       483        483    39.39072176    22.12148933    26.15098717    -0.04    30.27   197.07  2.01701e+08       6.65    20.33       1.27    19.27   0.012097      0.09086        0.912          0.4   1.000000  -0.391653   0.814425  -0.428159   0.829376   0.911665   0.406396  -0.060905   0.784218  -0.124400   0.414191   0.901649  2199.14       0.7897     13        3.74455e+10   -6.99903e+10     0.11426         0.23250        0.64154      0.015224
       446        446    39.45397051    22.04969248    26.09759698   227.30   123.20   109.67   1.8625e+08       9.17    23.88       1.20    21.65   0.005785      -0.1422       0.4559       0.8786   1.000000  -0.236227   0.356368   0.903990   0.793552   0.672530   0.731453  -0.112608   0.705313   0.701356  -0.581359   0.412457   775.84        3.085     12        4.36571e+10   -8.78303e+10     0.11634         0.11989        0.73227      0.010784
       425        425    39.52688748    22.11001298    26.07099035   -79.23    42.64    10.43  1.77481e+08      12.43    14.32       2.53    13.77   0.013864       0.9255      0.09636       0.3663   1.000000   0.832311   0.364221  -0.417853   0.759134   0.552858  -0.490961   0.673280   0.657370  -0.040073   0.791392   0.609995   296.38        10.95     12        1.68154e+10   -3.12385e+10     0.06346         0.24571        2.11684      0.018046
       425        425    39.34987406    21.97851598    26.10783829    44.01   -10.49    -1.30  1.77481e+08      11.04    19.02       1.35    17.02   0.024957      -0.3285       0.5262       0.7844   1.000000   0.805501   0.567202   0.171608   0.833659  -0.579934   0.814055   0.031491   0.710008  -0.121836  -0.124887   0.984662   423.30        6.809     12        2.57122e+10   -4.87135e+10     0.10291         0.37228        1.15352      0.038657
       412        412    39.53553678    22.17559411    26.13332134   133.24   252.57    57.32  1.72052e+08      13.09    16.59       1.36    16.26   0.019771     -0.02048      -0.8082       0.5886   1.000000   0.865818  -0.196352  -0.460223   0.847764   0.024025   0.935038  -0.353732   0.740743   0.499782   0.295211   0.814290   246.28        13.04     12        2.27544e+10   -3.43863e+10     0.14913         0.21536        1.17598      0.024460
       406        406    39.25241239    21.95768107    26.22168712   229.66   113.00    72.31  1.69546e+08      12.98    14.47       2.20    13.16   0.010428      -0.9416       0.2661      -0.2064   1.000000   0.750726   0.508237  -0.422026   0.945858   0.433907   0.102356   0.895125   0.867436  -0.498132   0.855113   0.143686   249.07        12.93     12        1.46847e+10   -2.81658e+10     0.27398         0.24935        1.91449      0.014033
       393        393    39.53939644    21.85896743    26.31269311   110.89    99.13   -68.01  1.64117e+08      12.68    16.28       1.43    14.46   0.018279      -0.9484       0.3134       0.0479   1.000000  -0.354752   0.746391  -0.563073   0.925460   0.905629   0.423985  -0.008552   0.851163  -0.232351   0.512969   0.826363   258.38        12.67     12        1.71467e+10   -3.39648e+10     0.13550         0.23672        1.21450      0.028059
       391        391    39.57535927    22.16031902    26.09126507    42.21   229.19   163.41  1.63282e+08      11.31    11.59       2.36    12.40   0.032369       0.8092      -0.1886       0.5565   1.000000   0.008245   0.984108   0.177378   0.868888  -0.596852  -0.137478   0.790485   0.682192   0.802309  -0.112386   0.586234   361.96         8.16     12        1.25559e+10   -2.01185e+10     0.21554         0.85471        1.49217      0.031633
       391        391    39.44732346    21.85963208    25.98400909    84.93    87.40    24.08  1.63282e+08      12.73    14.29       2.44    14.75   0.049173     -0.07861       -0.221       0.9721   1.000000  -0.290254   0.856087   0.427630   0.915016   0.936750   0.345511  -0.055871   0.829755   0.195582  -0.384366   0.902225   254.27        12.71     12        1.77607e+10   -2.62436e+10     0.16812         0.12155        1.50428      0.053980
       389        389    39.45431582    22.00481210    25.88725765   175.64    75.22    65.94  1.62447e+08      12.78    15.34       1.54    14.22   0.012005       0.6749      -0.7274       0.1242   1.000000   0.654338  -0.012856   0.756093   0.838057   0.755902   0.039304  -0.653504   0.706008  -0.021316   0.999145   0.035436   249.82        12.75     12         1.6424e+10    -2.9899e+10     0.13126         0.20532        0.91803      0.016730
       379        379    39.78803305    21.98638591    26.11571655    14.17   165.35    60.22  1.58271e+08      12.49    12.06       3.69    11.50   0.014592      -0.4229       0.2838       0.8606   1.000000   0.971515   0.032829   0.234692   0.928039  -0.050935   0.996139   0.071508   0.798063  -0.231438  -0.081425   0.969436   260.56        12.49     12        1.04709e+10   -1.96807e+10     0.06731         0.57821        2.36575      0.017060
       365        365    39.23541225    22.17634910    26.14073523    60.94   132.18    30.55  1.52424e+08      12.70    19.15       1.34    17.71   0.023684      -0.3643      -0.9208      -0.1398   1.000000   0.878397  -0.477145   0.027408   0.763353   0.340687   0.665342   0.664268   0.671761  -0.335188  -0.574154   0.746991   239.02        12.65     12        2.39163e+10   -4.11354e+10     0.05102         0.13681        1.13418      0.039635
       356        356    39.89352071    22.09423845    26.43167368   108.09   149.36   -78.79  1.48666e+08      11.02    11.76       2.30    12.60   0.047725     -0.03617      -0.2112      -0.9768   1.000000  -0.602471   0.779055  -0.173497   0.842868   0.696444   0.406955  -0.591062   0.805174   0.389864   0.476929   0.787747   356.27        8.078     12        1.18086e+10   -1.85277e+10     0.19894         0.67467        1.99027      0.047660
       353        353    39.56879080    22.14153788    25.78381007   181.62   120.92   136.49  1.47413e+08       9.20    11.58       2.85    13.36   0.045392       0.9103       0.1887       0.3684   1.000000  -0.085415  -0.681440   0.726872   0.873244  -0.835380   0.446571   0.320493   0.719673   0.542997   0.579839   0.607405   608.11        3.949     12        1.31528e+10   -1.78565e+10     0.09314         1.14123        1.38139      0.034940
       345        345    39.41023819    22.09865637    26.16041025   -44.86  -160.69   -85.25  1.44072e+08       4.53    15.87       2.12    17.67   0.046824        0.567       0.5032      -0.6522   1.000000  -0.576600   0.785191   0.225848   0.886136   0.767652   0.426007   0.478779   0.703266  -0.279719  -0.449437   0.848389  4979.87       0.2374     12           2.25e+10   -3.18392e+10     0.10145         0.07701        1.46610      0.036462
       342        342    39.44414717    22.01550683    26.41458906   231.20   186.66    38.02   1.4282e+08      12.39    10.89       3.66    11.17   0.025135        0.688      -0.6664       0.2873   1.000000   0.093208   0.126528   0.987574   0.970663   0.937902  -0.344042  -0.044441   0.896812   0.334145   0.930390  -0.150738   241.27        12.31     12        8.91509e+09   -1.47517e+10     0.13028         0.60741        2.34453      0.025814
       341        341    39.07341672    21.79799545    25.91395034   208.13   182.82    26.50  1.42402e+08      12.07    13.21       1.95    13.31   0.020830       0.8912       -0.448     -0.07074   1.000000   0.702006   0.601541  -0.381230   0.935222  -0.247123   0.707800   0.661777   0.739154   0.667920  -0.370361   0.645535   259.76        12.07     12        1.26079e+10   -1.94477e+10     0.26310         0.26210        1.25105      0.022931
       310        310    39.44643953    22.03523002    26.14050228    67.23   285.04   -10.41  1.29456e+08       5.65    20.90       0.90    18.91   0.009753       0.2894      0.08512       0.9534   1.000000  -0.196847   0.977506   0.075721   0.821647  -0.486623  -0.164458   0.857993   0.765966   0.851146   0.132046   0.508049  2305.42       0.6397     11        2.31359e+10   -4.56326e+10     0.07800         0.07244        0.76538      0.014651
       306        306    39.55660522    21.94595507    26.13450694   141.89   128.09   195.16  1.27786e+08       7.32    14.01       1.84    13.50   0.026078       -0.487       -0.764       0.4234   1.000000  -0.397654   0.794735   0.458550   0.904710   0.901150   0.244254   0.358146   0.776822  -0.172628  -0.555641   0.813304  1046.73        1.825     11        1.16426e+10   -2.15841e+10     0.13334         0.18405        1.57492      0.030027
       298        298    39.43954038    22.04779462    26.11666614   198.44    -8.37    57.14  1.24445e+08       4.89    17.68       1.55    16.70   0.017977      0.08641        -0.51       0.8558   1.000000   0.151739   0.909523   0.386967   0.960870   0.923765  -0.269764   0.271820   0.891916  -0.351616  -0.316221   0.881119  3419.61       0.3732     11        1.73555e+10   -3.23994e+10     0.15634         0.09466        1.35680      0.021371
       297        297    39.86964646    21.75656090    26.00826770    96.38   172.16    67.95  1.24028e+08      11.52     9.19       5.62     9.71   0.070400      0.01396       0.8043        0.594   1.000000   0.250091  -0.701471   0.667378   0.898488  -0.884452   0.114945   0.452253   0.717411   0.393954   0.703368   0.591670   260.68        11.51     11        5.84791e+09   -8.71953e+09     0.59387         0.50630        3.95227      0.056309
       292        292    39.74993271    21.91412120    26.20240862    20.30   176.86    65.31   1.2194e+08      11.56    10.43       2.71    10.24   0.044188       0.7778      -0.4549       0.4336   1.000000   0.139641   0.980072   0.141278   0.899501   0.621678  -0.197826   0.757879   0.817204   0.770725  -0.018002  -0.636914   253.56        11.54     11        6.39469e+09   -1.15759e+10     0.10400         1.04721        2.29492      0.048374
       291        291    39.84537704    22.10927086    26.46191453    99.12   157.68   -72.14  1.21522e+08      11.47    11.99       2.55    10.73   0.011826      0.02903     -0.05234       0.9982   1.000000   0.896571  -0.429973  -0.106221   0.855154   0.286177   0.745449  -0.602003   0.821294   0.338027   0.509341   0.791397   258.17        11.46     11        6.99865e+09    -1.3702e+10     0.18647         0.23481        1.64471      0.014724
       291        291    39.54368572    22.04996459    26.08748308   113.83   -94.17   -97.69  1.21522e+08       9.26    11.51       3.29    13.82   0.033496      -0.1054      -0.9145       0.3905   1.000000   0.776236   0.543030  -0.320275   0.839369   0.357746   0.038900   0.933008   0.818253  -0.519111   0.838812   0.164071   491.76        4.914     11        1.16131e+10   -1.34645e+10     0.31863         0.18990        2.25411      0.019685
       290        290    39.00579490    22.42548612    26.07011011   251.91    92.36    70.38  1.21104e+08      10.67    14.09       1.38    14.03   0.020166     -0.01924       0.9993      0.03128   1.000000   0.856887   0.074434  -0.510102   0.760709   0.515354  -0.147550   0.844179   0.704826   0.012430   0.986250   0.164794   319.97        8.706     11        1.19177e+10   -1.93424e+10     0.17393         0.14958        1.17743      0.025569
       286        286    39.11762788    22.53396325    26.03481683   136.19    11.98   -31.06  1.19434e+08      11.51    10.49       3.51     9.42   0.031929       0.2684      -0.7827       0.5616   1.000000  -0.287919   0.666414   0.687747   0.897358  -0.868559   0.120776  -0.480643   0.803064   0.403370   0.735735  -0.544047   251.37        11.47     11        5.30424e+09   -1.07751e+10     0.36232         0.11521        2.27088      0.036597
       284        284    39.32593163    21.88706082    25.73936728   201.10   193.20    56.19  1.18599e+08      11.42     8.39       5.23     9.33   0.097080       0.6989      -0.2629       0.6652   1.000000   0.029333   0.933436   0.357541   0.615378  -0.516285  -0.292140   0.805049   0.510860   0.855915  -0.208208   0.473350   255.61        11.38     11        5.16091e+09    -7.6288e+09     0.39345         2.29532        2.12279      0.074965
