#  npart(1)  nvpart(2)      Xc(3)          Yc(4)          Zc(5)      VXc(6)   VYc(7)   VZc(8)    Mvir(9)      Rvir(10) Vmax(11)   Rmax(12) sigV(13) lambda(14)      Lx(15)       Ly(16)       Lz(17)     a(18)     Eax(19)    Eay(20)    Eaz(21)     b(22)     Ebx(23)    Eby(24)    Ebz(25)     c(26)     Ecx(27)    Ecy(28)    Ecz(29) ovdens(30)    Redge(31) nbins(32)     Ekin(33)       Epot(34)   mbp_offset(35)  com_offset(36)   r2(37)      lambdaE(38)
   1771236    1771236    39.69271770    22.29605224    26.20983355   107.23    98.06    20.00   7.3967e+11     201.55   187.23      35.38   182.46   0.020718      -0.0959       0.5697       0.8162   1.000000  -0.127741  -0.101305   0.986620   0.905617   0.974209  -0.199382   0.105662   0.859898   0.186010   0.974671   0.124162   289.94        201.6     35         1.2313e+16   -2.20726e+16     0.06134         4.09758       16.62648      0.023480
     94045      94045    39.37663006    22.50807744    26.16231790   194.97    25.53    54.00  3.92733e+10      75.75    58.89      20.96    61.92   0.067175       -0.508       0.3868       0.7696   1.000000   0.040317  -0.235984   0.970920   0.907852  -0.668993   0.715390   0.201656   0.827174   0.742175   0.657669   0.129029   289.94        75.75     27        7.52823e+13    -1.2535e+14     0.01555         3.98981        3.07669      0.062962
     67129      67129    39.35406890    22.40120074    26.06919219   160.88    30.27    89.59  2.80331e+10      67.70    64.54      11.82    63.54   0.045420      -0.6706       0.6028      -0.4322   1.000000   0.268219   0.411932   0.870845   0.946033   0.959777  -0.192136  -0.204724   0.885025   0.082988   0.890728  -0.446897   289.94         67.7     26        5.65851e+13    -9.9372e+13     0.06124         1.78696        3.87671      0.052121
     30272      30272    39.60739750    22.16587468    26.29809594   129.46   134.49   -40.24  1.26416e+10      51.92    64.51       4.98    61.00   0.034529      -0.3004       -0.695       0.6532   1.000000   0.443025   0.782771  -0.437033   0.866037  -0.327847   0.595175   0.733678   0.799963   0.834413  -0.181758   0.520307   289.92        51.92     24        2.35201e+13    -4.0694e+13     0.09209         0.63145        2.61869      0.048747
      5315       5315    39.49721816    22.49789227    26.14062925   194.07    28.07    96.62  2.21955e+09      29.07    29.84       4.36    28.47   0.026699      -0.1988      -0.9389       0.2811   1.000000   0.995419   0.079974   0.052391   0.903807  -0.085675   0.502945   0.860061   0.863195  -0.042433   0.860610  -0.507493   289.91        29.07     19        8.99351e+11   -1.63217e+12     0.15059         0.23483        2.92874      0.033186
      4496       4496    39.38548200    22.47967039    26.22017553   258.64    40.25    50.19  1.87753e+09      27.50    31.44       3.47    30.43   0.029192      -0.4188       0.8021       0.4257   1.000000   0.612082   0.369782  -0.699012   0.908945   0.698893   0.160635   0.696954   0.863876  -0.370006   0.915127   0.160116   289.75         27.5     19        8.69564e+11     -1.449e+12     0.16553         0.59517        1.83037      0.037096
      4287       4287    40.13132116    22.06775838    26.12174297    46.03   164.46    31.02  1.79026e+09      27.07    26.46       3.39    25.53   0.035585       -0.654       0.7558     -0.03333   1.000000   0.593037   0.308627   0.743677   0.897616  -0.216561   0.950726  -0.221859   0.804850   0.775505   0.029481  -0.630652   289.64        27.07     19        5.83351e+11   -1.04223e+12     0.10889         0.66113        1.37641      0.041872
      4237       4237    40.06597153    22.37245516    26.32914446    47.07   124.53   -56.21  1.76938e+09      26.97    22.41       6.62    23.26   0.039047      -0.8273       0.3886      -0.4058   1.000000  -0.590716  -0.121268   0.797714   0.881778   0.660501   0.495184   0.564386   0.747212  -0.463457   0.860283  -0.212416   289.54        26.96     18        4.78819e+11   -7.28474e+11     0.13945         2.02463        5.80714      0.034225
      3026       3026    39.54500914    22.26480217    26.24654729    57.87   163.77    93.87  1.26366e+09      24.10    29.31       2.83    27.67   0.021358       0.9941     -0.06246     -0.08813   1.000000   0.793669   0.608326   0.005417   0.810205  -0.128889   0.159442   0.978757   0.752735  -0.594540   0.777507  -0.204951   289.81         24.1     18        4.83799e+11   -8.32547e+11     0.05119         0.50741        1.91369      0.029286
      2342       2342    39.37055762    22.51338426    26.14988756   184.65    -8.28    45.79  9.78022e+08       9.97    27.88       3.14    35.69   0.067655      -0.9696      -0.1479       0.1948   1.000000   0.335632  -0.421740   0.842310   0.685752   0.089799   0.904431   0.417062   0.613197   0.937703   0.064341  -0.341428  3166.82       0.9129     17        6.22847e+11   -6.39549e+11     0.12761         0.99880        1.77400      0.016873
      2257       2257    39.41874674    22.48950020    26.11054034   227.34    23.28    81.01  9.42526e+08      21.92    22.76       2.67    21.31   0.023708      -0.4022      -0.8943       0.1959   1.000000  -0.190849   0.451436   0.871655   0.863703   0.981551   0.098289   0.164006   0.812287  -0.011636   0.886874  -0.461865   287.34         21.9     17        2.14058e+11   -4.05277e+11     0.17311         0.25501        1.81151      0.030778
      2242       2242    39.62221893    22.30930193    26.22297377   -53.97    51.43    37.50  9.36262e+08      25.66    27.62       1.77    30.93   0.032228       0.2724      -0.2106       0.9388   1.000000   0.876880  -0.377666  -0.297405   0.843256   0.287139  -0.084676   0.954139   0.734115   0.385529   0.922062  -0.034191   177.91         24.8     17        4.47934e+11   -5.97084e+11     0.11523         0.36506        1.14874      0.040247
      2063       2063    39.57989783    22.31689337    26.13639206   195.84    56.22   -58.64  8.61511e+08      21.45    28.16       2.23    26.32   0.005965       -0.213       0.5042      -0.8369   1.000000   0.955571  -0.279662   0.093131   0.843759  -0.025429   0.236562   0.971283   0.723768   0.293662   0.930499  -0.218941   280.17         21.4     17        2.98343e+11   -5.66393e+11     0.05169         0.23815        1.95592      0.009924
      1939       1939    39.51024135    22.33579688    25.97876861   172.45    30.84    80.60  8.09729e+08      20.99    22.86       3.39    21.29   0.014003       0.6648       -0.568      -0.4851   1.000000   0.962172  -0.264860  -0.063832   0.958325   0.259172   0.962059  -0.085274   0.925381   0.083996   0.065505   0.994311   280.99        20.95     16        1.83567e+11    -3.5937e+11     0.11587         0.34439        2.17280      0.019856
      1938       1938    39.38143566    22.40173252    26.14769356   231.48    38.22    22.54  8.09311e+08      20.80    21.54       2.86    19.81   0.015221       0.6057       -0.681       0.4116   1.000000  -0.530037   0.589765   0.609293   0.928287  -0.568932  -0.780135   0.260204   0.871683   0.628790  -0.208729   0.749036   288.59        20.79     16        1.58729e+11   -3.06125e+11     0.14636         0.57834        1.89195      0.019684
      1800       1800    39.74398889    22.30457880    26.32323767   244.43    71.18    50.92  7.51682e+08      18.95    27.28       2.19    25.55   0.020472     -0.08941       0.9849      -0.1481   1.000000  -0.099499   0.261831   0.959971   0.782723   0.818492  -0.527082   0.228596   0.683667   0.565837   0.808473  -0.161863   354.71        15.49     16         2.4539e+11   -4.46192e+11     0.09680         0.07538        1.39655      0.031750
      1330       1330    39.77726823    22.33208500    26.24469287   192.29   157.06   -96.43   5.5541e+08      17.01    23.51       3.27    22.95   0.022743      -0.5852        0.773       0.2448   1.000000   0.572954   0.221702   0.789032   0.805783   0.731994   0.294618  -0.614317   0.665569  -0.368658   0.929542   0.006518   362.50         13.6     15        1.46237e+11   -2.48429e+11     0.08420         0.38252        2.02244      0.032264
      1329       1329    39.57622948    22.09273474    26.21082893   140.26    12.40    82.03  5.54992e+08      18.33    19.38       3.44    17.86   0.008272      -0.2031      -0.7377       0.6438   1.000000   0.668714   0.730144   0.140398   0.891641   0.085552  -0.263135   0.960958   0.832590   0.738581  -0.630595  -0.238427   289.29        18.33     15        8.85568e+10   -1.67516e+11     0.20467         0.46389        2.28775      0.010717
      1308       1308    39.39573020    22.48702584    26.16966126   207.14    47.94    74.81  5.46222e+08       9.14    24.69       2.47    25.29   0.017320       -0.962     -0.09126       0.2575   1.000000  -0.703489   0.687394  -0.180535   0.902563   0.214165   0.447251   0.868390   0.874976   0.677670   0.572239  -0.461852  2294.37        1.155     15        1.74734e+11   -2.74926e+11     0.09903         0.20686        1.29250      0.018139
      1276       1276    39.74572672    22.27200412    26.21496012   141.15   -13.79  -137.51  5.32859e+08       8.06    29.49       2.07    27.60   0.013784      0.08658        0.537      -0.8391   1.000000   0.946722  -0.241620   0.212925   0.811487  -0.125635   0.331681   0.934989   0.695638   0.296535   0.911925  -0.283654  3261.73       0.7168     15        2.02986e+11   -3.87463e+11     0.08720         0.08008        1.39216      0.018857
      1221       1221    39.38012990    22.49645302    26.16804101   236.45   -44.77    34.87  5.09891e+08       8.95    23.59       2.06    28.61   0.055097       0.7629       0.5726       0.3004   1.000000  -0.438478   0.170112   0.882496   0.807154  -0.360392   0.866240  -0.346044   0.674346   0.823319   0.469777   0.318519  2281.54        1.138     15        2.08715e+11   -2.44915e+11     0.17280         0.07852        1.43459      0.036765
      1170       1170    39.71284884    22.50344428    26.08202261   150.60   110.21   -59.78  4.88593e+08      17.66    19.82       2.37    18.06   0.013255       -0.514       0.7455      -0.4244   1.000000  -0.012264   0.898017  -0.439789   0.847680  -0.789167   0.261403   0.555773   0.755017   0.614056   0.353883   0.705480   284.66        17.64     15        7.97234e+10   -1.51852e+11     0.17750         0.54347        1.56042      0.018301
      1138       1138    39.88633502    22.35212606    26.12437436    87.64    79.02   191.10   4.7523e+08      17.41    14.43       3.33    14.28   0.086585       0.6485       0.5597        0.516   1.000000  -0.021383  -0.645391   0.763553   0.637467   0.955614  -0.237662  -0.174122   0.566705   0.293844   0.725939   0.621827   288.95         17.4     15        4.84436e+10   -8.49484e+10     0.20991         2.91914        2.22223      0.086819
      1129       1129    39.71928703    22.30252180    26.12691735    33.25   164.58  -174.39  4.71472e+08      11.95    25.00       1.38    24.73   0.036974       0.5761       0.7261       0.3755   1.000000   0.894461  -0.188556  -0.405445   0.850979   0.320039  -0.363276   0.874989   0.783769   0.312273   0.912402   0.264591   885.85        3.913     15        1.44126e+11   -2.35282e+11     0.02952         0.08004        1.19334      0.048930
      1083       1083    39.73963505    22.31334393    26.24176808   -28.07   251.45    21.28  4.52262e+08      10.96    28.55       1.56    26.29   0.020506      -0.5036      -0.5967       0.6248   1.000000   0.934263  -0.187854   0.303090   0.770713  -0.053848   0.765908   0.640691   0.709010  -0.352496  -0.614895   0.705444  1103.28         2.88     15         1.5626e+11   -3.04421e+11     0.04409         0.04421        0.96827      0.034529
      1037       1037    39.47663914    22.50904613    25.83258748   123.88     0.20    54.43  4.33052e+08      16.93    17.11       2.60    16.11   0.019844      -0.7944       0.1953      -0.5751   1.000000   0.652116  -0.359499  -0.667462   0.972506   0.725031   0.038470   0.687641   0.886425   0.221529   0.932352  -0.285735   286.37        16.91     15        5.62245e+10   -1.07074e+11     0.25784         0.22471        1.75619      0.025413
       956        956    39.75848341    22.16029167    26.04142237   185.82   123.04   101.65  3.99227e+08      16.74    20.18       2.31    18.57   0.015895      -0.4928      -0.3827       0.7814   1.000000   0.450623   0.522941   0.723513   0.864789   0.664474  -0.737718   0.119356   0.814690   0.596165   0.426971  -0.679914   273.13        16.69     14        6.88569e+10   -1.30726e+11     0.12040         0.31481        1.98504      0.024218
       874        874    39.61887362    22.32085368    26.22185739   -66.17    22.75  -156.67  3.64983e+08       7.86    19.64       2.77    21.83   0.012412      -0.8217        0.149       0.5502   1.000000   0.840530  -0.372297  -0.393578   0.862589   0.169041  -0.509981   0.843412   0.825515   0.514718   0.775444   0.365721  2412.22       0.9448     14        8.69513e+10   -1.25176e+11     0.15679         0.24768        1.89011      0.011141
       855        855    39.43349183    22.37041119    26.02883096   165.52    28.43    87.42  3.57049e+08      15.89    19.74       1.97    17.83   0.012845      -0.7633      -0.3015      -0.5714   1.000000   0.846278  -0.514323  -0.138869   0.866863  -0.210161  -0.561836   0.800108   0.771536   0.489536   0.647929   0.583560   285.63        15.88     14        5.67609e+10   -1.10489e+11     0.07780         0.11372        1.18471      0.019868
       849        849    39.68346015    22.28616880    26.35720588    85.33    86.74    27.65  3.54543e+08      15.79    20.10       1.81    18.71   0.006155     0.003189       0.6443      -0.7648   1.000000  -0.033904  -0.057599   0.997764   0.701577   0.970332  -0.241025   0.019058   0.622097   0.239388   0.968808   0.064062   289.24        15.78     14        6.20699e+10   -1.08571e+11     0.09088         0.27097        1.56763      0.008891
       778        778    40.02204630    22.27853776    26.19107778     6.74   157.86    58.62  3.24894e+08      15.38    16.04       2.54    14.76   0.032558      -0.9775       0.2092      0.02635   1.000000  -0.615877   0.714448   0.332053   0.930045   0.716490   0.683190  -0.141044   0.813169   0.327624  -0.151047   0.932656   286.69        15.37     14        3.54124e+10   -6.54773e+10     0.08790         0.31175        1.63839      0.040727
       755        755    39.77466113    22.24373943    26.16802257    91.87   214.38   194.67  3.15289e+08      12.48    20.41       1.53    19.60   0.028826      -0.4348       0.5818       0.6873   1.000000   0.688073  -0.531506  -0.494022   0.900695   0.053025  -0.642159   0.764735   0.862394   0.723702   0.552389   0.413669   520.12        6.959     14        6.05672e+10   -1.02459e+11     0.13513         0.09943        0.98345      0.039518
       754        754    39.71066686    22.24036257    25.98312346    46.75   180.62    49.99  3.14871e+08      15.64    19.12       1.84    17.45   0.017923       0.2661       0.2626       0.9275   1.000000  -0.410563   0.258843   0.874322   0.922266   0.768156  -0.418456   0.484594   0.833690   0.491299   0.870571  -0.027029   264.18        15.57     14        4.79565e+10   -9.51307e+10     0.07367         0.17048        1.56387      0.029223
       731        731    39.56566346    22.21997322    26.04073519   209.30   127.48    49.16  3.05266e+08      15.10    19.74       1.46    17.28   0.026444       0.2696       0.8109       0.5194   1.000000   0.984269   0.010294   0.176379   0.896342  -0.175165  -0.073541   0.981789   0.796781  -0.023078   0.997239   0.070581   284.52        15.09     14        4.55658e+10   -8.94373e+10     0.03589         0.31728        1.24895      0.042143
       678        678    40.05730235    22.07810227    26.03906159    70.25   174.19    66.14  2.83134e+08      14.75    12.19       3.70    11.88   0.056534    -0.009864       0.9073       0.4203   1.000000   0.729308   0.067645  -0.680833   0.805335   0.527816  -0.688797   0.496960   0.761917   0.435338   0.721792   0.538049   282.95        14.71     14        1.99881e+10   -3.54869e+10     0.18388         0.62721        2.46803      0.057069
       671        671    39.66189778    22.28773966    26.09518706   147.89    25.87  -167.37   2.8021e+08       9.39    17.37       1.74    17.98   0.017528       0.5047       0.8362       0.2148   1.000000   0.255124  -0.470205   0.844878   0.875174   0.962976   0.044834  -0.265834   0.790140   0.087117   0.881418   0.464234  1085.62        2.508     14        4.52795e+10   -7.10717e+10     0.12294         0.22745        1.15350      0.018401
       668        668    39.96241341    22.06733622    26.18218227    34.94   190.01    58.99  2.78958e+08      14.57    13.91       2.18    12.78   0.005855       0.4154       0.4083      -0.8128   1.000000   0.931965   0.355014   0.073523   0.918052   0.053979  -0.336409   0.940168   0.848773  -0.358507   0.872235   0.332685   289.17        14.57     14        2.27971e+10   -4.24311e+10     0.26159         0.66359        1.46041      0.006710
       659        659    39.85522513    22.23097377    26.00255066    83.73   157.23   -52.18  2.75199e+08      14.49    18.11       1.76    16.07   0.017391      -0.1553       0.9878      0.01224   1.000000   0.842064  -0.434714  -0.319299   0.864626   0.539309   0.688017   0.485569   0.800136   0.008600  -0.581082   0.813800   290.23        14.48     13        3.55218e+10   -7.08129e+10     0.09449         0.28284        1.05514      0.027012
       653        653    39.31492377    22.49958853    25.98352701   175.37   -16.38    72.57  2.72694e+08      14.74    15.70       2.15    14.32   0.035649      -0.9792      -0.1515       0.1349   1.000000   0.207145  -0.323312   0.923342   0.925015   0.644583   0.755091   0.119791   0.842073   0.735937  -0.570357  -0.364815   273.13         14.7     13        2.79413e+10   -5.59474e+10     0.05743         0.17195        1.22802      0.050207
       634        634    39.32684908    22.60636662    26.09624997   215.78    63.80   101.35  2.64759e+08      14.35    14.73       1.56    13.52   0.021450        -0.33      -0.8005      -0.5004   1.000000   0.556545  -0.633264  -0.537806   0.942592   0.602571  -0.137986   0.786046   0.767584   0.571984   0.761536  -0.304791   287.68        14.34     13        2.41922e+10   -4.61486e+10     0.10734         0.21938        1.32165      0.027179
       617        617    39.72736132    22.18539870    26.04165683    69.01   189.94    34.62   2.5766e+08      14.41    18.71       1.82    16.83   0.011457      -0.7854      -0.3153      -0.5327   1.000000   0.671368  -0.654373  -0.347938   0.879449   0.326957  -0.159803   0.931430   0.716580   0.665104   0.739093  -0.106666   276.53        14.38     13        3.64713e+10   -7.08134e+10     0.10551         0.25640        1.55333      0.018694
       601        601    39.58457381    22.39479099    26.23880739    19.28   143.77   -17.05  2.50978e+08      14.81    18.04       1.72    16.46   0.013724       -0.487      -0.8524       0.1903   1.000000   0.707065  -0.684891  -0.176021   0.759243  -0.183800  -0.418356   0.889492   0.701376   0.682845   0.596576   0.421688   248.05        14.65     13        3.40093e+10   -5.95354e+10     0.10873         0.33784        1.49536      0.020094
       531        531    39.71713150    22.39764634    25.87930503   154.28   112.00   143.71  2.21746e+08      13.53    14.71       1.80    12.86   0.040747      -0.2611      0.05447       0.9638   1.000000   0.002369   0.980048   0.198748   0.900756   0.990687  -0.029358   0.132957   0.854969  -0.136139  -0.196582   0.970990   287.22        13.52     13        1.83418e+10   -3.46522e+10     0.04067         0.30560        1.57576      0.051598
       517        517    39.70197820    22.30378198    26.08837396    61.18    91.12   -82.29    2.159e+08      12.06    18.39       1.67    16.85   0.022871      -0.9297      -0.3642       -0.055   1.000000  -0.162490  -0.368539   0.915301   0.659392   0.286805   0.869937   0.401189   0.637539   0.944108  -0.327702   0.035657   395.50        8.838     13        3.06648e+10    -5.4555e+10     0.11312         0.16063        1.43700      0.033979
       511        511    39.71494317    22.27446025    26.19568501   263.64  -102.89  -192.32  2.13394e+08       3.37    21.85       1.69    26.32   0.022576       0.9882     -0.09945       0.1163   1.000000   0.506121   0.797808  -0.327634   0.835377   0.732554  -0.598158  -0.324918   0.761883   0.455199   0.075561   0.887178 17968.41            0     13        7.38984e+10   -8.45332e+10     0.07960         0.07933        1.20744      0.011963
       465        465    39.56561648    22.31972084    26.17091951   -29.16   108.75   -63.55  1.94185e+08      12.59    10.29       7.02    14.08   0.030833      -0.9418       0.2626      -0.2098   1.000000   0.987921  -0.134317  -0.077273   0.921260   0.095482   0.920400  -0.379139   0.815242   0.122047   0.367181   0.922108   312.53        11.68     13        1.92556e+10   -1.91448e+10     0.15326         0.51012        1.42494      0.003544
       455        455    39.56139589    22.14255028    26.31978648   157.62    59.77   109.85  1.90009e+08      12.44    14.92       2.07    13.82   0.034454      -0.0295       -0.804      -0.5939   1.000000   0.550039   0.681065  -0.483329   0.916344   0.598128   0.082637   0.797128   0.858900   0.582837  -0.727545  -0.361911   316.54         11.4     12         1.8152e+10    -3.4015e+10     0.04848         0.51644        1.22590      0.048151
       440        440    39.72353246    22.26952701    26.39617052   161.19    66.37    15.40  1.83745e+08      12.80    18.21       1.43    15.88   0.012361       -0.446      -0.8847      -0.1356   1.000000  -0.040798  -0.066036   0.996983   0.869345  -0.682876   0.730249   0.020424   0.645429   0.729395   0.679982   0.074886   280.93        12.79     12        2.31711e+10   -4.61249e+10     0.07870         0.15220        1.20916      0.021798
       428        428    39.77075927    22.25934326    26.25309519   126.85   179.77  -120.35  1.78733e+08       8.36    20.10       0.96    18.11   0.008504       0.2917       0.8181       0.4957   1.000000   0.673708  -0.524470   0.520623   0.860228   0.714199   0.643061  -0.276391   0.679964  -0.189833   0.558036   0.807812   981.58         2.47     12        2.93192e+10   -5.85936e+10     0.07005         0.15820        0.81288      0.014069
       415        415    39.62786173    22.35624894    26.29845096   -25.61   165.36   -14.38  1.73304e+08      10.70    15.12       1.79    14.25   0.026615      -0.6908      -0.1589       0.7053   1.000000  -0.222414   0.454206   0.862687   0.785408  -0.130052   0.863121  -0.487964   0.753131   0.966239   0.220724   0.132900   453.84        6.837     12        1.75875e+10   -3.13703e+10     0.23103         0.19671        1.15524      0.035253
       395        395    40.07361227    22.36271423    26.30078172    52.71   116.63   -49.31  1.64952e+08      12.26    11.25       1.64    12.24   0.039021      -0.9561      -0.2915     -0.03067   1.000000   0.115637   0.411500   0.904044   0.893963   0.992804  -0.076403  -0.092214   0.838303   0.031126   0.908202  -0.417374   287.63        12.25     12        1.23659e+10   -1.77466e+10     0.11987         0.75425        1.40489      0.036308
       394        394    39.73134982    22.10212616    26.05589927   161.85   134.60    46.21  1.64535e+08      12.24    13.60       1.34    12.32   0.023317       0.7033       0.6804       0.2061   1.000000   0.323017   0.363400   0.873842   0.906557   0.860654   0.271233  -0.430938   0.874705  -0.393618   0.891276  -0.225149   288.09        12.23     12        1.24917e+10   -2.36907e+10     0.08082         0.38274        1.16252      0.031358
       391        391    39.66135971    22.30674248    26.09468662   -33.06    84.99   -71.88  1.63282e+08       8.07    16.62       1.35    15.48   0.017978      -0.8111       0.4342       0.3918   1.000000   0.080981   0.021497   0.996484   0.838927   0.977529  -0.196932  -0.075192   0.821865   0.194623   0.980181  -0.036961   998.75        2.341     12        1.95611e+10    -3.7042e+10     0.04467         0.15348        1.14534      0.024710
       379        379    39.79993440    22.34995268    26.21911598   142.20   212.77  -128.56  1.58271e+08      12.09    14.39       2.26    14.23   0.016875      -0.7369       0.4913      -0.4643   1.000000  -0.039228  -0.370758   0.927901   0.938676   0.956494   0.254740   0.142223   0.777314  -0.289104   0.893110   0.344634   287.28        12.09     12        1.60184e+10   -2.65392e+10     0.06318         0.24004        1.38899      0.022730
       378        378    39.58918229    22.13807327    26.16654144   167.42   154.67    51.99  1.57853e+08      12.40    19.22       1.07    17.55   0.009009      -0.1397      0.08008       -0.987   1.000000   0.023544   0.658673   0.752060   0.776611   0.787124   0.451572  -0.420140   0.729719   0.616345  -0.601857   0.507826   265.56        12.37     12        2.43122e+10   -4.85556e+10     0.07839         0.22167        0.89136      0.018704
       376        376    39.64920678    22.17224289    26.11568529   117.01   221.96   110.45  1.57018e+08      12.35    13.83       2.06    13.86   0.038045      -0.1438      -0.2488       0.9578   1.000000   0.735320   0.667340  -0.118165   0.960687  -0.290219   0.467622   0.834927   0.812940   0.612436  -0.579644   0.537526   267.36        12.29     12        1.50747e+10   -2.42065e+10     0.24663         0.24367        1.32744      0.048639
       375        375    39.75263175    22.28953398    26.20883660   220.41    90.53   108.14    1.566e+08       5.69    22.74       0.88    20.85   0.027499      -0.1633      -0.9301       -0.329   1.000000   0.999209  -0.007671   0.039020   0.711181  -0.027892   0.564196   0.825170   0.591708   0.028345   0.825605  -0.563536  2724.46       0.6058     12        3.40289e+10   -6.22075e+10     0.11395         0.12087        0.55478      0.042035
       357        357    39.64502883    22.33493396    26.12402934    -4.30   125.16   -62.20  1.49084e+08       8.00    16.91       1.10    15.58   0.014908        -0.96       -0.106       0.2591   1.000000  -0.393424   0.616563  -0.681959   0.872639   0.911082   0.360774  -0.199427   0.824210  -0.123074   0.699780   0.703677   934.09        2.484     12        1.80948e+10   -3.40712e+10     0.08549         0.29346        0.94698      0.021370
       356        356    39.73646585    22.15785600    26.19419820    80.22   169.42   -66.63  1.48666e+08      10.50    15.46       1.57    14.12   0.010407      -0.6031       0.7498      -0.2721   1.000000   0.015124   0.771905  -0.635558   0.865476   0.991680  -0.092844  -0.089164   0.822755   0.127834   0.628922   0.766887   412.19        7.386     12         1.4822e+10   -2.87968e+10     0.16734         0.19614        0.98892      0.016027
       354        354    39.69558234    22.30247719    26.14696997   145.44    78.76    96.80  1.47831e+08       7.02    17.33       1.43    16.02   0.006041      0.07876      -0.1247       0.9891   1.000000  -0.005597  -0.156282   0.987697   0.644420  -0.744922   0.659592   0.100145   0.633373   0.667128   0.735197   0.120110  1371.66        1.484     12        1.89728e+10   -3.53091e+10     0.14513         0.42115        1.23492      0.008271
       349        349    39.70761629    22.24976453    26.14306803    31.75   336.13   -28.15  1.45743e+08       6.79    15.59       1.51    14.36   0.021660      -0.9057       0.2285       0.3569   1.000000  -0.103633   0.970504   0.217674   0.881852  -0.458133  -0.240831   0.855637   0.734464   0.882822  -0.011051   0.469578  1496.43        1.315     12        1.50232e+10    -2.9716e+10     0.17371         0.24623        0.96969      0.028050
       347        347    40.01048853    22.42418926    26.41287502    31.97   142.19   -21.61  1.44908e+08      11.81    11.31       1.89    10.30   0.027037       0.4787         0.72      -0.5025   1.000000   0.805511  -0.476729  -0.351968   0.811907   0.324276  -0.142515   0.935166   0.736473   0.495981   0.867421  -0.039794   281.99        11.79     12        7.67925e+09   -1.41367e+10     0.17738         0.44547        1.63967      0.030803
       341        341    39.39814433    22.50676011    26.00099344   136.01   -34.28     9.85  1.42402e+08      11.65    10.77       2.51    10.40   0.043821       -0.875      -0.4514       0.1747   1.000000  -0.149484   0.343096   0.927329   0.765427   0.123206   0.937021  -0.326821   0.680381   0.981058  -0.065398   0.182341   289.31        11.64     12        7.69565e+09    -1.3726e+10     0.10117         0.15996        1.18044      0.048744
       337        337    39.51092488    22.38765218    26.20637780   198.03    66.75    27.49  1.40732e+08      11.84    18.55       1.08    16.02   0.012920       0.1405      -0.9098      -0.3905   1.000000   0.857477  -0.134374   0.496665   0.841524  -0.512279  -0.312988   0.799755   0.729975  -0.047984   0.940203   0.337217   272.15        11.81     12        1.80554e+10   -3.61456e+10     0.09010         0.16416        0.92330      0.025396
       336        336    39.73931182    22.30190385    25.92621409   184.28   189.35   130.64  1.40314e+08      11.60     8.40       8.90     8.70   0.071979       0.5962      -0.1912       0.7797   1.000000  -0.175214   0.867224   0.466072   0.772098  -0.662673  -0.453989   0.595616   0.587022   0.728124  -0.204493   0.654231   288.87        11.59     12        5.30501e+09   -8.45219e+09     0.33651         2.62360        6.03483      0.058571
       335        335    39.53903975    22.20597483    26.00108633   239.85   207.87    69.36  1.39896e+08      11.65    13.83       1.69    13.26   0.019633       0.9059      -0.3837      -0.1794   1.000000   0.600297   0.359941   0.714203   0.849505  -0.749224  -0.059363   0.659651   0.704532  -0.279832   0.931085  -0.234041   283.71        11.64     12        1.23009e+10   -1.99989e+10     0.15093         0.22557        1.05468      0.025123
       330        330    39.75873616    22.23463879    26.18126086    63.72   190.33   222.64  1.37808e+08       7.61    15.73       1.28    15.16   0.012295       0.5792      -0.4107       0.7041   1.000000   0.769987  -0.556720  -0.311741   0.774935   0.619247   0.769786   0.154798   0.737273   0.153795  -0.312237   0.937473  1004.01        2.197     12        1.58262e+10    -2.7442e+10     0.14929         0.03207        0.82515      0.015853
       315        315    40.02915491    22.12671712    26.15568387    50.27   180.54    69.95  1.31544e+08      11.34     8.68       4.67     9.10   0.089676      -0.4862       0.6154       0.6204   1.000000   0.190822   0.914785  -0.356027   0.913081   0.978425  -0.206510  -0.006198   0.817352   0.079193   0.347163   0.934455   289.64        11.34     11        5.44691e+09   -8.84217e+09     0.41199         1.12248        3.03325      0.079946
       315        315    39.56167853    22.34624390    26.37025251    22.96    -8.48    44.64  1.31544e+08      11.61    11.08       2.07    10.14   0.015242      -0.2701      -0.9626     -0.01886   1.000000  -0.358525   0.370419   0.856883   0.802066   0.449262   0.873082  -0.189448   0.656767   0.818305  -0.317044   0.479437   270.10        11.55     11        6.76238e+09   -1.29704e+10     0.11719         0.02675        1.25297      0.018589
       314        314    39.68993071    22.08585269    26.11442857   163.34   102.12    18.99  1.31127e+08      11.41    13.82       1.47    12.16   0.026367       0.1332       0.7678      -0.6267   1.000000   0.846072   0.525844   0.087459   0.887338  -0.517981   0.772229   0.367911   0.712645   0.125925  -0.356582   0.925739   283.54        11.39     11        9.69448e+09   -1.96708e+10     0.17843         0.07716        0.89426      0.040544
       310        310    40.13537288    22.06120556    26.20530035    36.94   149.92    11.58  1.29456e+08      11.28    11.85       1.42    10.75   0.012849       0.6837      -0.7048      -0.1892   1.000000   0.909797  -0.072745  -0.408628   0.835252  -0.057431   0.952986  -0.297522   0.754280   0.411060   0.294153   0.862846   289.44        11.28     11        7.47634e+09    -1.4244e+10     0.09785         0.29289        1.20987      0.016392
       304        304    39.67253715    22.37490217    26.35828716    13.01   197.55   -38.04  1.26951e+08       9.62    13.90       1.58    12.34   0.020279      -0.3996       -0.899      -0.1795   1.000000  -0.128871   0.238589   0.962532   0.781163  -0.129519   0.958261  -0.254872   0.726810   0.983167   0.157512   0.092591   456.97        6.107     11        9.66582e+09   -1.91661e+10     0.11872         0.20444        1.33919      0.028871
       303        303    39.67416429    22.33039876    26.03487698   127.66   101.78   -80.25  1.26533e+08      11.20    12.76       1.20    11.34   0.028459      -0.2018       0.9246      -0.3232   1.000000  -0.032441  -0.228756   0.972943   0.762104   0.958998  -0.281346  -0.034173   0.575604   0.281551   0.931941   0.228504   289.11         11.2     11        8.14239e+09   -1.51652e+10     0.12290         0.63537        1.01694      0.037700
       300        300    39.66926098    22.36933020    26.25794794    42.11   -92.05     8.06   1.2528e+08       8.66    15.33       1.17    13.65   0.027775      -0.4582      -0.8002       0.3869   1.000000   0.228666   0.937783   0.261294   0.751006   0.406021  -0.335817   0.849926   0.725247   0.884793  -0.088258  -0.457549   619.93        4.049     11        1.16713e+10   -2.33582e+10     0.09976         0.30974        1.00336      0.042147
       293        293    39.85392105    22.38908609    26.31968857   133.61   143.77  -109.99  1.22357e+08      11.21    10.11       2.83     9.80   0.032615       0.4213      -0.7545       0.5032   1.000000   0.549462   0.280456   0.787043   0.780331  -0.763435   0.551281   0.336536   0.744482   0.339498   0.785770  -0.517017   278.47        11.19     11        5.87534e+09   -1.10812e+10     0.11245         0.23765        0.60942      0.038495
       293        293    40.00198678    22.39951036    26.29682349    42.70   116.83   -82.06  1.22357e+08      11.09    11.37       2.26    10.42   0.014893      -0.4458       -0.349       0.8243   1.000000   0.909591  -0.369274  -0.190475   0.917427   0.415169   0.826163   0.380905   0.877424   0.016705  -0.425548   0.904782   287.68        11.09     11        6.63812e+09   -1.30843e+10     0.28326         0.10831        1.41826      0.019454
       291        291    39.88695466    22.34552188    26.13184897    91.74    75.81   187.95  1.21522e+08       7.06    10.83       1.47    11.75   0.031333       0.2758      -0.5534       0.7859   1.000000  -0.336836   0.819287  -0.464015   0.941819  -0.794074   0.017633   0.607565   0.762321   0.505952   0.573112   0.644636  1106.21        1.852     11         8.3891e+09   -1.29819e+10     0.34220         0.18000        1.00043      0.027760
       286        286    39.62622532    22.29060126    26.37073856   188.04   124.42    70.43  1.19434e+08      11.12    12.93       1.74    12.02   0.007277       0.7993       0.4642      -0.3816   1.000000  -0.587653  -0.168882   0.791292   0.712409   0.785642   0.114748   0.607947   0.625437  -0.193471   0.978934   0.065249   278.83         11.1     11        8.63368e+09   -1.58298e+10     0.11620         0.30999        1.01828      0.010301
       270        270    39.35298843    22.50430953    26.10989681   224.98    -3.11   107.76  1.12752e+08      10.41    13.64       1.09    12.32   0.021685      -0.7398      -0.3815      -0.5542   1.000000   0.502046  -0.232443   0.833019   0.845993   0.343279   0.937637   0.054747   0.727573   0.793794  -0.258472  -0.550529   320.53        9.419     11        8.55506e+09   -1.69191e+10     0.27748         0.15122        0.68126      0.033923
       267        267    39.96273906    22.17753116    26.21823196    27.50   204.31    64.77    1.115e+08      10.82     8.62       3.56     8.67   0.070636      -0.7515      0.05218      -0.6576   1.000000   0.246280   0.909719  -0.334301   0.913738   0.867803  -0.360576  -0.341909   0.856723   0.431582   0.205902   0.878260   282.86        10.79     11        4.19156e+09   -7.11937e+09     0.45358         0.48016        3.13093      0.067380
       265        265    39.61755649    22.29571058    26.20522914  -110.25    34.41  -107.54  1.10664e+08       5.67    11.63       3.33    15.77   0.059889      -0.3575      -0.9314      0.06797   1.000000  -0.517684   0.770303   0.372339   0.944646  -0.416059  -0.606927   0.677152   0.734857   0.747595   0.195635   0.634688  1951.91       0.8417     11        1.37621e+10   -1.30895e+10     0.21934         0.30721        2.25727      0.019969
       265        265    39.46025328    22.52674884    26.14116071   191.76     4.95    29.58  1.10664e+08      10.88    13.59       1.17    12.26   0.008347       -0.796     -0.08783        0.599   1.000000   0.991478  -0.078892  -0.103667   0.847951   0.061330  -0.419395   0.905730   0.796477   0.114933   0.904369   0.410982   276.03        10.85     11        8.31049e+09   -1.60713e+10     0.12486         0.11486        0.98891      0.013098
       261        261    39.84332775    22.16389102    25.83959431   111.28   166.85    99.60  1.08994e+08      10.73    10.10       2.30     9.21   0.007391      -0.3496       -0.197       -0.916   1.000000  -0.362365   0.714293  -0.598729   0.936289  -0.534339   0.367125   0.761381   0.867249   0.763658   0.595823   0.248642   282.87        10.71     11        4.62331e+09    -9.2856e+09     0.30868         0.92958        0.79439      0.009067
       260        260    39.65576338    22.35197020    26.31140980   108.41    80.11    96.77  1.08576e+08       9.37    13.74       1.68    12.40   0.025260      -0.7073      -0.5516       0.4421   1.000000  -0.273008   0.500405   0.821621   0.768612   0.819366  -0.326574   0.471157   0.557541   0.504090   0.801838  -0.320857   422.98        6.426     11        8.35186e+09   -1.59476e+10     0.14807         0.20654        1.01564      0.037106
       248        248    39.59270176    21.78742829    26.07553854   169.35   198.08    15.68  1.03565e+08      10.54     8.13       2.29     8.21   0.063468      -0.9441      -0.2969      -0.1432   1.000000  -0.367135   0.913111   0.177312   0.903723  -0.040716  -0.206217   0.977659   0.689609   0.929276   0.351714   0.112888   283.98        10.51     11        3.48764e+09   -5.98378e+09     0.17826         0.81407        1.99135      0.059408
       242        242    39.68396478    22.33915049    26.15886972   125.26   184.76    62.18  1.01059e+08       4.57    19.75       0.91    17.61   0.012350       0.5944       0.5222       0.6116   1.000000   0.977445  -0.199772   0.068499   0.895149   0.211107   0.915193  -0.343301   0.832502   0.005892   0.350018   0.936724  3400.20       0.3896     11        1.56699e+10   -3.21399e+10     0.02537         0.08383        0.57048      0.020038
       241        241    39.46029976    22.23746474    26.18889204    41.06    56.28    -1.49  1.00642e+08      10.40    11.23       1.67     9.61   0.028618       0.9685      -0.1756      -0.1764   1.000000   0.824584   0.483717   0.293392   0.733530  -0.271593   0.793395  -0.544758   0.684233  -0.496284   0.369516   0.785595   287.37        10.39     11        4.64989e+09   -9.36432e+09     0.26646         0.55038        1.07299      0.037629
       226        226    39.70990145    22.23546486    26.38735237   193.54   141.87   -72.52  9.43779e+07      10.46    12.73       1.38    11.18   0.020052       0.1685      -0.8099       0.5619   1.000000  -0.055959  -0.120392   0.991148   0.832429   0.933283  -0.359028   0.009082   0.745567   0.354757   0.925529   0.132451   264.54        10.41     11        5.89664e+09    -1.2048e+10     0.17113         0.25921        0.84431      0.032214
