#  npart(1)  nvpart(2)      Xc(3)          Yc(4)          Zc(5)      VXc(6)   VYc(7)   VZc(8)    Mvir(9)      Rvir(10) Vmax(11)   Rmax(12) sigV(13) lambda(14)      Lx(15)       Ly(16)       Lz(17)     a(18)     Eax(19)    Eay(20)    Eaz(21)     b(22)     Ebx(23)    Eby(24)    Ebz(25)     c(26)     Ecx(27)    Ecy(28)    Ecz(29) ovdens(30)    Redge(31) nbins(32)     Ekin(33)       Epot(34)   mbp_offset(35)  com_offset(36)   r2(37)      lambdaE(38)
   1323914    1323914    39.09363830    21.78561459    26.12273770   117.04    95.15    22.75  5.52868e+11     195.34   181.30      50.13   185.99   0.023660      -0.2479       0.7737       0.5831   1.000000   0.369939  -0.119310   0.921363   0.876879   0.640591  -0.685524  -0.345976   0.714848   0.672895   0.718207  -0.177173   238.04        195.3     34        9.56244e+15   -1.63881e+16     0.05711         2.76117       22.81994      0.023680
     58714      58714    38.54464705    22.17849643    25.79175768   127.62    75.53    90.56   2.4519e+10      69.15    57.17      43.24    68.71   0.098814      -0.8626       0.3075       0.4017   1.000000  -0.226450   0.810764  -0.539798   0.801876   0.956610   0.289445   0.033435   0.646632  -0.183350   0.508805   0.841130   238.04        69.14     26        5.78831e+13    -7.3446e+13     0.13584        14.61657       30.61094      0.063350
     57305      57305    38.68690665    22.26817512    25.82715156   137.39    34.55    10.31  2.39306e+10      68.59    64.96      16.19    65.13   0.046130       -0.867       0.3546      -0.3501   1.000000   0.094643   0.882831   0.460056   0.901285   0.521930  -0.437528   0.732229   0.855015   0.847721   0.170817  -0.502185   238.03        68.59     26        5.07525e+13   -9.09078e+13     0.12257         1.03664        7.02488      0.048477
     50491      50491    39.05293655    21.73893990    25.67296127   162.94   149.88   112.12  2.10851e+10      65.75    71.45       9.40    72.85   0.049781      -0.8068     -0.08012       0.5853   1.000000   0.037282   0.889773   0.454878   0.889425   0.575112  -0.391359   0.718390   0.707861   0.817225   0.234823  -0.526310   238.04        65.75     25        5.59514e+13   -8.96738e+13     0.08322         1.43446        4.04276      0.053273
     14383      14383    39.21949634    21.74581710    26.30203641    21.01   146.33  -129.49  6.00636e+09      43.28    44.74       9.52    51.13   0.014637     -0.09531      -0.3004        0.949   1.000000  -0.208361   0.772455   0.599916   0.875548   0.619406  -0.370477   0.692158   0.720408   0.756916   0.515811  -0.401270   237.84        43.27     22        7.85056e+12   -1.03385e+13     0.10647         1.51158        6.57573      0.012117
     10272      10272    39.07744156    21.76453346    25.98434754   159.29    68.01   164.55   4.2896e+09      38.67    44.89       5.22    45.40   0.016580      -0.9998     -0.01802     -0.00579   1.000000   0.149256   0.159305   0.975881   0.939171   0.068156   0.982932  -0.170880   0.919346   0.986447  -0.092018  -0.135851   238.01        38.67     21        4.42112e+12   -7.21307e+12     0.16955         0.50293        2.81194      0.019245
      8434       8434    39.13461550    21.83495240    26.28382115   112.78   200.63    84.79  3.52205e+09      36.22    38.26       5.39    41.99   0.025466      -0.8141      -0.5135      -0.2711   1.000000   0.288820   0.032410   0.956835   0.813756   0.842937   0.465241  -0.270199   0.762692  -0.453916   0.884591   0.107051   237.92        36.22     20        3.10438e+12   -4.24221e+12     0.11771         1.38937        3.61732      0.022242
      8380       8380    38.55924415    22.19765322    25.78399812    91.90    86.63    65.71   3.4995e+09      12.65    49.00      10.30    56.88   0.026388       0.5524       0.4539       0.6992   1.000000   0.610865   0.311572  -0.727851   0.984710   0.791594  -0.257670   0.554063   0.886916   0.014915   0.914620   0.404040  5548.96       0.5427     20        5.66143e+12   -7.26369e+12     0.16228         0.22939        7.60368      0.016267
      6400       6400    38.52061204    22.21581028    25.76632278   161.95    50.27    59.38  2.67265e+09      28.58    36.94       6.41    40.84   0.014954       0.1538       0.8734      -0.4621   1.000000   0.942997  -0.287730   0.167239   0.933964   0.144656   0.806936   0.572650   0.885399  -0.299719  -0.515815   0.802560   367.44        18.52     20        2.22862e+12    -3.1851e+12     0.15887         0.72666        4.44124      0.014018
      6021       6021    38.49845704    22.12261122    25.66415016   168.73    61.79    69.96  2.51438e+09      32.37    30.89       8.51    32.32   0.027856      -0.2618      -0.8613       0.4355   1.000000   0.045800   0.421141   0.905838   0.908155   0.470380   0.790878  -0.391477   0.841136   0.881275  -0.444018   0.161874   238.01        32.37     19        1.31327e+12     -2.132e+12     0.15330         0.80393        5.74896      0.027328
      5580       5580    39.04977352    21.68532008    26.03995406   156.14   136.11    64.32  2.33021e+09      31.56    45.16       4.33    41.48   0.002149       0.9254        0.341       0.1654   1.000000   0.339033   0.739739   0.581243   0.775435   0.610358  -0.643111   0.462462   0.714671   0.715905   0.197976  -0.669541   237.99        31.56     19        2.00482e+12   -3.88417e+12     0.08580         0.39739        2.85668      0.003403
      5472       5472    39.02419589    21.82947623    26.24841234   200.77   267.10    92.63  2.28511e+09      31.37    31.48       6.43    33.84   0.054158       0.7712       0.5981       0.2178   1.000000   0.728821   0.492345  -0.475832   0.907974   0.495464  -0.858877  -0.129792   0.737762   0.472583   0.141162   0.869907   237.50        31.37     19         1.3086e+12   -1.99528e+12     0.17499         0.99431        5.68378      0.052713
      4645       4645    39.47640585    21.56463441    26.57254587   164.73   181.25   -38.62  1.93976e+09      29.69    24.91      18.38    31.31   0.109029      -0.4449       0.2023       0.8724   1.000000   0.604004  -0.188824   0.774290   0.747844   0.472903   0.866926  -0.157485   0.663405   0.641516  -0.461286  -0.612922   237.96        29.68     19        9.50905e+11   -1.08056e+12     0.19959         4.07031       12.92060      0.052840
      4247       4247    38.93407239    21.94262147    26.13842291   116.46   113.47    36.52  1.77355e+09      28.83    33.67       4.80    31.55   0.027978      -0.8697       0.4925     -0.03229   1.000000   0.786512  -0.611179   0.088654   0.884445   0.114312   0.285145   0.951644   0.773524   0.606904   0.738345  -0.294134   237.43        28.83     18        8.82456e+11   -1.60079e+12     0.24668         0.70977        2.55443      0.034403
      4161       4161    38.43137115    22.30540390    25.68230652   121.13    38.14   108.44  1.73764e+09      28.62    31.10       5.67    30.26   0.016449      -0.7719      -0.3781       0.5111   1.000000  -0.482872   0.865366   0.134075   0.983855   0.541857   0.174990   0.822052   0.884679   0.687914   0.469595  -0.553403   238.00        28.62     18        7.95607e+11   -1.39244e+12     0.17674         0.41332        2.91592      0.018747
      3944       3944    39.70128044    21.19386908    25.96952090   111.81   176.16    30.45  1.64702e+09      28.12    26.90       4.90    27.05   0.036390      -0.9355       0.3226      -0.1443   1.000000  -0.223679   0.902686  -0.367595   0.820693   0.615159   0.423291   0.665135   0.711824   0.756008  -0.077353  -0.649976   237.81        28.11     18        6.02709e+11   -1.01167e+12     0.05749         1.09346        4.27786      0.035902
      3890       3890    38.49252896    22.22259309    25.89329590   137.71    49.04    78.97  1.62447e+09      28.01    27.67       7.30    28.08   0.023112      -0.5132       0.8395       0.1786   1.000000   0.137552  -0.059784   0.988689   0.956432  -0.381322   0.918045   0.108564   0.871062   0.914152   0.391942  -0.103482   237.32           28     18        6.40587e+11   -1.09352e+12     0.12950         1.21518        2.19644      0.024282
      3533       3533    38.95084624    21.79644994    25.97832774   186.55    27.60   -76.16  1.47538e+09      27.11    30.16       4.94    29.67   0.016025      -0.6756      -0.1152      -0.7282   1.000000   0.853916   0.044379   0.518516   0.846286  -0.482480   0.440931   0.756831   0.769107   0.195042   0.896443  -0.397930   237.72         27.1     18         6.4939e+11   -1.12638e+12     0.14265         0.65197        2.45385      0.018715
      3499       3499    38.91955702    21.70322290    26.18411190   219.85    99.94    73.28  1.46119e+09      27.02    30.16       7.00    29.72   0.024505      -0.7884      -0.3316       0.5181   1.000000   0.866428   0.437972  -0.239756   0.958188   0.320048  -0.118593   0.939949   0.889174  -0.383238   0.891132   0.242924   237.84        27.01     18        6.45119e+11    -1.1348e+12     0.13986         0.07840        3.59406      0.029229
      2979       2979    38.49997352    22.20423961    25.71062105   144.01    30.29   116.74  1.24403e+09      25.61    29.48       4.57    28.42   0.009662      -0.6372      -0.4312      -0.6388   1.000000  -0.622619   0.613038  -0.486344   0.951646   0.082703   0.669576   0.738125   0.881462   0.778143   0.419348  -0.467590   237.65        25.61     18        5.02299e+11   -8.86884e+11     0.12430         0.19552        2.24884      0.011681
      2712       2712    38.57211363    22.22963152    25.90217817    91.57    72.23    89.14  1.13253e+09      24.83    24.37       5.86    24.42   0.029769      -0.9167      -0.3995    0.0008761   1.000000   0.675235   0.737306  -0.020895   0.872985   0.560275  -0.531121  -0.635612   0.826323   0.479739  -0.417481   0.771726   237.47        24.82     17        3.37687e+11   -5.83343e+11     0.36311         0.05123        2.54536      0.031107
      2703       2703    39.08094649    21.77489428    26.19339375   375.25   -48.15   -31.34  1.12878e+09      14.40    31.06       4.14    32.64   0.023507       0.4841       0.3113       0.8178   1.000000  -0.616927   0.023164   0.786679   0.876306   0.611905  -0.614498   0.497961   0.774051   0.494948   0.788578   0.364926  1212.75        2.827     17        6.01098e+11   -9.74919e+11     0.17434         0.37885        2.23749      0.023154
      2586       2586    38.55975366    22.35100784    25.77699651    94.19    35.41   120.10  1.07992e+09      24.42    22.14       4.74    21.94   0.023985       0.2279      -0.9139       -0.336   1.000000   0.692152   0.718755   0.065703   0.926705   0.525386  -0.564165   0.636936   0.839856  -0.494868   0.406337   0.768112   237.93        24.42     17        2.59937e+11   -4.67325e+11     0.18106         0.25842        2.41498      0.023952
      1993       1993    38.70167800    22.19112984    25.92811380   160.55    14.70   -16.20  8.32279e+08      22.42    23.34       4.16    22.35   0.025871        0.474      -0.5738      -0.6679   1.000000   0.575024   0.528042  -0.624916   0.938042   0.775426  -0.108187   0.622102   0.888469  -0.260888   0.842299   0.471667   236.99        22.41     16        2.07905e+11   -3.86264e+11     0.11712         0.24935        2.08114      0.029787
      1911       1911    38.57711883    22.39319423    25.82789780   149.61    16.80    14.33  7.98036e+08      22.14    22.91       3.99    21.93   0.016515      -0.1986      -0.5299      -0.8245   1.000000   0.566408   0.635764  -0.524391   0.910723   0.786491  -0.226908   0.574408   0.898099   0.246199  -0.737779  -0.628545   235.97        22.13     16        1.91892e+11    -3.5369e+11     0.06338         0.37710        2.41955      0.018769
      1846       1846    39.32275674    21.69359655    26.12511663   -14.80   208.87    48.39  7.70892e+08      21.83    22.35       3.95    22.50   0.008035       0.2944      -0.1043         0.95   1.000000   0.600569   0.030358   0.798996   0.921884  -0.182627   0.978072   0.100111   0.867182   0.778437   0.206042  -0.592944   237.94        21.83     16         1.9505e+11   -3.33715e+11     0.07372         0.67898        1.95398      0.008690
      1808       1808    39.19981762    21.76767606    26.13198264   104.34   100.74  -139.72  7.55023e+08      18.10    31.33       3.40    29.65   0.012056      -0.8989       0.2015      -0.3891   1.000000   0.967766  -0.156844   0.197051   0.949760  -0.210080  -0.071195   0.975088   0.775959   0.138907   0.985054   0.101850   408.46        10.55     16        3.31812e+11   -6.31145e+11     0.16367         0.20180        2.25847      0.017811
      1751       1751    39.26271666    21.71017401    26.19313640   -32.98   155.65   -96.15   7.3122e+08      21.49    24.60       2.57    23.70   0.008920      -0.1462      -0.7907      -0.5945   1.000000   0.955644  -0.245281   0.163039   0.924263  -0.178502  -0.042036   0.983041   0.880875   0.234268   0.968540   0.083955   236.60        21.48     16         2.0537e+11   -3.66975e+11     0.10663         0.33117        2.23451      0.010893
      1710       1710    38.95315804    21.87186075    26.11867977   -13.27   149.48   140.59  7.14098e+08      21.41    25.09       2.60    25.70   0.034770       0.8107        0.527       0.2551   1.000000   0.594171  -0.479010   0.646150   0.904378  -0.794999  -0.227679   0.562262   0.824200   0.122215   0.847768   0.516093   233.47        21.39     16         2.3586e+11   -3.64109e+11     0.02783         0.32201        2.21618      0.038664
      1704       1704    39.26435969    21.62034395    26.04747026    51.85   178.75    37.60  7.11592e+08      21.34    27.35       2.79    26.03   0.021955      -0.4645      -0.8853      0.02193   1.000000  -0.590621   0.083668   0.802600   0.936516   0.589369  -0.634647   0.499868   0.848231   0.551190   0.768260   0.325525   234.88        21.32     16        2.40994e+11   -4.18942e+11     0.18844         0.29578        1.82699      0.028813
      1704       1704    39.37333207    21.42230668    26.01017053    45.78   124.83    75.84  7.11592e+08      21.27    21.51       4.86    22.28   0.054239      -0.5755       -0.378      -0.7252   1.000000   0.211774   0.799824  -0.561634   0.984150  -0.758024   0.497158   0.422177   0.787711   0.616888   0.336326   0.711571   237.46        21.26     16        1.76606e+11   -2.84266e+11     0.08123         0.64183        4.23790      0.055265
      1690       1690    39.45998791    21.79188847    26.37155591    74.32   188.81   -58.48  7.05746e+08      21.21    21.11       6.05    21.67   0.016708       0.2517       0.9046      -0.3439   1.000000   0.755148   0.029517  -0.654890   0.945113   0.637658  -0.264904   0.723338   0.871014   0.152132   0.963823   0.218864   237.28        21.21     16        1.65707e+11   -2.69926e+11     0.35202         0.17366        4.18899      0.016868
      1562       1562    39.25265876    21.75914021    26.26756204   -18.55   231.65     8.73  6.52293e+08      20.70    22.37       3.69    21.93   0.031807      -0.8176      -0.5676      0.09691   1.000000   0.605379  -0.267095   0.749785   0.962538   0.786782   0.058345  -0.614467   0.879817   0.120375   0.961902   0.245466   236.17        20.68     16        1.56797e+11   -2.73141e+11     0.15495         0.61841        2.42108      0.036257
      1527       1527    39.06545520    21.89552294    26.07454068    28.37    19.94   -81.84  6.37677e+08      20.82    29.16       2.73    26.79   0.011393      -0.9325      -0.1489       0.3291   1.000000   0.119426   0.978906   0.165771   0.765221   0.579363  -0.204302   0.789049   0.692426   0.806273   0.001809  -0.591541   226.85        20.76     16        2.28775e+11   -4.40872e+11     0.11499         0.41258        2.39051      0.017990
      1361       1361    39.47542837    21.43248635    25.91570680   119.54   175.22    76.47  5.68355e+08      19.73    20.06       3.05    19.28   0.017857       -0.937       0.1817      -0.2983   1.000000   0.795545  -0.460815   0.393392   0.916568   0.575320   0.778168  -0.251914   0.786211  -0.190039   0.426735   0.884184   237.64        19.72     15        1.05629e+11    -1.9379e+11     0.17748         0.52915        2.06290      0.019854
      1256       1256    38.96203100    21.98838838    26.09782450   197.28     3.63   153.98  5.24507e+08      19.29    20.35       3.69    19.74   0.026048       0.1283       0.3241       0.9373   1.000000   0.835693  -0.213612   0.505952   0.965228   0.439993   0.811743  -0.384031   0.927477  -0.328669   0.543547   0.772356   234.41        19.27     15        1.02143e+11   -1.84932e+11     0.20627         0.34122        2.46334      0.030076
      1121       1121    38.90320902    21.97688677    25.99164780   164.72   101.07    84.38  4.68131e+08      18.49    20.81       3.24    21.10   0.028813      -0.2208       -0.156       0.9628   1.000000   0.436723   0.121687   0.891328   0.950326  -0.402080   0.912738   0.072397   0.845204   0.804739   0.390002  -0.447542   237.55        18.49     15        1.04234e+11    -1.6958e+11     0.11004         0.47885        2.11872      0.032423
      1111       1111    39.38752781    21.78470151    26.31738365    19.89   163.90   -25.42  4.63955e+08      18.48    16.33       4.75    17.36   0.054796       0.2786       0.1793       0.9435   1.000000   0.899621  -0.393065   0.190216   0.851033  -0.163678   0.100315   0.981400   0.775157   0.404836   0.914022  -0.025909   236.08        18.46     15        6.98889e+10   -1.12587e+11     0.07385         1.30253        4.18174      0.050268
       926        926    39.25782158    21.63520208    26.00413111    89.46   153.16     9.43  3.86699e+08      17.35    21.54       2.22    19.92   0.011183      -0.1664       0.1131       0.9795   1.000000  -0.575813   0.817247  -0.023382   0.912842  -0.085947  -0.032066   0.995784   0.803210   0.813051   0.575395   0.088704   237.78        17.35     14        7.67582e+10    -1.4637e+11     0.21824         0.19154        1.93637      0.015228
       916        916    38.80806418    22.40383500    25.76999372   150.35    48.04   -26.58  3.82523e+08      17.17    17.14       3.99    16.40   0.019858        -0.99      -0.1404     -0.01042   1.000000   0.168113   0.850084   0.499095   0.961691   0.945052  -0.282994   0.163683   0.862745  -0.280385  -0.444153   0.850948   242.36        16.87     14        5.14643e+10    -9.6142e+10     0.42166         0.48906        2.79462      0.021790
       848        848    39.02652843    21.78118826    25.85616052   174.97    19.25   -43.58  3.54126e+08      16.87    20.32       2.88    19.03   0.019465       0.5105      -0.7414       0.4356   1.000000   0.009055  -0.151400   0.988431   0.928418   0.746047  -0.657160  -0.107493   0.784881   0.665832   0.738389   0.107001   236.66        16.86     14        6.41224e+10   -1.18176e+11     0.10569         0.13488        1.87164      0.025153
       840        840    38.98979407    21.75570386    26.16179654   325.52   137.89     0.90  3.50785e+08      17.39    19.62       3.00    18.49   0.026134      -0.4433      -0.8001       0.4041   1.000000   0.956699   0.287491   0.045574   0.779967  -0.077672   0.101243   0.991825   0.687505  -0.280526   0.952417  -0.119189   214.08        17.25     14         5.9988e+10   -1.09309e+11     0.10584         0.27657        1.95663      0.033063
       813        813    39.56670991    21.49610387    25.96437036    93.81   163.68    38.28   3.3951e+08      16.63    15.34       2.81    17.01   0.030478      -0.7612       0.4137      -0.4995   1.000000  -0.288776   0.910775  -0.295123   0.946499   0.949232   0.312543   0.035718   0.820885  -0.124770   0.269825   0.954792   237.08        16.62     14        4.90966e+10   -6.92639e+10     0.17178         0.30371        1.93519      0.024909
       804        804    39.54276569    21.52059093    26.43604606    61.23   156.24    -4.58  3.35751e+08      16.66    18.30       3.45    18.41   0.027368        0.884       0.4131       -0.219   1.000000   0.923920  -0.346279  -0.162677   0.979616   0.137331  -0.096694   0.985794   0.916444   0.357090   0.933135   0.041783   232.89        16.64     14        5.68873e+10   -9.45764e+10     0.13836         0.29155        1.59252      0.030954
       786        786    39.28639537    21.58943542    26.03052685   151.87    93.58   -52.12  3.28235e+08      16.43    19.24       2.10    18.73   0.024771      -0.3032      -0.6327      -0.7126   1.000000   0.782410  -0.492497  -0.381157   0.798300   0.269330   0.819439  -0.505946   0.715722   0.561512   0.293200   0.773782   237.45        16.43     14        5.75488e+10   -9.36254e+10     0.16171         0.50456        1.36533      0.027843
       780        780    38.87346398    22.07681624    26.07495392   142.38    14.65   122.37  3.25729e+08      16.47    18.15       2.49    16.94   0.013762      -0.2857       0.8614         0.42   1.000000   0.562113  -0.442388   0.698801   0.921480   0.333836   0.894395   0.297676   0.841966   0.756692  -0.065958  -0.650436   234.01        16.45     14        4.67375e+10   -9.02426e+10     0.06028         0.37412        1.57203      0.017137
       775        775    39.02305002    21.86563112    26.14571158   -50.68    83.34  -167.74  3.23641e+08      10.38    20.83       2.09    21.42   0.027008      -0.6384       0.1185       0.7605   1.000000  -0.296051   0.914523   0.275684   0.940960   0.127240  -0.248291   0.960292   0.743111   0.946659   0.319374  -0.042857   929.23        2.659     14        7.42222e+10   -1.21051e+11     0.13508         0.23328        1.41122      0.027878
       764        764    39.59788007    21.39624039    25.91395596   142.94   183.49    43.45  3.19047e+08      16.27    15.97       2.08    16.37   0.033103      -0.9652       0.1501       0.2141   1.000000  -0.115058   0.989514  -0.087308   0.927875   0.935096   0.078233  -0.345653   0.840931   0.335198   0.121411   0.934292   237.85        16.27     14        4.27434e+10   -6.91255e+10     0.18653         0.90978        1.35252      0.032571
       756        756    39.07354202    21.80488146    26.18855727    45.29   232.61    15.06  3.15706e+08       9.64    21.89       3.18    22.71   0.020756      -0.5545       0.5055      -0.6611   1.000000  -0.258081   0.031157   0.965621   0.788694   0.581377  -0.793251   0.180980   0.737500   0.771618   0.608097   0.186609  1132.38        2.026     14          8.142e+10   -1.30392e+11     0.14260         0.21497        2.11773      0.021642
       733        733    39.21525528    21.60532326    26.20682565    12.51   245.70     3.48  3.06102e+08      16.06    14.33       7.20    14.96   0.022966       0.5134      -0.4761       -0.714   1.000000   0.494086   0.404588   0.769537   0.940348  -0.041800   0.895153  -0.443794   0.881970   0.868407  -0.187106  -0.459195   237.28        16.05     14        3.42375e+10   -5.81218e+10     0.07655         0.17420        4.86266      0.022265
       713        713    39.19507823    21.74341755    26.23972293     0.78    83.42  -111.52   2.9775e+08      16.00    18.45       3.41    17.72   0.014982      -0.8858        0.415      -0.2077   1.000000   0.213849  -0.154534   0.964566   0.903554   0.845469  -0.465337  -0.261997   0.837321   0.489336   0.871539   0.031142   233.33        15.98     14        4.67719e+10   -8.60962e+10     0.15571         0.28266        2.16784      0.019125
       670        670    39.46277874    21.79284881    26.29920023    87.75   168.11   -78.70  2.79793e+08      15.60    14.82       3.52    15.71   0.025169      -0.0758      -0.1983      -0.9772   1.000000   0.745012   0.206770   0.634195   0.904409   0.029233   0.939710  -0.340720   0.817062  -0.666410   0.272380   0.694051   236.60        15.59     14        3.45159e+10   -5.44858e+10     0.08502         0.88767        1.68878      0.024058
       656        656    39.58950522    21.40360575    25.98185488    73.32   168.24    23.38  2.73946e+08      15.50    13.62       2.78    18.26   0.040542        0.144      -0.9657       0.2161   1.000000   0.253983   0.490173   0.833800   0.882537   0.830957   0.330587  -0.447463   0.747862  -0.494978   0.806500  -0.323349   235.89        15.49     13        4.56515e+10   -4.58918e+10     0.13208         0.29716        1.37212      0.004329
       644        644    39.24920859    21.73868675    26.37557696    98.78    92.34   -86.37  2.68935e+08      15.47    18.94       2.32    18.15   0.007459      -0.3516       0.2531       0.9013   1.000000   0.416405  -0.352791   0.837942   0.918492  -0.175434   0.873147   0.454793   0.829471   0.892093   0.336381  -0.301691   233.08        15.45     13        4.43174e+10   -7.71798e+10     0.11516         0.23564        1.46447      0.009476
       640        640    38.91328451    21.73323413    25.50999945   224.68   137.79    59.78  2.67265e+08      15.40    14.69       3.29    14.45   0.018154      -0.1197      0.05207       0.9914   1.000000   0.943086   0.254596   0.213940   0.934957   0.033613  -0.713017   0.700341   0.851339  -0.330847   0.653290   0.680994   235.06        15.38     13         2.7908e+10   -4.96308e+10     0.19341         0.20343        2.85531      0.018823
       634        634    39.46532710    21.56639875    26.55582353   153.49   168.20   -31.44  2.64759e+08      12.12    15.47       2.74    18.42   0.053684      -0.6148      0.03309        0.788   1.000000   0.407545   0.213061   0.887982   0.765669   0.555357   0.714083  -0.426221   0.658590  -0.724903   0.666852   0.172696   477.52        6.041     13        4.48987e+10   -5.75209e+10     0.23105         0.99897        1.77616      0.038000
       617        617    39.01343511    21.81528278    26.16629564   212.66   -65.53   128.06   2.5766e+08       9.88    21.08       2.19    19.79   0.002124       0.3261      -0.4084       0.8526   1.000000   0.770110  -0.552522  -0.318826   0.842493   0.168594  -0.305738   0.937070   0.794731   0.615229   0.775399   0.142300   857.46        2.743     13        5.04373e+10   -9.63545e+10     0.12169         0.25801        1.40720      0.002660
       608        608    38.52312902    22.46070704    25.79381287   142.10    31.18    12.00  2.53902e+08      15.09    16.11       2.70    14.98   0.042141      -0.9945     -0.08251     -0.06458   1.000000   0.380805   0.415015   0.826287   0.912647   0.679993   0.479849  -0.554395   0.908357   0.626575  -0.772986   0.099478   236.95        15.09     13        2.84872e+10   -5.52926e+10     0.12680         0.31253        1.33196      0.050590
       606        606    39.49406081    21.45643932    26.00652834    82.75   177.55    36.13  2.53066e+08      15.08    13.34       3.21    15.41   0.123226       0.9563      -0.2499       0.1521   1.000000  -0.208129  -0.232960   0.949954   0.718578   0.120476   0.957721   0.261260   0.632155   0.970653  -0.168823   0.171263   237.01        15.07     13        3.00539e+10   -4.10093e+10     0.21811         2.45670        1.49999      0.094828
       601        601    39.03078917    21.84217369    26.23834707   283.55   112.55  -160.29  2.50978e+08       8.70    17.68       4.33    21.78   0.035456     -0.05457      0.03469      -0.9979   1.000000   0.874526   0.378877   0.302749   0.831535  -0.357139   0.080776   0.930552   0.729255  -0.328110   0.921915  -0.205952  1223.74        1.692     13        5.95069e+10   -6.89659e+10     0.28786         0.24328        1.92909      0.019418
       578        578    39.32551670    21.75989395    26.23662539   194.50   106.45    79.53  2.41373e+08      14.84    16.09       3.05    14.88   0.034503      -0.1247       0.1744      -0.9767   1.000000   0.784418   0.273822   0.556516   0.776596  -0.370114   0.926657   0.065740   0.737069  -0.497699  -0.257542   0.828232   236.80        14.84     13         2.6712e+10   -4.98101e+10     0.21520         0.42104        2.63903      0.040109
       578        578    39.50523514    21.19400387    25.73767304   128.46   166.88    55.23  2.41373e+08      14.83    12.14       8.95    13.46   0.111034       0.1721       0.7287       0.6628   1.000000   0.610721  -0.678940   0.407506   0.891032   0.781028   0.601263  -0.168755   0.730320  -0.130443   0.421336   0.897475   237.57        14.82     13        2.18606e+10   -3.14162e+10     0.37899         1.11595        7.95271      0.082976
       564        564    39.16554907    21.60479767    25.92282774    93.29   150.19   -24.63  2.35527e+08      14.73    17.22       2.44    16.33   0.016075      -0.8901      -0.3943      -0.2286   1.000000  -0.258251   0.781541   0.567891   0.903318   0.249347  -0.513992   0.820755   0.821401   0.933345   0.353563  -0.062136   236.30        14.73     13        3.14094e+10   -5.76198e+10     0.13456         0.40177        2.07206      0.020324
       559        559    38.97614882    21.83198098    25.98718480    98.06    59.22  -149.88  2.33439e+08      14.66    15.42       2.38    17.10   0.031359      -0.5864      -0.7576       0.2865   1.000000   0.875004  -0.371198   0.310772   0.851381   0.465880   0.820169  -0.332082   0.794649  -0.131617   0.435355   0.890586   237.93        14.66     13        3.41158e+10   -4.49364e+10     0.09420         0.97228        2.06737      0.025636
       554        554    38.40192978    22.08809295    25.68831462   136.56   100.78    55.28  2.31351e+08      14.67    14.49       2.76    13.68   0.011897      -0.7404      -0.1938      -0.6437   1.000000   0.924013   0.009389   0.382246   0.899567  -0.278383   0.701824   0.655703   0.841660   0.262113   0.712289  -0.651108   235.00        14.66     13        2.16363e+10   -4.15812e+10     0.12976         0.43517        1.39271      0.013331
       548        548    38.88846057    21.78999163    26.30113299   114.51    25.43   -15.97  2.28845e+08      14.63    16.77       1.95    15.50   0.028597       -0.906      -0.2162      -0.3638   1.000000   0.742406  -0.433633  -0.510682   0.857456   0.340904   0.900721  -0.269234   0.765694   0.576730   0.025788   0.816528   234.43        14.62     13        2.75054e+10    -5.1505e+10     0.14109         0.34755        1.19757      0.035485
       543        543    38.92739507    21.82459929    25.93070785   120.95    71.70   -86.80  2.26757e+08      14.61    15.59       3.69    14.41   0.008917       0.5246       0.5396       0.6586   1.000000   0.587915   0.216845   0.779317   0.834516   0.800478  -0.294797  -0.521851   0.704990   0.116580   0.930630  -0.346896   233.14        14.59     13        2.35539e+10   -4.53736e+10     0.25117         0.36586        2.46528      0.010641
       519        519    39.41009247    21.74121533    26.23986765   102.75   171.03     9.64  2.16735e+08      14.52    16.03       3.63    15.07   0.043232       0.6399       0.3622      -0.6778   1.000000   0.956055   0.029535   0.291696   0.941442  -0.007532   0.997059  -0.076270   0.809370  -0.293090   0.070721   0.953466   227.15        14.47     13        2.46121e+10   -4.58631e+10     0.24538         0.27626        2.42196      0.053097
       516        516    39.59321154    21.20906673    25.86448906    90.13   151.87    62.57  2.15482e+08      14.27    13.06       3.40    12.72   0.011048       0.4552      -0.3988       0.7961   1.000000  -0.630050   0.017889   0.776348   0.841430   0.746564   0.289107   0.599216   0.725448  -0.213728   0.957130  -0.195507   237.99        14.27     13          1.744e+10   -3.24697e+10     0.22153         0.49371        2.23121      0.011378
       503        503    39.30996595    21.81240225    26.25915377   195.72   139.77   -63.68  2.10053e+08      14.29    14.75       3.18    14.79   0.015696        0.956      -0.2142      -0.2004   1.000000   0.625436  -0.127912   0.769720   0.903807   0.615326   0.687442  -0.385743   0.811663  -0.479797   0.714886   0.508659   231.26        14.25     13        2.29685e+10   -3.89519e+10     0.20934         0.74685        2.04586      0.017110
       501        501    38.83820217    21.67798165    25.38653128   174.25   153.42    62.89  2.09218e+08      14.28    14.16       2.69    13.44   0.048112     -0.07615      0.03208       0.9966   1.000000   0.462889   0.869687   0.171400   0.940281   0.529187  -0.426252   0.733669   0.910833   0.711123  -0.248904  -0.657534   230.47        14.24     13        1.88993e+10   -3.52094e+10     0.34271         0.67811        1.79276      0.053184
       493        493    39.14791705    21.78876274    26.15231661    75.06    -8.86  -177.01  2.05877e+08       6.91    22.13       1.61    20.55   0.019958      -0.4817      -0.3346         0.81   1.000000   0.238198   0.687618   0.685889   0.947286  -0.808152   0.532011  -0.252694   0.868382   0.538657   0.494112  -0.682424  2000.07       0.8228     13        4.34602e+10   -8.47927e+10     0.09578         0.17263        1.40769      0.024830
       489        489    39.08134492    21.79796444    26.06008040  -188.45    49.28    89.37  2.04207e+08       5.63    19.69       2.43    20.21   0.013442      -0.2703       0.7334      -0.6237   1.000000  -0.382470  -0.354263   0.853355   0.865072  -0.476430   0.866943   0.146370   0.785115   0.791663   0.350582   0.500361  3670.69       0.3652     13          4.172e+10   -6.81627e+10     0.09787         0.16881        2.13590      0.012172
       488        488    39.24792125    21.76730943    26.44015172   111.86   143.81   -52.32  2.03789e+08      14.71    20.06       1.81    17.93   0.003846      -0.3831       0.6839       0.6209   1.000000   0.991293  -0.092531   0.093676   0.872607  -0.120405  -0.349074   0.929328   0.806355   0.053292   0.932515   0.357176   205.39        14.61     13        3.27742e+10   -6.71167e+10     0.06357         0.24729        1.54006      0.006428
       487        487    39.11795755    21.78539823    26.30281814   160.35   -42.43   132.33  2.03372e+08      13.85    16.13       2.25    15.84   0.015383       0.9118       0.2879      -0.2927   1.000000  -0.130313   0.592926   0.794643   0.864278  -0.170685   0.776096  -0.607077   0.782509   0.976671   0.214743  -0.000068   245.54        13.43     13        2.55126e+10   -4.20216e+10     0.16150         0.53676        1.95223      0.017334
       481        481    39.07068446    21.79903592    26.10375115   206.52  -207.64   -77.62  2.00866e+08       3.42    25.56       1.64    28.59   0.008021      -0.2109      -0.6828      -0.6995   1.000000   0.777801  -0.574144   0.255702   0.911322  -0.266484   0.067203   0.961494   0.864019   0.569220   0.815992   0.100730 16054.00            0     13        8.20661e+10   -1.13057e+11     0.15616         0.12448        1.04405      0.006234
       473        473    38.59391009    22.23561520    25.78978737   150.21    51.09    76.04  1.97525e+08      13.88    14.59       3.82    14.25   0.026154      -0.9598       0.2637     -0.09623   1.000000   0.683647   0.662908   0.305255   0.899433  -0.728326   0.646392   0.227415   0.876580  -0.046560  -0.377797   0.924717   237.08        13.87     13        2.00423e+10   -3.42414e+10     0.28216         0.16925        2.61753      0.028167
       469        469    39.14758453    21.73058092    26.06805659   -54.76   194.62   133.57  1.95855e+08       9.15    16.62       3.03    16.23   0.009227       0.1104      -0.7742       0.6232   1.000000  -0.118372   0.526025   0.842191   0.958983   0.979548   0.200837   0.012237   0.865218  -0.162706   0.826416  -0.539040   819.79        2.658     13        2.58088e+10   -4.57377e+10     0.22540         0.28816        2.02105      0.009642
       456        456    38.80936147    21.75847142    25.97510536    58.72    28.42    70.73  1.90426e+08      13.76    14.17       4.07    14.50   0.011305       -0.473      -0.7913       0.3873   1.000000   0.774157   0.616684   0.142763   0.855530   0.267113  -0.522737   0.809566   0.799158  -0.573874   0.588597   0.569405   234.50        13.75     12        2.00066e+10    -3.2011e+10     0.28280         1.16012        2.60562      0.011562
       436        436    39.50471466    21.54219670    26.61071845   151.18   190.98   -36.98  1.82074e+08      13.52    12.30       2.55    13.15   0.041596       0.3623        0.258      -0.8957   1.000000  -0.201863  -0.457162   0.866172   0.872975   0.848256   0.360491   0.387954   0.844392   0.489605  -0.813049  -0.315021   236.27        13.51     12        1.57421e+10   -2.44884e+10     0.16899         0.71546        1.28812      0.037650
       406        406    39.13791870    21.56291655    26.19326465   137.95    48.42   -41.56  1.69546e+08      13.29    14.01       2.82    14.06   0.048086      -0.9009      -0.3232       0.2897   1.000000  -0.072862   0.997148   0.019672   0.774262   0.253586  -0.000554   0.967313   0.691823   0.964565   0.075469  -0.252823   232.05        13.26     12        1.67549e+10   -2.79098e+10     0.26633         0.59013        2.44266      0.052319
       397        397    38.93897004    21.71527040    25.49438169   223.63   146.88    56.90  1.65788e+08      13.11    11.62       3.57    11.83   0.039218      -0.1341      -0.9211       0.3655   1.000000   0.481891  -0.485287  -0.729574   0.896589   0.838492   0.497120   0.223166   0.737117   0.254386  -0.719283   0.646466   236.01         13.1     12        1.16081e+10   -1.96542e+10     0.09788         1.04479        2.21995      0.036819
       395        395    38.77864215    21.82344878    26.39121963   229.34   156.93   -40.76  1.64952e+08      13.05    11.60       5.46    14.14   0.082568      0.02636       0.5807       0.8137   1.000000  -0.535394  -0.131909   0.834238   0.876631   0.801102  -0.392213   0.452112   0.786585   0.267561   0.910368   0.315661   237.96        13.05     12         1.6489e+10   -2.05993e+10     0.31286         0.90922        0.72996      0.055562
       367        367    39.47624007    21.55382127    26.62742734   139.46   194.74   -35.79   1.5326e+08      12.76    11.49       3.81    13.16   0.034199      -0.2596      -0.9623      0.08083   1.000000  -0.596790   0.733168  -0.326047   0.895096  -0.354400   0.123713   0.926874   0.747350   0.719891   0.668700   0.186004   237.00        12.75     12         1.3277e+10   -1.81399e+10     0.20627         1.15412        0.63823      0.026631
       363        363    39.59293395    21.46875174    25.95029686   103.68   175.64    47.68  1.51589e+08      12.77    12.35       2.57    12.05   0.016147       0.1341       0.8659       0.4818   1.000000  -0.502380   0.388942   0.772230   0.819874   0.743063  -0.262471   0.615602   0.752100   0.442121   0.883082  -0.157148   233.52        12.75     12        1.10095e+10   -1.96851e+10     0.14632         0.23779        2.21654      0.016991
       362        362    38.97574366    21.87573396    25.76423497   181.50   -12.30    57.92  1.51172e+08      12.85    13.68       2.60    12.49   0.019093      -0.8022      -0.5956      0.04152   1.000000   0.129775   0.263772   0.955815   0.823301   0.987175   0.056019  -0.149492   0.780493  -0.092976   0.962957  -0.253120   228.54        12.82     12        1.17964e+10   -2.36945e+10     0.19559         0.51753        1.62884      0.023667
       360        360    38.86160060    21.62739910    26.00530780   118.12    51.38   175.86  1.50336e+08      12.68    10.48       5.45    11.35   0.070337       0.3748      -0.7789       0.5028   1.000000   0.381902  -0.690423  -0.614383   0.922434   0.924101   0.275409   0.264929   0.742244  -0.013707  -0.668929   0.743200   236.46        12.67     12        9.67632e+09   -1.54122e+10     0.14525         1.38563        4.78601      0.060471
       355        355    39.14498296    21.40850368    25.85191858   180.15   222.28    28.68  1.48248e+08      12.65    11.26       3.89    11.62   0.027320       0.7456      -0.6531       0.1323   1.000000   0.389940   0.903562  -0.177547   0.964980  -0.112619   0.238157   0.964675   0.764153   0.913928  -0.356170   0.194626   235.32        12.63     12        1.00096e+10   -1.66148e+10     0.26577         0.73489        2.52677      0.025520
