#  npart(1)  nvpart(2)      Xc(3)          Yc(4)          Zc(5)      VXc(6)   VYc(7)   VZc(8)    Mvir(9)      Rvir(10) Vmax(11)   Rmax(12) sigV(13) lambda(14)      Lx(15)       Ly(16)       Lz(17)     a(18)     Eax(19)    Eay(20)    Eaz(21)     b(22)     Ebx(23)    Eby(24)    Ebz(25)     c(26)     Ecx(27)    Ecy(28)    Ecz(29) ovdens(30)    Redge(31) nbins(32)     Ekin(33)       Epot(34)   mbp_offset(35)  com_offset(36)   r2(37)      lambdaE(38)
   1888841    1888841    39.78892070    22.38045696    26.22663768   101.07    98.29    18.90  7.88782e+11     201.75   184.48      36.45   177.12   0.020403     -0.01132       0.5763       0.8172   1.000000   0.048320   0.166143   0.984917   0.985594   0.930098  -0.366951   0.016269   0.846696   0.364119   0.915283  -0.172260   308.29        201.7     35        1.23726e+16   -2.28587e+16     0.07525         3.83114       13.99937      0.023442
     76167      76167    39.56432828    22.51634394    26.21052058   218.12    -3.08    49.39  3.18074e+10      69.66    59.92       5.03    63.52   0.049443      -0.6868       0.2464       0.6838   1.000000   0.781877  -0.619564  -0.069348   0.924121   0.271500   0.238255   0.932482   0.867473   0.561210   0.747914  -0.354498   302.04        69.52     26        6.41591e+13   -1.05099e+14     0.04714         1.45522        2.62743      0.051722
     72201      72201    39.51733811    22.43089844    26.15772970   198.74    33.68   100.95  3.01512e+10      67.96    64.11       9.50    63.11   0.053796      -0.6057       0.6393      -0.4737   1.000000   0.426104   0.695301   0.578785   0.941421  -0.903176   0.363753   0.227941   0.909142  -0.052048  -0.619871   0.782976   308.26        67.96     26        6.00386e+13   -1.04724e+14     0.09409         1.52433        4.04980      0.061264
     24410      24410    39.75850357    22.34156434    26.23542795   229.21   292.13  -103.92  1.01936e+10      25.07    65.64       4.63    66.54   0.033230      -0.6942      -0.6238       0.3591   1.000000  -0.000492   0.866617   0.498974   0.962388   0.921115   0.194638  -0.337139   0.911013   0.389289  -0.459447   0.798350  2076.08        3.723     23        2.25658e+13   -3.72624e+13     0.06965         1.35069        2.54909      0.038989
      5246       5246    39.68279718    22.49984390    26.23100489   216.34   -34.75    96.83  2.19074e+09      28.37    29.64       4.40    28.82   0.029875      -0.2119      -0.9716      -0.1053   1.000000   0.862595  -0.499347   0.081134   0.872519   0.449707   0.830322   0.329134   0.843356  -0.231720  -0.247422   0.940791   307.79        28.37     19        9.09703e+11   -1.63031e+12     0.12082         0.28765        2.97604      0.038422
      4415       4415    40.09641062    22.47911825    26.27217799    14.87   108.67   -57.48  1.84371e+09      26.78    21.94       4.18    21.62   0.046032      -0.8919      -0.2392      -0.3839   1.000000  -0.396197   0.349318   0.849120   0.831220   0.814690   0.560255   0.149649   0.772477   0.423449  -0.751060   0.506557   308.26        26.78     19        4.30834e+11   -7.68452e+11     0.12835         0.46157        2.17528      0.046772
      4383       4383    39.62883663    22.50977781    26.24610487   271.29    14.46     9.22  1.83035e+09      26.74    31.43       2.81    30.34   0.020718      -0.3394       0.9162        0.213   1.000000   0.710435  -0.083798   0.698756   0.842888  -0.256909   0.893484   0.368354   0.837603  -0.655195  -0.441208   0.613233   307.38        26.73     19        8.42454e+11   -1.40673e+12     0.08899         0.33010        1.40609      0.027393
      4364       4364    40.16630840    22.21942687    26.15140737    25.77   165.10    32.97  1.82241e+09      26.67    26.80       2.70    25.19   0.029451      -0.6355       0.7712      0.03697   1.000000   0.582325  -0.570163   0.579493   0.950660   0.396571   0.821485   0.409749   0.843070   0.709668   0.008797  -0.704481   308.22        26.67     19        5.78281e+11   -1.05258e+12     0.17651         0.37349        1.85983      0.035814
      2676       2676    39.65265214    22.41771342    26.30831184   171.22   158.91    33.74   1.1175e+09      22.66    28.76       2.49    26.57   0.022734        0.919       -0.144       0.3669   1.000000   0.901268   0.391191  -0.186241   0.874228  -0.171302   0.716571   0.676152   0.791262   0.397959  -0.577490   0.712835   308.07        22.66     17        3.94482e+11   -7.41674e+11     0.15267         0.26737        1.66033      0.035557
      2183       2183    39.62587704    22.49960041    26.19829623   226.44    -6.99   106.31  9.11623e+08      21.20    23.71       2.33    22.57   0.015756      -0.2447      -0.9629       0.1139   1.000000   0.816360  -0.503951  -0.282117   0.893775   0.501808   0.377106   0.778447   0.831521   0.285911   0.777062  -0.560741   307.11        21.19     17        2.32202e+11   -4.12173e+11     0.15393         0.21159        1.55198      0.021035
      2020       2020    39.60526644    22.43912109    26.16714339   257.98    38.79    28.01  8.43554e+08      20.79    21.82       2.57    20.32   0.016644       0.4085      -0.9114     -0.04943   1.000000   0.898496  -0.397138   0.187045   0.940165   0.238251   0.799039   0.552063   0.791611  -0.368701  -0.451463   0.812552   301.24        20.76     16        1.74123e+11   -3.20594e+11     0.09393         0.34304        1.65900      0.021453
      1919       1919    39.68178556    22.36499195    26.07760385   204.28    36.16   141.14  8.01377e+08      21.47    23.17       2.24    21.89   0.013001       0.7647      -0.5422      -0.3482   1.000000   0.396499  -0.083907   0.914193   0.927867   0.773669   0.566601  -0.283548   0.911959  -0.494191   0.819709   0.289573   259.88        21.26     16         1.9208e+11   -3.63464e+11     0.09823         0.30534        1.40030      0.019391
      1792       1792    39.81366001    22.36619832    26.16381347   266.11    67.08   172.12  7.48341e+08       8.76    28.39       2.58    26.78   0.012867      -0.7614      0.01488      -0.6481   1.000000   0.075514   0.338834   0.937811   0.906004   0.845767  -0.519940   0.119754   0.864381   0.528182   0.784127  -0.325837  3574.27       0.7555     16        2.68349e+11    -5.1389e+11     0.10389         0.17711        1.41104      0.015711
      1665       1665    39.91524059    22.36624810    26.30668138   122.05    68.04   -69.27  6.95306e+08      19.37    27.08       2.05    24.55   0.003374       0.5355        0.155      -0.8302   1.000000   0.698594   0.190470   0.689701   0.845912  -0.640609   0.595872   0.484310   0.794738   0.318727   0.780165  -0.538290   307.08        19.37     16        2.09471e+11   -4.09528e+11     0.09922         0.21362        1.28538      0.005952
      1498       1498    39.70511205    22.36228916    26.22956714   215.08    77.79   -10.45  6.25567e+08      18.58    28.23       1.71    25.85   0.007111       0.6791        -0.67          0.3   1.000000   0.990474   0.021839  -0.135960   0.659904  -0.012090   0.997322   0.072125   0.634226   0.137171  -0.069795   0.988085   313.18        18.29     16        2.09079e+11   -3.96298e+11     0.06253         0.32635        1.49394      0.013208
      1253       1253    39.71616793    22.13706462    26.28343394   158.45    81.91    70.92  5.23254e+08      17.66    19.28       2.35    17.82   0.010097       0.3787      -0.3913       0.8387   1.000000   0.325583   0.943371   0.063612   0.942584   0.697247  -0.284991   0.657744   0.879476  -0.638625   0.169798   0.750551   304.98        17.65     15        8.31226e+10   -1.60417e+11     0.02772         0.44103        2.01320      0.014046
      1201       1201    39.55676906    22.52462945    26.20638887   170.47   -28.79     2.21  5.01539e+08       8.07    24.57       1.71    27.78   0.050102      -0.6362      -0.5624       0.5282   1.000000   0.833633  -0.530991   0.152001   0.868123   0.395866   0.766335   0.505984   0.742757  -0.385157  -0.361633   0.849044  3063.59        0.812     15        1.93482e+11   -2.53256e+11     0.09913         0.51222        1.16973      0.043228
      1201       1201    39.75644747    22.38229584    26.18313452    22.15   217.56   150.01  5.01539e+08       8.00    29.42       1.57    27.28   0.014781       0.1684       0.4322      -0.8859   1.000000   0.389206   0.247179   0.887368   0.842027   0.814053  -0.543121  -0.205762   0.792660   0.431088   0.802448  -0.412602  3149.59       0.7826     15        1.86583e+11   -3.65376e+11     0.01816         0.11389        1.38084      0.021954
      1169       1169    39.58906455    22.49033689    26.19784755   222.35     9.19    41.57  4.88176e+08      17.21    20.21       1.67    20.49   0.014941       -0.595       0.1457       0.7904   1.000000  -0.546484   0.823935   0.149955   0.747987   0.198971  -0.046192   0.978916   0.702352   0.813490   0.564799  -0.138696   307.63         17.2     15        1.02518e+11   -1.44444e+11     0.05106         0.40448        1.43150      0.016196
      1145       1145    39.85632301    22.42083423    26.16081100    -7.32    41.29   -50.69  4.78153e+08      14.73    23.57       2.15    21.88   0.009923      -0.7453       0.4351       0.5051   1.000000   0.884285   0.411630  -0.220455   0.821476   0.193207   0.107266   0.975277   0.771551  -0.425100   0.905016  -0.015324   479.98        9.462     15         1.1448e+11   -2.18378e+11     0.16979         0.29774        1.43725      0.015998
      1118       1118    39.66643312    22.34192930    26.11080834   115.64    44.21   -69.61  4.66878e+08      16.97    17.89       1.95    17.27   0.019919       0.6377      -0.3193        0.701   1.000000   0.903223   0.107789   0.415416   0.818099  -0.428159   0.292800   0.854955   0.797017   0.029479   0.950079  -0.310615   306.88        16.96     15        6.95934e+10   -1.16345e+11     0.05194         0.23503        1.69062      0.023675
      1104       1104    39.84207402    22.57827384    26.04568950   129.39    55.62   -17.04  4.61032e+08      16.96    19.68       2.25    17.82   0.017105      -0.6507       0.5317       -0.542   1.000000   0.612564   0.523513  -0.592199   0.863850  -0.697867   0.710004  -0.094211   0.749311   0.371143   0.470986   0.800265   303.25        16.94     15        7.32356e+10   -1.44342e+11     0.07829         0.24558        1.47331      0.025388
      1031       1031    39.59276527    22.50720807    25.89160548   129.13    -4.32    75.17  4.30547e+08      16.50    17.56       2.13    16.21   0.020192      -0.7326       0.3395        -0.59   1.000000   0.323767   0.693676   0.643419   0.942017  -0.929960   0.108101   0.351409   0.876435   0.174210  -0.712129   0.680091   307.78         16.5     15        5.65739e+10   -1.07839e+11     0.07987         0.08182        1.85791      0.026873
      1020       1020    39.92126411    22.40892906    26.30167000   -19.72    47.84   170.53  4.25953e+08      16.64    16.71       3.77    16.83   0.067154       0.7022       0.4026       0.5872   1.000000   0.794286  -0.574256   0.198340   0.923937   0.607286   0.740937  -0.286735   0.800158   0.017702   0.348199   0.937254   296.48        16.59     15          6.031e+10   -9.64514e+10     0.32351         0.37423        2.61728      0.076188
      1010       1010    39.72625162    22.35356019    26.19360692   151.29   -30.74   -37.76  4.21777e+08      10.21    27.85       1.30    25.45   0.008216      -0.7764       0.1941       0.5996   1.000000   0.879228  -0.112948   0.462818   0.824633  -0.013933   0.964977   0.261964   0.676054  -0.476197  -0.236774   0.846861  1271.52        2.476     15        1.36627e+11   -2.70393e+11     0.03634         0.12991        0.84382      0.014185
      1009       1009    39.73735549    22.42736283    26.06686807    26.93   110.80    12.55   4.2136e+08      16.58    24.75       1.55    21.79   0.007313      -0.3281      -0.8953       0.3015   1.000000   0.062670  -0.446016   0.892828   0.818588  -0.814476   0.494160   0.304030   0.725052   0.576802   0.746241   0.332300   296.72        16.55     15        9.99875e+10   -1.93952e+11     0.05985         0.06288        0.94774      0.013498
       935        935    39.90324386    22.29877915    26.16002139   115.03   181.97   154.38  3.90457e+08      17.18    20.83       1.90    19.40   0.016538      -0.6413      -0.4285       0.6365   1.000000   0.644972  -0.469099  -0.603289   0.815184   0.701217   0.049429   0.711232   0.801918   0.303818   0.881761  -0.360820   247.34        17.01     14        7.35095e+10   -1.37574e+11     0.08528         0.04047        1.11697      0.027684
       867        867    39.59654667    22.39873133    26.12527829   194.89    33.48   124.60   3.6206e+08      15.68    19.67       1.44    18.11   0.019987      -0.5818      -0.2953      -0.7578   1.000000   0.965535  -0.175644  -0.192071   0.800917   0.024638   0.796326  -0.604365   0.747212   0.259104   0.578804   0.773208   301.64        15.66     14        5.93518e+10    -1.1204e+11     0.11818         0.06408        1.23574      0.031260
       785        785    40.00549579    22.41976069    26.24476127   -47.84   145.65    55.18  3.27817e+08      15.23    15.53       2.94    14.19   0.030972      -0.9971      0.05703      -0.0508   1.000000   0.975754   0.020042  -0.217952   0.909553  -0.010375   0.998915   0.045408   0.881887   0.218625  -0.042046   0.974903   297.73         15.2     14        3.29907e+10   -6.32247e+10     0.08590         0.43503        1.30843      0.039949
       725        725    39.75378335    22.40691065    26.07178983    50.72   173.62   151.37  3.02761e+08      13.92    18.99       1.43    17.00   0.019847       0.2232       0.1833       0.9574   1.000000   0.001920  -0.074618   0.997210   0.810225   0.968445  -0.248388  -0.020451   0.754769   0.249221   0.965782   0.071787   360.52         11.9     14        4.37338e+10   -8.93107e+10     0.08708         0.05684        1.23330      0.032530
       705        705    40.11188296    22.23933999    26.10377187    47.51   175.74    72.34  2.94409e+08      14.56    11.91       4.69    11.78   0.071437      -0.1688       0.8649       0.4728   1.000000  -0.390296  -0.257141   0.884052   0.862545   0.822260  -0.529326   0.209052   0.793985   0.414195   0.808513   0.418031   306.19        14.55     14        2.04316e+10   -3.69061e+10     0.08226         0.67080        4.10783      0.074044
       667        667    39.77173662    22.37296820    26.29743214   118.98   111.99  -185.75   2.7854e+08       7.87    20.37       1.62    19.15   0.009488       0.9389      -0.2136        -0.27   1.000000  -0.610540  -0.075492   0.788380   0.901505   0.644532  -0.625836   0.439213   0.875319   0.460239   0.776292   0.430755  1831.67        1.325     14        5.10988e+10   -9.41582e+10     0.10169         0.19357        1.10108      0.012357
       660        660    39.97953360    22.25166166    26.23463154    -3.56   212.27    55.74  2.75617e+08      14.28    13.40       2.57    12.57   0.011726      0.04735     -0.08719      -0.9951   1.000000   0.950975  -0.228446  -0.208466   0.848805   0.207360  -0.029111   0.977831   0.835571   0.229451   0.973121  -0.019687   304.05        14.26     13        2.17799e+10   -4.11157e+10     0.13439         0.48433        2.19350      0.013927
       656        656    39.91509054    22.37606340    25.97906731    47.84   155.18     1.25  2.73946e+08      14.17    18.57       1.36    16.52   0.018181       0.3023       0.8663       0.3976   1.000000   0.680021  -0.531399  -0.505160   0.824180   0.097772  -0.617110   0.780779   0.751361   0.726645   0.580336   0.367692   308.82        14.15     13        3.73878e+10   -7.25688e+10     0.04350         0.11668        0.77021      0.029201
       654        654    39.48501400    22.48105640    26.06033200   195.37   -24.01    95.14  2.73111e+08      14.17    15.90       1.24    14.49   0.030750      -0.9817      -0.1391       0.1299   1.000000   0.375104  -0.318459   0.870564   0.864783   0.350251   0.918210   0.184974   0.818240   0.858266  -0.235532  -0.455964   307.91        14.17     13        2.86668e+10   -5.62301e+10     0.14038         0.15022        1.05503      0.043847
       641        641    39.80173475    22.32467986    26.01357269   145.28    53.84   -28.52  2.67682e+08      14.17    17.19       1.66    15.70   0.018062       0.1882       0.9821   -0.0002106   1.000000  -0.151778  -0.048068   0.987245   0.835806   0.988318  -0.021337   0.150904   0.801061   0.013811   0.998616   0.050745   302.18        14.15     13        3.30019e+10   -6.08349e+10     0.10239         0.65419        1.40985      0.026400
       627        627    39.52971142    22.65062659    26.19057601   225.30    31.51   102.00  2.61836e+08      13.91    14.91       1.65    13.12   0.019952      -0.1744      -0.8339      -0.5236   1.000000   0.864324  -0.220965   0.451795   0.863958  -0.095127   0.810276   0.578276   0.727221  -0.493858  -0.542796   0.679321   312.00        13.75     13        2.25247e+10   -4.42322e+10     0.13981         0.44621        1.06029      0.026092
       604        604    39.77704705    22.35571978    26.12568537   246.35   174.44   161.97  2.52231e+08       6.64    19.42       1.37    18.19   0.038051       0.2602       0.8734       0.4118   1.000000  -0.253233   0.238698   0.937495   0.972239   0.858138  -0.391971   0.331598   0.912042   0.446622   0.888472  -0.105576  2762.51       0.7412     13        4.17281e+10    -7.9873e+10     0.07319         0.18410        0.86760      0.047313
       602        602    39.72015902    22.42806955    26.28807554   -93.50   110.26    -2.77  2.51396e+08       9.04    19.79       1.34    18.57   0.015751      -0.4327      -0.8123       0.3912   1.000000   0.027131   0.668472   0.743242   0.839804   0.989307   0.088631  -0.115828   0.726287   0.143302  -0.738438   0.658919  1090.59        2.557     13        4.33257e+10   -7.73354e+10     0.11416         0.12462        0.83828      0.021651
       574        574    39.78335527    22.38164111    26.12450957    53.99   226.81   172.96  2.39703e+08       8.83    18.99       1.84    17.92   0.010861      -0.6347      -0.6045      -0.4814   1.000000  -0.275869   0.394566   0.876478   0.963170   0.696289  -0.546587   0.465213   0.803886   0.662629   0.738620  -0.123945  1117.24        2.437     13        3.84862e+10   -6.97085e+10     0.09493         0.24598        1.58800      0.014824
       532        532    39.85119310    22.49063402    26.02826674   133.86    84.95   182.89  2.22164e+08      13.42    13.71       2.43    12.10   0.036239      -0.2031      0.06992       0.9767   1.000000   0.243400   0.956139  -0.162954   0.962700   0.748063  -0.078117   0.659014   0.918856  -0.617379   0.282304   0.734266   295.04        13.37     13        1.62651e+10   -3.28182e+10     0.23049         0.20372        1.60418      0.047902
       498        498    39.64290490    22.48590679    26.21578299   100.73    63.09   -27.74  2.07965e+08      13.10    17.98       1.83    15.82   0.008423      -0.5364      -0.7216       0.4377   1.000000   0.906168  -0.294689  -0.303345   0.898057   0.260789  -0.175306   0.949345   0.751545   0.332940   0.939375   0.082005   297.04        13.07     13        2.60155e+10   -5.25065e+10     0.12137         0.11371        1.57373      0.014865
       459        459    39.75674786    22.38127307    26.09706271    66.56    81.45    94.56  1.91679e+08      13.92    18.19       1.62    16.57   0.015228       -0.848      -0.4984      -0.1802   1.000000   0.003004   0.200464   0.979697   0.755686  -0.716150   0.684207  -0.137805   0.625176   0.697940   0.701195  -0.145617   228.16        13.67     13        2.63088e+10   -5.03476e+10     0.16407         0.40271        1.40124      0.028632
       459        459    39.72049632    22.22314536    26.39493466   180.37   112.08    52.54  1.91679e+08      12.64    15.70       1.36    14.35   0.023773     -0.01731      -0.8482      -0.5294   1.000000   0.774711   0.606450  -0.179003   0.973944   0.226761  -0.002200   0.973948   0.815153  -0.590257   0.795119   0.139224   304.95        12.63     13        1.97261e+10   -3.57464e+10     0.10666         0.13928        0.85090      0.034768
       406        406    39.85534420    22.34057115    26.35948917   117.54    93.60   -97.12  1.69546e+08      12.05    18.20       0.97    16.06   0.005275       0.6291       0.3123       0.7118   1.000000   0.251862  -0.211962   0.944266   0.639223   0.576840   0.816329   0.029384   0.560947   0.777059  -0.537289  -0.327870   310.71        11.96     12        2.18566e+10   -4.44991e+10     0.08833         0.15818        0.82786      0.010127
       391        391    39.73239251    22.39947257    26.18712367   -81.53    42.85    79.82  1.63282e+08       6.18    20.31       0.98    18.78   0.012242      -0.2561       0.7468       0.6138   1.000000   0.653587  -0.584027   0.481390   0.859608  -0.718172  -0.277837   0.637993   0.679770   0.238858   0.762705   0.601023  2224.14       0.8561     12        2.87956e+10   -5.48993e+10     0.04980         0.16014        0.83154      0.018758
       387        387    39.85892038    22.29317348    26.10855305   104.65    79.94   -30.01  1.61612e+08      12.13    17.59       1.45    15.84   0.015052      -0.3978      -0.8984        0.186   1.000000   0.573016  -0.475171  -0.667732   0.606163  -0.002391  -0.815726   0.578434   0.563776   0.819541   0.329855   0.468560   290.78         12.1     12        2.02793e+10   -3.97349e+10     0.15389         0.09430        0.86365      0.028189
       375        375    39.86721100    22.25249827    26.11829584   126.76   194.75    91.16    1.566e+08      12.38    13.74       1.63    12.56   0.024480       0.6812       0.4632       0.5669   1.000000  -0.060566   0.185484   0.980779   0.940655   0.994736  -0.070146   0.074694   0.823876   0.082652   0.980140  -0.180260   264.78        12.28     12        1.23571e+10   -2.31105e+10     0.14157         0.27627        1.39763      0.035541
       367        367    39.65420257    22.46532847    26.24599324    80.25    78.46   -82.70   1.5326e+08      11.80    14.29       1.95    12.74   0.007587      -0.9093       0.3641       0.2016   1.000000  -0.230774   0.307607   0.923104   0.901747   0.909036  -0.270159   0.317283   0.758474   0.346983   0.912355  -0.217280   299.48        11.78     12        1.24396e+10   -2.56777e+10     0.07044         0.43146        1.65076      0.012190
       365        365    39.66671027    22.37959172    26.10032611    44.81    78.79    64.39  1.52424e+08      11.81    17.39       1.00    15.28   0.009838      -0.7643      -0.5486        0.339   1.000000   0.426658   0.300509   0.853028   0.804355   0.862697  -0.418372  -0.284108   0.740120   0.271506   0.857122  -0.437750   296.94         11.8     12        1.77917e+10   -3.62628e+10     0.07602         0.20381        0.83086      0.018784
       346        346    39.77173081    22.33744899    26.22658096   240.47   336.63    87.41   1.4449e+08       4.29    19.48       0.89    17.47   0.022655       0.4986      -0.4152      -0.7609   1.000000   0.511336   0.811204  -0.283694   0.861719  -0.430012   0.527333   0.732810   0.767745   0.744060  -0.252720   0.618472  5879.67       0.2249     12        2.20425e+10   -4.45307e+10     0.09341         0.07518        0.56516      0.030339
       345        345    39.87207370    22.49662432    26.11898203    34.95   110.66   -77.36  1.44072e+08      11.64    14.39       1.69    12.88   0.008152      -0.8218      -0.4877       0.2948   1.000000   0.869290   0.326920   0.370753   0.917831  -0.235672  -0.385202   0.892232   0.827327  -0.434503   0.862985   0.257806   293.12        11.61     12         1.1944e+10    -2.2889e+10     0.12764         0.17569        1.45632      0.012584
       336        336    39.53102150    22.46925341    26.02407884   152.84   -44.03    43.19  1.40314e+08      11.35    10.76       1.38     9.76   0.030004      -0.1558       -0.857       0.4912   1.000000  -0.090461   0.467708   0.879242   0.882480   0.091871   0.883016  -0.460264   0.791316   0.991653  -0.039141   0.122847   308.23        11.35     12        6.68342e+09   -1.28725e+10     0.14955         0.86739        0.88893      0.035308
       326        326    39.74292914    22.50383063    26.25023728    62.87   159.83   158.41  1.36138e+08       9.23    16.38       1.21    14.70   0.012893      -0.5495       0.4519       0.7027   1.000000  -0.262419   0.952314  -0.155674   0.870132  -0.147674   0.119793   0.981754   0.736142   0.953587   0.280620   0.109196   556.28        5.113     12        1.47024e+10   -2.78685e+10     0.14938         0.22776        0.73856      0.020567
       323        323    40.06050118    22.29683494    26.21904923    13.02   185.56    68.30  1.34885e+08      11.26     8.38       2.75     8.87   0.081103       -0.531       0.6599       0.5315   1.000000   0.739866  -0.522010   0.424387   0.927204  -0.612558  -0.261896   0.745777   0.732497   0.278158   0.811737   0.513528   302.85        11.24     12        5.30106e+09   -8.75775e+09     0.28532         0.49846        1.37352      0.073928
       317        317    40.16096204    22.20046064    26.21519330    18.24   153.09     9.28   1.3238e+08      11.18    11.61       1.52    10.24   0.017897       0.5963      -0.7868      -0.1593   1.000000   0.737630   0.259961  -0.623156   0.932351   0.672745  -0.204240   0.711126   0.840061  -0.057591   0.943772   0.325541   303.87        11.17     12        6.93986e+09   -1.38472e+10     0.04919         0.55345        0.93370      0.023411
       316        316    40.10527924    22.46780631    26.26069816    13.89   110.87   -39.90  1.31962e+08      11.68    11.03       1.67    10.65   0.037249      -0.9891      -0.1215      0.08326   1.000000  -0.395929   0.616917   0.680187   0.844387   0.556790  -0.427741   0.712055   0.750812   0.730223   0.660644  -0.174138   265.53        11.59     11        7.47686e+09   -1.32767e+10     0.06632         0.43057        1.40312      0.045784
       314        314    39.76201314    22.38563304    26.22197228     2.12   126.29  -222.20  1.31127e+08       2.87    21.91       0.81    20.18   0.018589      -0.6531      -0.7363       -0.177   1.000000   0.960234   0.050826   0.274530   0.948065  -0.260539  -0.190290   0.946525   0.897170  -0.100349   0.980411   0.169481 17769.82            0     11        2.66885e+10   -5.25509e+10     0.06517         0.05602        0.70054      0.024072
       313        313    40.02910368    22.54535126    26.38695780     8.04   119.69   -36.21  1.30709e+08      11.23    11.53       1.48    10.37   0.026223      0.04483       0.3673       -0.929   1.000000   0.851248  -0.451051   0.268198   0.852898  -0.031155   0.466742   0.883844   0.760558   0.523838   0.760727  -0.383261   296.22         11.2     11        7.02511e+09   -1.32759e+10     0.20410         0.15296        1.26396      0.033119
       313        313    39.69011128    22.41306435    26.13629500   101.25    56.41    74.58  1.30709e+08      10.34    18.17       1.09    16.36   0.013783      -0.2639      -0.9616      0.07571   1.000000  -0.127431   0.615843   0.777495   0.940769  -0.263609   0.734664  -0.625123   0.725872   0.956176   0.284614  -0.068723   379.57        8.397     11        1.74863e+10   -3.35453e+10     0.07936         0.10959        0.91778      0.026771
       310        310    39.83392247    22.21437879    26.14580416   145.36   178.37    49.57  1.29456e+08      11.24    13.66       1.43    11.99   0.024185       0.1011       0.7488      -0.6551   1.000000  -0.112736   0.723476   0.681083   0.854872  -0.913077   0.194916  -0.358186   0.758379   0.391893   0.662262  -0.638615   292.48        11.21     11        9.30586e+09   -1.91029e+10     0.16778         0.20887        0.86471      0.038630
       306        306    39.73939994    22.41848542    26.22811346   330.04   -29.55    19.20  1.27786e+08       4.53    17.92       0.92    16.18   0.010525       0.5609      -0.8278     -0.00983   1.000000   0.166600   0.009044   0.985983   0.919159  -0.504331   0.860041   0.077328   0.790897   0.847286   0.510145  -0.147844  4401.77       0.3175     11        1.67369e+10   -3.37769e+10     0.07143         0.14857        0.79800      0.014264
       298        298    39.60915437    22.33849100    26.38005063    79.76    -2.23   -19.37  1.24445e+08      10.99    11.02       2.18    10.03   0.023997     -0.06108      -0.9981    -0.005283   1.000000  -0.688443   0.074993   0.721403   0.766047  -0.078669   0.981051  -0.177058   0.682138   0.721012   0.178646   0.669498   300.53        10.98     11        6.25478e+09   -1.20383e+10     0.22325         0.30244        1.35646      0.030298
       296        296    40.02291308    22.49602975    26.22176429    -0.29    90.15   -78.98   1.2361e+08      10.91    11.50       1.87    10.36   0.018286      0.06745      -0.1428       0.9875   1.000000   0.881173  -0.051532   0.469977   0.889452   0.058012   0.998316   0.000695   0.809638  -0.469221   0.026652   0.882678   305.76         10.9     11        6.63567e+09   -1.30214e+10     0.20940         0.26186        1.11528      0.024325
       295        295    39.78434230    22.40086971    26.18213058    23.36   324.20   148.34  1.23192e+08       3.64    15.54       1.57    15.48   0.014149       0.1722       0.9847     -0.02563   1.000000  -0.186080   0.181317   0.965660   0.864733  -0.534096   0.806269  -0.254307   0.833686   0.824691   0.563077   0.053189  8209.17       0.1366     11        1.47664e+10   -2.58382e+10     0.10988         0.23924        1.04537      0.014364
       292        292    39.69905001    22.51523494    26.28255649    49.78   101.58  -113.41   1.2194e+08      10.11    13.91       1.23    12.35   0.014863      -0.3074      -0.8323      -0.4612   1.000000   0.607677  -0.555890  -0.567199   0.892820   0.603192  -0.141523   0.784940   0.807745   0.516611   0.819120  -0.249308   378.51        8.236     11        9.29966e+09    -1.8863e+10     0.19256         0.22419        0.73825      0.023617
       292        292    39.83017399    22.41947129    26.27229229   268.44   146.91   177.96   1.2194e+08       5.74    12.28       2.25    14.95   0.025689       0.6904      -0.7204     -0.06556   1.000000   0.272658   0.962028  -0.012627   0.917235  -0.246756   0.082609   0.965550   0.690238   0.929929  -0.260150   0.259910  2066.19       0.8569     11        1.36305e+10   -1.59923e+10     0.29070         0.47507        0.99439      0.015287
       289        289    39.77107853    22.40186830    26.09735031   262.94   210.03   162.47  1.20687e+08       6.11    13.38       1.45    13.25   0.026683       0.8037      -0.4718      -0.3626   1.000000   0.615190   0.383621  -0.688750   0.966669   0.645092   0.257272   0.719491   0.808652  -0.453208   0.886931   0.089200  1697.94        1.109     11        1.05908e+10   -1.75616e+10     0.14676         0.13391        0.95217      0.028431
       282        282    39.89466058    22.46429156    26.06916486   144.47   161.18   185.11  1.17764e+08      10.80     9.42       2.60     9.49   0.067044       0.5505       0.1123       0.8272   1.000000  -0.578257  -0.066875   0.813109   0.819934  -0.077713   0.996618   0.026701   0.645482   0.812145   0.047749   0.581499   299.70        10.78     11         5.3059e+09   -8.57728e+09     0.27558         0.07190        2.27386      0.066688
       278        278    39.94056113    22.49564210    26.20947725    54.07    85.18  -120.48  1.16093e+08      10.82    10.17       2.02     9.65   0.032358    -0.007523      -0.7503       0.6611   1.000000   0.788200   0.486656   0.376705   0.809904  -0.577891   0.374794   0.724963   0.719998  -0.211621   0.789110  -0.576647   294.15        10.79     11        5.40799e+09   -1.01338e+10     0.22374         0.68132        1.23908      0.039270
       275        275    39.71230887    22.45382136    26.27598050   -45.61   172.54   -36.56   1.1484e+08       6.95    14.03       1.33    13.14   0.024622        0.247      -0.3358        0.909   1.000000   0.922859  -0.113199  -0.368125   0.926915   0.075193   0.990394  -0.116046   0.820996   0.377725   0.079414   0.922506  1096.87        1.954     11        9.92005e+09   -1.79474e+10     0.15993         0.37858        1.14399      0.031559
       269        269    39.93820157    22.31875365    25.94128674    92.12   166.47   122.86  1.12335e+08      10.50    10.45       1.64     9.36   0.009766      -0.5848       0.7454      -0.3199   1.000000   0.645042  -0.071199   0.760823   0.946474   0.760808  -0.033137  -0.648130   0.886322   0.071357   0.996912   0.032794   311.05        10.41     11        4.92071e+09   -9.93254e+09     0.21140         0.19176        0.66394      0.012429
       261        261    39.74825817    21.97464960    26.09196991   165.96   209.69    20.57  1.08994e+08      10.66     8.34       2.19     8.06   0.072933      -0.9266      -0.3277      -0.1846   1.000000  -0.663230   0.577825   0.475651   0.898574   0.010512  -0.628289   0.777909   0.737261   0.748342   0.520932   0.410627   288.60        10.59     11        3.53979e+09   -6.40949e+09     0.15470         0.43890        1.88857      0.072930
       259        259    39.95984058    22.37078103    26.27313846   -44.95   211.05    50.65  1.08159e+08      10.77     9.02       3.70     9.63   0.072460      -0.9159       0.1354      -0.3778   1.000000  -0.003098  -0.554346   0.832281   0.850582   0.919228   0.326105   0.220626   0.827015  -0.393714   0.765739   0.508560   277.76         10.7     11        5.02017e+09    -7.7378e+09     0.09439         0.75696        2.20648      0.071419
       253        253    39.63731561    22.51030922    26.17724297   196.25   -44.05    53.15  1.05653e+08      10.39    13.30       1.36    11.52   0.019651       0.4248      0.07583       0.9021   1.000000   0.786775   0.607097  -0.111443   0.864029  -0.616665   0.765326  -0.184391   0.779726  -0.026653   0.213797   0.976514   302.03        10.38     11        7.00787e+09   -1.44498e+10     0.06262         0.16936        0.82824      0.032230
       248        248    39.80721686    22.40123366    26.37487085   192.73   111.36   -66.26  1.03565e+08       8.76    13.19       1.83    11.44   0.004817      -0.6237      -0.7444       0.2385   1.000000   0.477029  -0.137972   0.867990   0.734300   0.670978   0.695041  -0.258275   0.661858  -0.567654   0.705607   0.424131   493.84        5.471     11        6.77175e+09   -1.39719e+10     0.23711         0.10769        1.58750      0.007280
       247        247    39.78957936    22.41286010    26.01172599   121.39    78.85    23.66  1.03147e+08      10.26    13.01       1.30    11.48   0.024949      -0.2181       0.8034       -0.554   1.000000   0.134684  -0.284967   0.949028   0.746766   0.785673  -0.552901  -0.277522   0.654189   0.603803   0.783003   0.149424   306.19        10.26     11        6.79784e+09   -1.35748e+10     0.17549         0.32100        0.78464      0.039747
       243        243    39.57553814    22.51215474    26.23184385   242.24    43.09   122.63  1.01477e+08       6.98    13.16       1.33    14.07   0.042743      -0.6543       -0.542       0.5274   1.000000   0.095278   0.995448  -0.002103   0.862397   0.662411  -0.061825   0.746585   0.759137   0.743057  -0.072527  -0.665287   959.72        2.241     11        1.00387e+10    -1.5152e+10     0.14384         0.40691        1.14620      0.049564
       240        240    39.82787435    22.30949014    26.16989118   220.85    97.44   -95.55  1.00224e+08       6.83    14.53       1.10    13.10   0.024504     -0.02352      -0.6071       0.7943   1.000000  -0.179834   0.953145   0.243256   0.812713   0.779016   0.288990  -0.556435   0.746856   0.600662  -0.089434   0.794485  1008.50        2.089     11        8.60206e+09   -1.68636e+10     0.08235         0.16969        0.93267      0.036193
       230        230    39.79060439    22.32246280    26.23222355   102.49     1.99   -54.30  9.60483e+07       6.40    19.27       0.63    16.74   0.017458       0.8291       0.3232      -0.4563   1.000000  -0.189223   0.864862  -0.464981   0.881634   0.078655   0.485365   0.870767   0.672474   0.978779   0.128196  -0.159868  1177.22        1.675     11        1.34516e+10   -2.73102e+10     0.02661         0.03228        0.53045      0.033722
       229        229    39.71806943    22.12169208    26.08468587    61.73   113.50    49.17  9.56307e+07      10.13     9.61       1.82     9.43   0.040110       0.2319      -0.8813      -0.4117   1.000000   0.513011   0.799501   0.312438   0.923145   0.700082  -0.600319   0.386655   0.831347  -0.496694  -0.020374   0.867687   294.88        10.11     11        4.25013e+09   -7.24945e+09     0.15521         0.40713        1.10303      0.045563
       219        219    39.52794713    22.30139152    26.18961543   103.98    84.95     3.34  9.14547e+07       9.84    11.18       1.38     9.85   0.026831       0.8688       0.1308      -0.4776   1.000000   0.968196   0.231186   0.095649   0.764326  -0.184716   0.402668   0.896515   0.600985  -0.168747   0.885670  -0.432565   308.22        9.838     11        4.43267e+09   -9.03919e+09     0.16864         0.24788        0.85485      0.038916
       213        213    39.77695577    22.38849707    26.31143917   154.02    11.28  -118.74  8.89491e+07       4.53    13.96       1.55    12.90   0.022066      -0.4871      -0.3483       0.8009   1.000000  -0.154609   0.378409   0.912635   0.858966  -0.708525   0.601308  -0.369353   0.722852   0.688541   0.703729  -0.175145  3068.74       0.4552     10        7.40509e+09   -1.40707e+10     0.16087         0.10996        1.04704      0.026862
       209        209    39.93303576    22.47840984    25.92541193   147.11    98.14   137.22  8.72786e+07       9.88     9.09       2.26     8.30   0.029523      -0.7307       0.5458       0.4102   1.000000   0.242457   0.563565   0.789689   0.906873  -0.270555   0.820961  -0.502815   0.846011   0.931673   0.091744  -0.351523   290.03        9.838     10        3.00771e+09   -5.71051e+09     0.34708         0.63424        1.97128      0.034449
       209        209    39.86913659    22.20626048    26.17457003   156.29   205.32    47.38  8.72786e+07       9.69    11.32       1.59    10.36   0.028587      -0.7266       0.2366       -0.645   1.000000  -0.444474   0.678276   0.585136   0.807934   0.894887   0.365553   0.256023   0.727441  -0.040244   0.637427  -0.769459   308.20        9.686     10        4.68813e+09   -8.97937e+09     0.23203         0.43049        0.65367      0.041609
       200        200    39.85644398    22.38332985    26.25893205    72.69   172.42  -218.35  8.35202e+07       4.34    12.98       1.33    12.15   0.011865     -0.02143       -0.738       0.6745   1.000000   0.754229   0.238643   0.611709   0.920853  -0.640824   0.064473   0.764975   0.830549  -0.143117   0.968965  -0.201556  3270.29       0.4095     10        6.15981e+09   -1.14679e+10     0.18086         0.15949        1.16073      0.013441
       183        183    39.59246957    22.41101503    26.13242482    72.92    93.96   -18.12   7.6421e+07       7.47    10.01       1.37     8.98   0.018511       0.2799       0.8457      -0.4544   1.000000   0.953346  -0.207242  -0.219504   0.872094   0.301581   0.686213   0.661937   0.802057   0.013446  -0.697253   0.716699   589.48        3.904     10        3.07837e+09   -6.36802e+09     0.16678         0.28483        1.17014      0.023652
       172        172    39.70844195    22.40192713    26.19286911   283.63   -63.38    46.68  7.18274e+07       4.99    11.19       1.60    11.06   0.044713      -0.6349       0.6644      -0.3942   1.000000  -0.018640   0.992602  -0.119976   0.943834  -0.658631   0.078091   0.748403   0.748418   0.752235   0.092970   0.652303  1856.59       0.8284     10        4.39201e+09   -7.35298e+09     0.24509         0.28466        1.05760      0.047141
