#  npart(1)  nvpart(2)      Xc(3)          Yc(4)          Zc(5)      VXc(6)   VYc(7)   VZc(8)    Mvir(9)      Rvir(10) Vmax(11)   Rmax(12) sigV(13) lambda(14)      Lx(15)       Ly(16)       Lz(17)     a(18)     Eax(19)    Eay(20)    Eaz(21)     b(22)     Ebx(23)    Eby(24)    Ebz(25)     c(26)     Ecx(27)    Ecy(28)    Ecz(29) ovdens(30)    Redge(31) nbins(32)     Ekin(33)       Epot(34)   mbp_offset(35)  com_offset(36)   r2(37)      lambdaE(38)
   1748614    1748614    39.65771146    22.26569617    26.20273811   108.24    97.70    19.90  7.30223e+11     201.97   184.97      35.73   179.49   0.021433     -0.08081       0.5868       0.8057   1.000000  -0.128614  -0.027681   0.991308   0.884715   0.883687  -0.456853   0.101894   0.854446   0.450062   0.889111   0.083219   284.45          202     35        1.17629e+16   -2.14128e+16     0.07487         4.22235       16.84239      0.024142
     93219      93219    39.31593412    22.49764316    26.14395035   189.92    32.21    56.00  3.89284e+10      76.02    59.19      16.53    61.90   0.066288      -0.5034       0.3635       0.7839   1.000000  -0.235687  -0.196391   0.951779   0.871485  -0.320003   0.940434   0.114809   0.824309   0.917633   0.277513   0.284493   284.45        76.01     27        7.45908e+13   -1.24645e+14     0.03094         2.82491        2.47341      0.061883
     68491      68491    39.30286187    22.39037625    26.04235791   152.01    28.88    85.21  2.86019e+10      68.59    63.90      11.94    63.03   0.044120      -0.7178       0.5559      -0.4193   1.000000   0.013703   0.446635   0.894612   0.940716  -0.703786   0.639852  -0.308666   0.892490   0.710280   0.625385  -0.323103   284.43        68.59     26        5.68113e+13    -1.0023e+14     0.05752         2.96138        5.01807      0.049597
     30669      30669    39.56801300    22.12653838    26.30813148   114.84   109.27   -23.57  1.28074e+10      52.48    64.52       4.66    60.64   0.036389      -0.3473      -0.6733       0.6527   1.000000   0.399854   0.770646  -0.496207   0.858214  -0.392689   0.633201   0.666972   0.801883   0.828198  -0.071836   0.555812   284.45        52.48     24        2.35491e+13   -4.09702e+13     0.05737         0.56832        2.39917      0.050614
      5353       5353    39.43413006    22.48678699    26.10957185   193.34    40.44    94.45  2.23542e+09      29.33    29.90       4.47    28.31   0.026749      -0.2928      -0.8878        0.355   1.000000   0.961566   0.225501   0.156655   0.895054  -0.268145   0.648463   0.712456   0.819267  -0.059075   0.727080  -0.684007   284.44        29.33     19        8.95571e+11   -1.63107e+12     0.11193         0.35555        3.01313      0.032743
      4482       4482    39.30132194    22.46654841    26.20168761   253.41    39.79    66.20  1.87169e+09      27.67    31.45       3.28    30.27   0.027940      -0.4868       0.7047       0.5162   1.000000   0.900003   0.320667  -0.295241   0.900705   0.191113   0.318463   0.928470   0.863369  -0.391753   0.892050  -0.225334   283.56        27.66     19        8.57661e+11    -1.4495e+12     0.10373         0.60998        1.69812      0.035591
      4392       4392    40.04902000    22.33099675    26.34699527    56.64   129.12   -55.13   1.8341e+09      27.49    21.10       7.66    22.10   0.041477      -0.8167       0.4741       -0.329   1.000000   0.683966   0.216341  -0.696698   0.839003   0.601677   0.372750   0.706429   0.693994  -0.412524   0.902360  -0.124781   283.47        27.47     19        4.47884e+11   -7.33581e+11     0.17420         1.91192        6.80108      0.037336
      4306       4306    40.11520669    22.01431624    26.11168265    51.87   164.43    30.42  1.79819e+09      27.29    26.94       3.76    25.79   0.040305      -0.6793       0.7324     -0.04672   1.000000   0.504467   0.403902   0.763136   0.872515   0.407707  -0.890531   0.201815   0.821753   0.761110   0.209326  -0.613917   284.05        27.28     19        5.97787e+11   -1.05159e+12     0.09424         0.61526        1.87072      0.046470
      3198       3198    39.53443072    22.21375581    26.21417715     5.00   148.76   105.68  1.33549e+09      24.79    28.60       2.97    27.87   0.024491       0.8016      0.03613      -0.5967   1.000000   0.625342   0.714500   0.313748   0.816259  -0.429645  -0.020387   0.902768   0.728864   0.651424  -0.699338   0.294232   281.44        24.77     18        5.18845e+11   -8.63815e+11     0.14400         0.70528        2.01044      0.031594
      2291       2291    39.34459327    22.48135450    26.08581108   230.60    29.84    70.21  9.56724e+08      22.17    23.32       3.29    22.27   0.022352      -0.4061      -0.8842       0.2307   1.000000  -0.189419   0.364485   0.911741   0.846927   0.979400   0.003962   0.201891   0.813245   0.069974   0.931201  -0.357727   281.85        22.15     17        2.37152e+11   -4.25151e+11     0.12798         0.65706        2.20612      0.028100
      2145       2145    39.52484608    22.29706566    26.16008191   142.96    67.28   -85.08  8.95755e+08      21.78    28.27       2.21    26.23   0.005229      -0.4313      -0.3974        -0.81   1.000000   0.919234  -0.375582  -0.118098   0.780403   0.066204  -0.148235   0.986734   0.716033   0.388106   0.914858   0.111397   278.22        21.75     17        3.08217e+11   -5.80674e+11     0.04148         0.15628        1.45564      0.008378
      2015       2015    39.30765629    22.38987927    26.14035654   223.85    33.97    26.72  8.41466e+08      21.19    20.87       3.61    19.36   0.014758       0.5577      -0.8279      0.05953   1.000000   0.775815   0.167844  -0.608226   0.907354  -0.091022   0.983658   0.155345   0.816185   0.624360  -0.065157   0.778414   283.97        21.18     16         1.5777e+11   -3.01462e+11     0.04245         0.98521        2.34812      0.018029
      1969       1969    39.31430671    22.50958664    26.14324675   162.47    48.46     2.79  8.22257e+08       6.03    29.72       3.36    35.31   0.040735       -0.984     -0.01107      -0.1779   1.000000  -0.103871   0.977163   0.185372   0.817381   0.700325  -0.060485   0.711257   0.804427   0.706227   0.203700  -0.678049 12013.25       0.1429     16        5.12564e+11   -6.26418e+11     0.15557         0.34172        2.06833      0.024192
      1942       1942    39.45532344    22.32588037    25.95491113   166.39    31.16    66.94  8.10981e+08      21.09    22.88       3.17    21.29   0.013940       0.5746      -0.6038      -0.5525   1.000000   0.810811  -0.584761  -0.025301   0.939260   0.553148   0.751414   0.359728   0.900904  -0.191343  -0.305666   0.932714   277.39        21.06     16        1.83712e+11    -3.5878e+11     0.06447         0.21239        2.00212      0.019460
      1884       1884    39.67125140    22.27472874    26.20411326  -196.64   280.07    80.95  7.86761e+08       5.28    33.26       2.20    35.19   0.015276       0.9024      -0.1481       0.4046   1.000000   0.959017   0.011457  -0.283118   0.910242   0.277961   0.155896   0.947858   0.855629  -0.054997   0.987707  -0.146323 17177.34       0.0874     16        4.87004e+11   -7.54653e+11     0.12706         0.12089        1.59376      0.013596
      1817       1817    39.65906335    22.27957498    26.29308110   272.91    86.25   144.52  7.58781e+08      13.86    27.82       2.60    26.92   0.030453      -0.1498       0.9849     -0.08729   1.000000   0.714847  -0.169339  -0.678468   0.831490   0.646127  -0.211090   0.733458   0.734768   0.267421   0.962686   0.041483   915.27        4.306     16        2.75041e+11   -4.80494e+11     0.14349         0.25843        1.30643      0.039897
      1367       1367    39.53296630    22.09370929    26.18397565   126.71   -15.55    81.94  5.70861e+08      18.69    19.20       3.91    18.04   0.013715      -0.4183      -0.4505       0.7887   1.000000   0.815781   0.541218   0.203922   0.860570   0.010138  -0.365913   0.930594   0.838093  -0.578272   0.757094   0.303992   280.47        18.68     15        9.28413e+10   -1.72866e+11     0.15415         0.65855        2.47654      0.017313
      1322       1322    39.66772368    22.28332420    26.24666486   321.92   -18.87   -17.33  5.52069e+08      10.08    30.76       1.83    29.34   0.017133      -0.1913       0.7553      -0.6268   1.000000  -0.340797   0.518861   0.783990   0.732178   0.890189  -0.090102   0.446592   0.637125   0.302358   0.850097  -0.431178  1728.66        1.659     15        2.37549e+11   -4.36541e+11     0.06741         0.04930        1.20279      0.025899
      1259       1259    39.69941129    22.27358448    26.26762015   288.38   200.70   -29.12   5.2576e+08       8.78    24.18       3.27    23.89   0.013584      -0.4108       0.8343       0.3676   1.000000   0.049979  -0.189391   0.980629   0.851156   0.994969   0.094797  -0.032401   0.766988  -0.086824   0.977315   0.193176  2491.52        1.003     15        1.50087e+11   -2.57307e+11     0.05568         0.50459        2.27730      0.014770
      1256       1256    39.66261866    22.46314239    26.10381642   156.18   136.54   -74.08  5.24507e+08      18.12    19.85       2.58    18.34   0.011904      -0.3772       0.6574      -0.6523   1.000000  -0.041942   0.951334  -0.305294   0.791292  -0.444668   0.255858   0.858375   0.731551   0.894713   0.171757   0.412297   282.83        18.11     15        8.82244e+10   -1.59854e+11     0.18319         0.77959        1.71311      0.015235
      1239       1239    39.32557436    22.47469355    26.14328381   223.61    24.82    83.95  5.17408e+08       8.33    25.29       2.20    26.07   0.012096      -0.6835      -0.7133      -0.1551   1.000000  -0.335543   0.884874   0.323124   0.816091   0.907143   0.395992  -0.142413   0.732585   0.253972  -0.245334   0.935580  2874.21       0.8243     15        1.75849e+11   -2.78173e+11     0.15006         0.28945        1.13732      0.012715
      1157       1157    39.85458322    22.32514101    26.06352693   114.13    87.44   183.19  4.83165e+08      17.63    14.53       2.35    15.00   0.105640       0.5681       0.5954       0.5682   1.000000  -0.316549  -0.477884   0.819405   0.618690   0.753148  -0.651780  -0.089170   0.556014   0.576684   0.588906   0.566237   282.84        17.62     15        5.43509e+10   -8.96301e+10     0.08476         3.02555        1.54119      0.101601
      1107       1107    39.72361282    22.22861333    26.22389444   118.53   244.82    79.58  4.62285e+08      13.53    28.78       1.73    26.51   0.014430      -0.5856      -0.3744       0.7189   1.000000  -0.490875   0.864716   0.106336   0.741535  -0.313503  -0.289193   0.904480   0.701619   0.812870   0.410650   0.413049   599.63        6.416     15        1.62403e+11   -3.13894e+11     0.08124         0.11447        1.12832      0.026325
      1037       1037    39.43666641    22.50855095    25.81605097   122.95     2.16    48.07  4.33052e+08      17.02    17.61       2.58    16.70   0.019330      -0.8649       0.2708      -0.4226   1.000000   0.841720  -0.426137  -0.331534   0.931594   0.443563   0.195691   0.874618   0.857929   0.307829   0.883240  -0.353735   282.02        17.01     15        6.03594e+10   -1.10463e+11     0.16313         0.29564        1.73617      0.024283
      1011       1011    39.30796051    22.51444093    26.14361871   195.47   -34.56   105.69  4.22195e+08       5.48    23.80       2.58    24.70   0.034536      -0.5093       0.7916       0.3376   1.000000   0.527737  -0.358194   0.770189   0.935804  -0.375943   0.714593   0.589935   0.862039   0.761683   0.600877  -0.242457  8233.56       0.1893     15        1.28826e+11   -2.10221e+11     0.05296         0.17087        1.39187      0.032188
       971        971    39.69630452    22.12282183    26.01191466   197.00   105.31    80.30  4.05491e+08      16.84    20.69       2.57    19.14   0.014920        -0.03      -0.4829       0.8752   1.000000   0.083790   0.701144   0.708080   0.855615   0.957204  -0.254171   0.138412   0.792220   0.277020   0.666179  -0.692434   272.64         16.8     15        7.42789e+10   -1.40181e+11     0.13544         0.30046        1.18941      0.022835
       953        953    39.69084370    22.24795014    26.20565288   184.65   145.81  -294.75  3.97974e+08       4.79    25.89       1.40    26.31   0.021395       0.9277      0.04549       0.3706   1.000000   0.373288  -0.566411   0.734734   0.857002  -0.626884   0.429805   0.649834   0.793460   0.683866   0.703168   0.194633 11645.55       0.1169     14        1.37707e+11   -2.29425e+11     0.06870         0.13997        0.97851      0.020986
       901        901    39.65635194    22.25834805    26.33794199    83.06    84.52    91.98  3.76259e+08      14.90    20.07       2.18    19.01   0.021146       0.2418       0.9212      -0.3049   1.000000  -0.016988  -0.094753   0.995356   0.714673   0.999790  -0.013055   0.015821   0.616827   0.011495   0.995415   0.094955   364.83        11.62     14            6.8e+10   -1.13048e+11     0.15085         0.59416        1.36778      0.027130
       892        892    39.66127822    22.30035578    26.26166407  -164.06   114.24   -67.84    3.725e+08       7.08    19.95       2.47    21.23   0.021196      -0.9693       -0.236      -0.0684   1.000000   0.511430  -0.290670   0.808672   0.918946   0.838259   0.375846  -0.395047   0.871805  -0.189108   0.879915   0.435875  3367.55       0.5981     14        8.39522e+10   -1.31302e+11     0.07978         0.34949        1.67776      0.019412
       867        867    39.38030859    22.36174916    26.00204576   161.94    26.96    77.15   3.6206e+08      16.02    19.94       2.02    18.12   0.022494      -0.6959      -0.4341      -0.5721   1.000000   0.899808  -0.309538  -0.307461   0.799714   0.268590   0.948363  -0.168722   0.757421   0.343810   0.069236   0.936483   282.46        16.02     14        5.94675e+10   -1.12317e+11     0.05358         0.24296        1.21915      0.033683
       838        838    39.73533420    22.17989449    26.10946996   144.87   178.38   165.27   3.4995e+08      15.81    20.14       1.25    19.44   0.035835      -0.3789       0.6033       0.7018   1.000000  -0.276083   0.569584   0.774178   0.899917  -0.784012   0.332474  -0.524200   0.832644   0.555970   0.751688  -0.354771   283.98        15.81     14         6.6116e+10   -1.08199e+11     0.09879         0.22734        1.08070      0.049217
       778        778    40.01756609    22.22672526    26.17203665    20.01   160.26    58.52  3.24894e+08      15.45    15.09       1.66    14.29   0.033942      -0.9754       0.2201     0.009289   1.000000  -0.468981   0.808423   0.355680   0.878098   0.841510   0.531283  -0.097979   0.832536   0.268175  -0.253358   0.929458   282.72        15.44     14        3.31609e+10   -6.34562e+10     0.20978         0.31923        1.10036      0.042110
       752        752    39.69490009    22.18209729    25.97144451    50.42   176.69    23.07  3.14036e+08      15.45    19.22       1.76    17.33   0.017602       0.2528      0.03911       0.9667   1.000000  -0.621970   0.197970   0.757603   0.954331   0.632279  -0.443778   0.635047   0.906756   0.461927   0.873996   0.150844   273.44        15.41     14        4.71672e+10   -9.40109e+10     0.03517         0.24862        1.12093      0.028091
       732        732    39.49977840    22.18006394    26.02791287   196.14   117.99    30.64  3.05684e+08      15.31    19.84       1.40    17.42   0.026877       0.3155        0.819       0.4793   1.000000   0.987941   0.005188   0.154743   0.888106  -0.149748  -0.221926   0.963496   0.774286  -0.039340   0.975050   0.218473   273.16        15.27     14        4.63747e+10    -8.9809e+10     0.18284         0.33806        1.22039      0.042249
       674        674    40.03322153    22.02196011    26.01753234    76.76   173.63    64.43  2.81463e+08      14.79    11.51       3.69    11.50   0.058859     -0.08269       0.8779       0.4716   1.000000   0.749494   0.145716  -0.645775   0.767490  -0.349606   0.915479  -0.199183   0.751346   0.562169   0.375054   0.737089   278.98        14.76     14        1.86017e+10   -3.35425e+10     0.18005         0.78585        2.46029      0.057925
       670        670    39.67887955    22.27184958    26.13057173    88.75   108.32  -186.84  2.79793e+08       9.59    17.61       2.09    19.34   0.038489      -0.3538       0.8115        0.465   1.000000  -0.534515  -0.363797   0.762854   0.761110   0.385911   0.697967   0.603253   0.677229  -0.751909   0.616841  -0.232680  1018.42        2.678     14        5.23337e+10   -7.31842e+10     0.16067         0.18983        1.43948      0.036240
       665        665    39.58519687    22.34029941    26.24196893   -25.61   193.83    -0.27  2.77705e+08      12.47    18.05       1.91    18.33   0.037706      -0.6164      -0.7819     -0.09347   1.000000  -0.577906   0.662093   0.477134   0.813451   0.700000   0.702711  -0.127270   0.746006   0.419552  -0.260444   0.869566   459.85        7.712     14        4.66489e+10   -6.96576e+10     0.26156         0.25444        1.29016      0.042846
       665        665    39.82538084    22.18041109    26.02256079   100.75   153.94   -71.23  2.77705e+08      14.65    18.04       1.52    16.18   0.015180      -0.3456       0.9339     -0.09115   1.000000   0.862727  -0.261189  -0.432992   0.819135  -0.066820   0.789881  -0.609609   0.796639   0.501235   0.554859   0.663999   283.32        14.65     14        3.63546e+10   -7.19933e+10     0.13822         0.20772        0.94838      0.023272
       653        653    39.94941501    22.00617091    26.16228206    43.25   185.09    59.47  2.72694e+08      14.56    13.02       2.49    12.06   0.004366      -0.6779       0.5712      -0.4629   1.000000   0.674755   0.530063   0.513554   0.930590  -0.634960   0.062235   0.770034   0.855510  -0.376206   0.845671  -0.378562   283.76        14.55     13        1.98252e+10   -3.95699e+10     0.04616         0.37799        2.17547      0.005058
       650        650    39.25858721    22.50498873    25.96125474   170.46   -13.44    66.37  2.71441e+08      14.55    16.20       1.62    14.62   0.038405      -0.9909      -0.1022      0.08794   1.000000   0.384638  -0.106522   0.916901   0.934630   0.130411   0.989627   0.060264   0.845932   0.913809  -0.096394  -0.394540   282.86        14.55     13        2.89903e+10   -5.67644e+10     0.11964         0.56640        0.94891      0.052989
       637        637    39.25741970    22.58425090    26.06418391   212.24    73.11    99.68  2.66012e+08      14.49    14.58       2.70    13.23   0.023327      -0.3868      -0.7365      -0.5549   1.000000   0.682773  -0.709093  -0.176092   0.957195   0.385570   0.144971   0.911219   0.769830   0.620611   0.690051  -0.372388   280.52        14.48     13         2.3292e+10   -4.53282e+10     0.05552         0.30024        1.17973      0.029196
       621        621    39.60420385    22.31086286    26.23384263   300.65   -42.44   -48.34   2.5933e+08       7.53    21.18       1.50    19.18   0.010428      -0.2917      -0.5216       0.8018   1.000000  -0.048233   0.600588   0.798103   0.921892  -0.228316   0.771249  -0.594178   0.908564   0.972392   0.210878  -0.099924  1946.86        1.101     13        4.76964e+10   -9.40807e+10     0.14730         0.09945        1.01236      0.014004
       602        602    39.70416236    22.12631162    26.03485276    75.17   173.46     9.04  2.51396e+08      13.98    18.07       1.98    16.37   0.011338      -0.7906      -0.6032      -0.1051   1.000000  -0.510406   0.763020   0.396592   0.862084   0.140676  -0.380889   0.913856   0.775409   0.848349   0.522229   0.087069   295.18        13.47     13        3.36658e+10   -6.80237e+10     0.07753         0.22136        1.70698      0.018417
       546        546    39.66591224    22.36081191    25.83414731   158.42   118.06   134.02   2.2801e+08      13.84    13.49       2.15    11.92   0.040618      -0.1222       0.1238       0.9847   1.000000   0.152788   0.988241   0.005963   0.926636   0.859800  -0.135901   0.492214   0.873032  -0.487237   0.070078   0.870454   276.06        13.81     13        1.62019e+10   -3.26211e+10     0.20341         0.31604        1.86230      0.050031
       544        544    39.62074068    22.27958914    26.16780173    82.33    39.06  -287.60  2.27175e+08       4.18    19.40       2.50    22.30   0.030892       0.4785        0.848       -0.228   1.000000   0.704233  -0.629559   0.328195   0.878646  -0.355844   0.087018   0.930485   0.834466   0.614354   0.772064   0.162744  9969.44       0.1193     13        5.64936e+10   -7.31879e+10     0.11319         0.25852        1.71098      0.021169
       485        485    39.51372035    22.12617919    26.28152932   133.68    38.93   123.61  2.02537e+08      13.18    14.98       1.64    13.76   0.027357     -0.09354      -0.7905      -0.6053   1.000000   0.743101   0.663574  -0.086428   0.879695   0.367387  -0.296605   0.881506   0.843927  -0.559309   0.686801   0.464196   284.14        13.18     13        1.91708e+10   -3.57403e+10     0.24009         0.39106        1.43256      0.037184
       457        457    39.64630535    22.27061324    26.14332114   148.68   115.37   -74.72  1.90844e+08       6.54    17.00       1.44    17.12   0.017859       0.5485      -0.8048      -0.2266   1.000000   0.328954  -0.096999   0.939351   0.621495   0.730455  -0.604304  -0.318202   0.567092   0.598519   0.790827  -0.127935  2191.45       0.8487     12        2.79667e+10   -4.54434e+10     0.09741         0.30946        1.24935      0.018637
       455        455    39.66942688    22.24843748    26.38428023   169.55    62.03    58.59  1.90009e+08      12.92    17.87       1.26    16.08   0.010282      -0.9687      -0.1934      -0.1557   1.000000  -0.047972  -0.067131   0.996590   0.760562   0.850358  -0.526176   0.005490   0.711117   0.524014   0.847722   0.082327   282.64        12.92     12        2.45665e+10   -4.80972e+10     0.08015         0.25176        1.06101      0.017580
       455        455    40.05186910    22.33130478    26.34150963    50.00   125.14   -47.10  1.90009e+08       4.28    16.18       2.47    20.08   0.056425       -0.818       0.4747      -0.3248   1.000000  -0.553558   0.050492   0.831278   0.754912   0.406334   0.887665   0.216666   0.703734   0.726957  -0.457714   0.511891  7768.33       0.1568     12        3.82992e+10   -4.43821e+10     0.13319         0.54014        1.65284      0.028236
       446        446    39.58963381    22.28142621    26.19516176  -125.52   127.88   -84.13   1.8625e+08       6.43    14.56       4.00    20.04   0.033992      -0.9296       0.3544       0.1017   1.000000   0.372966   0.927121  -0.036652   0.872153   0.737435  -0.320169  -0.594711   0.789052   0.563104  -0.194778   0.803103  2248.19       0.8136     12        3.74051e+10   -3.34363e+10     0.13366         0.53995        2.22440      0.017178
       437        437    39.71741872    22.20747364    26.28535874   192.07   138.14   -74.86  1.82492e+08      10.88    19.97       0.90    18.06   0.004736       -0.245       0.7411       0.6251   1.000000   0.003673  -0.625300   0.780376   0.798989   0.998150   0.049647   0.035083   0.638325   0.060681  -0.778804  -0.624326   455.06        6.799     12        2.97474e+10   -5.93623e+10     0.08229         0.18650        0.76214      0.008678
       400        400    40.05458359    22.32467767    26.31689888    64.41   118.77   -52.28   1.6704e+08      12.38    11.07       1.28    11.93   0.031184      -0.9125       0.1434      -0.3831   1.000000   0.159640   0.227611   0.960577   0.907137   0.627790   0.727532  -0.276724   0.820621   0.761836  -0.647217   0.026748   282.64        12.37     12        1.18873e+10   -1.75668e+10     0.08494         0.76642        1.10284      0.029163
       399        399    39.67792549    22.06168305    26.04372578   168.11   115.18    31.71  1.66623e+08      12.54    13.65       2.41    12.97   0.027146       0.8655        0.267       0.4239   1.000000   0.537816  -0.603125  -0.589062   0.934823   0.832900   0.488274   0.260511   0.787994   0.130503  -0.630737   0.764944   270.87        12.51     12        1.40105e+10   -2.48421e+10     0.13647         0.15635        1.49015      0.035382
       392        392    39.65306340    22.28383895    26.16041035   -43.04   206.41  -184.16    1.637e+08       4.45    18.60       1.56    20.29   0.022949       0.1191       0.1703       0.9782   1.000000   0.506150   0.504486  -0.699504   0.916897  -0.766220   0.635334  -0.096218   0.893322   0.395878   0.584675   0.708121  5959.02       0.2125     12        3.36977e+10   -4.74788e+10     0.09075         0.18125        1.05914      0.020455
       386        386    39.64235867    22.29579671    26.29266380   -61.04   208.97    59.14  1.61194e+08       6.79    15.86       2.38    15.54   0.015965        -0.65      0.04688       0.7585   1.000000   0.243479   0.080149   0.966589   0.843714   0.969828  -0.032796  -0.241576   0.731019   0.012339   0.996243  -0.085715  1652.20        1.169     12        1.94758e+10   -3.34674e+10     0.22643         0.12556        1.61798      0.017986
       381        381    39.53730710    22.09222234    26.15052475   151.86   129.00    44.41  1.59106e+08      11.81    19.52       1.43    17.25   0.007245      -0.1412      -0.3008      -0.9432   1.000000   0.321378   0.471650   0.821135   0.798293   0.781894  -0.621332   0.050866   0.740584   0.534189   0.625693  -0.568463   309.70        10.85     12        2.36778e+10   -4.76139e+10     0.09134         0.27394        0.85956      0.014266
       377        377    39.99897462    22.37690996    26.41936470    39.26   148.91   -16.77  1.57436e+08      12.13    10.91       2.67    10.53   0.032103        0.254       0.8809      -0.3994   1.000000   0.769031  -0.408151  -0.491938   0.808254   0.375115  -0.334983   0.864335   0.783160   0.517570   0.849234   0.104509   283.29        12.12     12        8.72249e+09   -1.53038e+10     0.26661         0.57708        1.71861      0.033940
       375        375    39.61280760    22.10525694    26.08305833   107.22   192.90    91.03    1.566e+08      11.57    13.73       2.23    13.92   0.039839      -0.1378       -0.182       0.9736   1.000000   0.959207   0.211838  -0.187209   0.912584  -0.053611   0.786490   0.615272   0.808953   0.277576  -0.580137   0.765763   324.92        10.12     12        1.51621e+10   -2.41151e+10     0.14955         0.15557        1.37598      0.048229
       370        370    39.64064789    22.26386946    26.18932283   403.58    39.52   -81.03  1.54512e+08       2.93    23.88       0.98    22.19   0.015004       -0.901      -0.2003      -0.3848   1.000000   0.949656   0.311564   0.032877   0.788517  -0.104128   0.214916   0.971066   0.721617  -0.295483   0.925602  -0.236539 19778.54            0     12          3.805e+10   -7.21798e+10     0.08443         0.06661        0.65427      0.018082
       365        365    39.69377514    22.15262369    26.16282364    52.26   262.75   -80.26  1.52424e+08       8.86    15.79       1.71    14.52   0.018933      -0.9382       0.2254       0.2626   1.000000  -0.128330   0.957445   0.258515   0.847947   0.983222   0.156905  -0.093036   0.829639   0.129639  -0.242239   0.961517   703.53        3.582     12        1.60641e+10   -3.15693e+10     0.12100         0.29087        0.75919      0.027124
       361        361    39.67368524    22.27606828    26.13498983   -33.36   111.34  -186.18  1.50754e+08       4.53    17.82       1.50    17.67   0.021717      -0.6604       0.7138       0.2331   1.000000  -0.588164  -0.134084   0.797549   0.891871  -0.191576   0.981192   0.023678   0.758989   0.785724   0.138864   0.602789  5213.95        0.247     12        2.35413e+10   -4.07182e+10     0.10074         0.22124        1.00487      0.023668
       359        359    39.70779860    22.11075400    26.21631597    96.73   121.52   -68.41  1.49919e+08      11.32    15.61       1.82    14.23   0.011200      -0.8263       0.4136      -0.3823   1.000000   0.257877  -0.677100   0.689228   0.889883  -0.955592  -0.284050   0.078487   0.782549  -0.142631   0.678861   0.720281   332.06        9.694     12         1.5182e+10   -2.93211e+10     0.13409         0.19567        1.54329      0.017605
       359        359    39.74115796    22.27438090    26.25930514   224.74   248.76  -108.82  1.49919e+08       7.39    14.74       1.89    14.42   0.015810      -0.4802     -0.08304      -0.8732   1.000000   0.605409  -0.486311   0.630065   0.908533  -0.758705  -0.113402   0.641487   0.767038   0.240512   0.866396   0.437621  1192.98        1.762     12        1.55871e+10   -2.68531e+10     0.13182         0.25769        1.27061      0.017925
       350        350    39.67782459    22.23924885    25.88530790   191.14   193.08   114.07   1.4616e+08      11.88     8.74       7.17     9.11   0.070788       0.6037     -0.09648       0.7913   1.000000  -0.045170   0.984002   0.172338   0.796381   0.880069   0.120826  -0.459217   0.591427   0.472693  -0.130927   0.871447   279.76        11.85     12        6.06079e+09   -9.94541e+09     0.50760         2.07472        4.95165      0.061299
       348        348    39.62451621    22.31751874    26.26853200    79.99   135.99   169.74  1.45325e+08       8.61    12.72       2.09    13.31   0.019969      -0.4709      -0.8557       0.2144   1.000000   0.624401  -0.530234  -0.573563   0.830341   0.701498   0.057703   0.710332   0.721439   0.343545   0.845886  -0.407988   731.05         3.35     12         1.2869e+10   -1.93076e+10     0.24878         0.47001        1.37964      0.019059
       343        343    39.35433281    22.51732521    25.99929254   132.96   -28.57     0.04  1.43237e+08      11.96    11.15       2.85    10.56   0.049981      -0.8367      -0.5415      0.08162   1.000000  -0.149324  -0.115220   0.982052   0.884184  -0.074948   0.991649   0.104950   0.765374   0.985944   0.057931   0.156713   268.40         11.9     12        7.98489e+09   -1.41455e+10     0.26071         0.37734        1.86863      0.055814
       337        337    39.46253943    22.13920361    25.98065272   232.65   203.13    56.41  1.40732e+08      11.77    12.29       1.66    11.87   0.024349       0.8812      -0.4721      -0.0251   1.000000   0.907451   0.316962   0.275804   0.933307  -0.412662   0.548912   0.726915   0.707976  -0.079013   0.773454  -0.628909   276.95        11.75     12        9.91243e+09   -1.75561e+10     0.15577         0.51671        1.42860      0.030576
       337        337    39.45046304    22.36382690    26.19709263   175.36    79.00    28.67  1.40732e+08      11.74    18.99       1.07    16.89   0.015489      -0.1566      -0.9771       -0.144   1.000000   0.950784   0.106290   0.291052   0.860732  -0.199712  -0.507966   0.837906   0.799488  -0.236905   0.854794   0.461739   279.25        11.73     12        2.00702e+10   -3.80871e+10     0.09659         0.05739        0.64950      0.029820
       330        330    39.55761354    22.34737818    26.35172192     2.29     1.77    73.66  1.37808e+08      11.82    10.65       1.68    10.04   0.017485       0.5787      -0.6592       0.4801   1.000000  -0.204554   0.522512   0.827731   0.758543   0.380574   0.821535  -0.424551   0.595813   0.901843  -0.228170   0.366903   268.01        11.75     12        6.94919e+09   -1.30422e+10     0.34776         0.73873        0.74311      0.020059
       322        322    39.63682585    22.05681615    26.10986024   164.33    75.58     9.02  1.34468e+08      11.81    13.40       2.07    11.57   0.028746       0.1244       0.7799      -0.6135   1.000000   0.291418   0.889325   0.352388   0.981695   0.953095  -0.301421  -0.027492   0.757238  -0.081768  -0.343871   0.935450   261.91        11.74     12        9.00629e+09   -1.89359e+10     0.25553         0.30431        1.34965      0.043134
       318        318    40.00994915    22.06871777    26.13338113    59.75   178.96    70.00  1.32797e+08      11.45     8.14       8.41     8.80   0.093029      -0.3868       0.6816       0.6212   1.000000   0.961219  -0.154549  -0.228415   0.901292   0.129160   0.984054  -0.122295   0.751261   0.243673   0.088051   0.965852   284.27        11.44     12        5.14643e+09   -8.43932e+09     0.20319         1.72349        0.53816      0.080125
       315        315    39.66883895    22.30632260    26.36334982    10.82   221.41     6.54  1.31544e+08      11.03    13.67       1.45    12.51   0.017014      -0.1824      -0.9806     -0.07127   1.000000   0.221445   0.083092   0.971626   0.787945  -0.586258   0.807548   0.064555   0.703416   0.779271   0.583919  -0.227541   315.04        9.954     11        1.02899e+10   -1.99786e+10     0.11044         0.08318        0.88433      0.024906
       305        305    39.63302900    22.29507713    26.06966123   124.26   116.90  -134.48  1.27368e+08       8.37    12.41       1.46    12.08   0.022286      0.08248       0.9101       -0.406   1.000000  -0.002595  -0.206362   0.978472   0.801627   0.989673  -0.140769  -0.027064   0.736965   0.143323   0.968297   0.204596   696.64        3.418     11        9.28879e+09   -1.62853e+10     0.06971         0.41991        0.87400      0.024950
       304        304    40.12258501    22.01212979    26.20159822    42.43   149.40    12.33  1.26951e+08      11.50    11.53       1.73    10.18   0.018265       0.7455      -0.6663     -0.01494   1.000000   0.872417  -0.220468  -0.436213   0.844225   0.400890   0.833328   0.380595   0.819077   0.279599  -0.506911   0.815393   267.66        11.45     11        6.58103e+09   -1.31847e+10     0.31012         0.21250        1.49452      0.023363
       299        299    39.65768313    22.38646169    26.24849633    34.80   -16.97    42.41  1.24863e+08      10.06    16.00       1.09    14.97   0.022491      -0.6958      -0.7179     -0.01902   1.000000   0.678247   0.668542  -0.305012   0.843468   0.623570  -0.304030   0.720227   0.801978  -0.388769   0.678688   0.623090   393.52        7.272     11        1.39983e+10   -2.59427e+10     0.16938         0.42426        0.91799      0.036789
       298        298    39.98641557    22.36051872    26.32347325    54.29   123.99   -81.34  1.24445e+08      11.28    11.71       2.30    10.48   0.017962      -0.2923       0.2388        0.926   1.000000  -0.679814   0.691161  -0.245254   0.954610   0.641624   0.722484   0.257558   0.906401  -0.355206  -0.017730   0.934620   278.40        11.26     11        6.82802e+09   -1.34247e+10     0.24830         0.28205        1.98364      0.023195
       295        295    39.80644244    22.33977763    26.35265941   157.69   159.68   -95.33  1.23192e+08      11.19    10.33       1.92    10.03   0.036250       0.2937      -0.6112       0.7349   1.000000   0.429108   0.398812   0.810441   0.807893   0.169794   0.845636  -0.506033   0.768225   0.887150  -0.354751  -0.295154   282.53        11.18     11        6.19734e+09   -1.14273e+10     0.11656         0.54237        0.48387      0.041931
       286        286    39.56764362    22.24989707    26.34047025   169.44   124.01   114.02  1.19434e+08      10.86    12.83       2.10    11.32   0.012320      -0.1876       0.6862      -0.7028   1.000000   0.780173   0.079217  -0.620527   0.781566   0.598675  -0.382247   0.703900   0.727728   0.181434   0.920658   0.345644   299.50        10.31     11        7.64889e+09   -1.51778e+10     0.21929         0.64203        1.29625      0.017375
       279        279    39.72915897    22.18197007    26.11292811   111.40   139.78   197.24  1.16511e+08       4.52    15.09       1.50    14.70   0.021062       0.9092      -0.1988        0.366   1.000000   0.878856  -0.174871  -0.443883   0.967614   0.302355   0.923854   0.234683   0.771746   0.369043  -0.340463   0.864808  4040.93       0.3184     11        1.25868e+10   -2.29786e+10     0.16433         0.08890        1.00452      0.023091
       277        277    39.85210429    22.31965882    26.07167883   119.30    81.48   182.82  1.15676e+08       6.98    10.75       2.87    11.50   0.031711       0.3729      -0.1702       0.9121   1.000000  -0.418921  -0.250610   0.872754   0.894713   0.733507  -0.659951   0.162579   0.802788   0.535231   0.708279   0.460292  1090.85        1.821     11         7.6534e+09   -1.20627e+10     0.15075         0.28559        1.86458      0.028339
       273        273    39.39753476    22.52309706    26.13217210   195.22    18.76    26.86  1.14005e+08      10.78    14.13       0.95    12.94   0.011100      -0.9234      -0.2877       0.2542   1.000000   0.948281   0.246246  -0.200314   0.799201  -0.069477   0.776753   0.625961   0.723683   0.309735  -0.579670   0.753689   291.90        10.51     11        9.53891e+09    -1.7001e+10     0.12195         0.18034        0.49018      0.016271
       272        272    39.28145893    22.50369482    26.07671625   214.58     4.25    97.18  1.13588e+08      11.28    13.56       1.54    12.00   0.020963      -0.8439      -0.3655      -0.3928   1.000000   0.446401  -0.504943   0.738755   0.922810  -0.311736   0.686107   0.657327   0.853791   0.838777   0.523728  -0.148870   254.30        11.21     11        8.18437e+09   -1.65119e+10     0.25583         0.45037        0.94605      0.033319
       265        265    39.45138840    22.22045166    26.19006201    11.41    47.83    -3.37  1.10664e+08      10.87    11.29       1.59    10.04   0.044715       0.9012      -0.4068      -0.1494   1.000000   0.844686   0.493522   0.207225   0.771228   0.187860  -0.635859   0.748594   0.684447  -0.501213   0.593397   0.629814   276.70        10.84     11        5.57611e+09   -1.04272e+10     0.25631         0.51901        0.99627      0.054660
       259        259    39.80661523    22.11005014    25.80832658   116.15   166.79    93.28  1.08159e+08      10.69    10.51       1.82     9.70   0.013962      -0.5103      -0.6589      -0.5527   1.000000   0.537710  -0.680469   0.497825   0.962398  -0.584812   0.124313   0.801587   0.774899   0.607341   0.722155   0.331102   283.90        10.69     11        5.08362e+09   -9.95882e+09     0.05286         0.68685        1.08733      0.017365
       256        256    39.95084552    22.11142626    26.19729238    42.38   201.43    66.32  1.06906e+08      10.66     8.63       3.92     8.58   0.070166       -0.751     0.006806      -0.6603   1.000000   0.270790   0.961861  -0.038694   0.946077   0.676727  -0.218797  -0.702971   0.893486   0.684626  -0.164172   0.710165   283.12        10.66     11          3.936e+09    -7.1235e+09     0.20278         0.55650        2.41348      0.071285
       247        247    39.53743110    21.72352031    26.07066430   169.90   194.97    14.39  1.03147e+08      10.55     8.01       2.94     8.09   0.057555      -0.9663      -0.2462     -0.07528   1.000000  -0.200929   0.957200   0.208318   0.865834   0.104072  -0.190593   0.976137   0.672324   0.974062   0.217814  -0.061322   281.81        10.54     11        3.37276e+09   -5.82444e+09     0.18323         0.68023        2.02277      0.052875
       239        239    39.64640644    22.25999320    26.16283415    95.39   281.69  -114.99  9.98067e+07       2.85    20.45       0.72    18.69   0.015694       0.8779      0.06386       0.4746   1.000000   0.058549   0.799159   0.598262   0.836892   0.801064  -0.395226   0.449547   0.777973   0.595708   0.452926  -0.663317 13831.97            0     11        1.74262e+10   -3.37661e+10     0.12651         0.06314        0.63222      0.019993
       228        228    39.64579764    22.19116779    26.40542260   199.23   131.96   -38.80  9.52131e+07      10.41    12.44       1.65    11.68   0.019236      0.01581      -0.8395       0.5432   1.000000  -0.083797  -0.325096   0.941961   0.805886   0.968017  -0.250886  -0.000473   0.658148   0.236478   0.911794   0.335722   270.55        10.39     11        6.49115e+09   -1.25725e+10     0.03754         0.17078        0.39234      0.029956
