#  npart(1)  nvpart(2)      Xc(3)          Yc(4)          Zc(5)      VXc(6)   VYc(7)   VZc(8)    Mvir(9)      Rvir(10) Vmax(11)   Rmax(12) sigV(13) lambda(14)      Lx(15)       Ly(16)       Lz(17)     a(18)     Eax(19)    Eay(20)    Eaz(21)     b(22)     Ebx(23)    Eby(24)    Ebz(25)     c(26)     Ecx(27)    Ecy(28)    Ecz(29) ovdens(30)    Redge(31) nbins(32)     Ekin(33)       Epot(34)   mbp_offset(35)  com_offset(36)   r2(37)      lambdaE(38)
   1698711    1698711    39.54128279    22.16644910    26.17892706   111.25    99.34    19.37  7.09384e+11     203.63   183.59      44.26   178.92   0.022397       0.1111       0.6504       0.7514   1.000000  -0.224358   0.005525   0.974491   0.859757   0.794990  -0.577306   0.186304   0.818450   0.563609   0.816509   0.125131   269.65        203.6     35        1.13541e+16   -2.07116e+16     0.08232         6.59864       16.69271      0.024546
     87546      87546    39.13073626    22.45503109    26.08835781   176.18    50.02    61.61  3.65593e+10      75.78    56.51       5.93    60.40   0.050690      -0.5743      -0.1563       0.8036   1.000000   0.395604   0.156165   0.905047   0.941100   0.311894   0.904030  -0.292321   0.893686   0.863840  -0.397922  -0.308931   269.64        75.78     27         6.6677e+13   -1.13941e+14     0.02402         3.25708        4.08021      0.046735
     68784      68784    39.15740949    22.36275364    25.95969422   131.87    24.44    70.05  2.87243e+10      69.92    64.53      13.38    65.58   0.042978      -0.6998       0.6203      -0.3542   1.000000   0.736040  -0.414827  -0.534942   0.885038   0.226494  -0.593779   0.772092   0.855496   0.637922   0.689453   0.343089   269.65        69.92     26        6.17758e+13    -1.0546e+14     0.09440         1.79945        5.89544      0.046575
     44501      44501    39.47293986    22.05333014    26.30141829    68.27    26.77    37.18  1.85837e+10      60.48    64.38       5.15    64.78   0.030116      -0.3487      -0.7308       0.5869   1.000000   0.489413   0.739854  -0.461618   0.870948  -0.485649   0.670901   0.560390   0.768562   0.724306  -0.050078   0.687657   269.65        60.48     25        3.89949e+13   -5.48031e+13     0.10171         0.65176        2.19036      0.028222
      6022       6022    39.23038053    22.43020282    26.01596589   202.92    69.35    85.94  2.51479e+09      31.07    29.67       5.48    30.38   0.026509      -0.6008      -0.5742       0.5562   1.000000   0.232916   0.652581   0.721033   0.909757   0.951318   0.001001  -0.308211   0.843792   0.201854  -0.757718   0.620579   269.11        31.06     19        1.16026e+12    -1.8812e+12     0.19139         0.76082        2.97453      0.028099
      4830       4830    39.97119104    22.18971766    26.40283374    85.33   141.43   -52.37  2.01701e+09      28.85    22.69      13.94    27.28   0.065552      -0.9568       0.1295      -0.2604   1.000000  -0.316125  -0.345358   0.883625   0.828115   0.881268   0.238015   0.408308   0.631987  -0.351328   0.907787   0.229110   269.48        28.85     19        7.50787e+11   -9.45392e+11     0.13083         5.38295        4.71788      0.043375
      4599       4599    39.05282851    22.42976119    26.11155831   221.40    32.38   102.32  1.92055e+09      28.39    31.32       3.25    30.49   0.022351      -0.8229       0.3675       0.4333   1.000000   0.955947   0.271577   0.111407   0.845742  -0.292597   0.911969   0.287576   0.797698  -0.023501  -0.307504   0.951256   269.45        28.39     19        8.92773e+11   -1.48699e+12     0.15576         0.24406        2.18794      0.026921
      4197       4197    40.05162422    21.84286232    26.08083063    68.06   165.77    28.88  1.75267e+09      27.53    26.55       4.24    25.97   0.021109      -0.5644       0.8209     -0.08684   1.000000   0.681559   0.550323   0.482310   0.941792   0.180588  -0.765214   0.617929   0.799293   0.709130  -0.334055  -0.620920   269.59        27.53     18        5.91212e+11   -1.02637e+12     0.15649         0.41580        2.19290      0.023479
      3333       3333    39.13086484    22.43772892    26.07329020   186.98    22.51    77.62  1.39186e+09      15.37    31.24       3.63    36.84   0.026844      -0.8039      -0.1918        0.563   1.000000  -0.019642   0.569715   0.821608   0.703008  -0.437025   0.734211  -0.519561   0.630011   0.899235   0.369269  -0.234558  1230.18        3.369     18        9.44461e+11   -1.16482e+12     0.04188         0.77528        2.55210      0.019991
      3232       3232    39.61144750    22.16196279    26.13664676   -49.55   -75.55   -24.16  1.34969e+09      16.20    30.67       3.32    30.31   0.034516       0.8906       0.3746       0.2578   1.000000   0.809615   0.297460  -0.506006   0.868863  -0.333128   0.942645   0.021134   0.795203   0.483270   0.151454   0.862271  1019.48        4.284     18        6.20047e+11   -1.11417e+12     0.09076         0.25964        2.25737      0.040748
      2934       2934    39.62325500    22.04816095    26.14882509   134.12   137.96    36.90  1.22524e+09      24.44    32.61       2.84    30.00   0.016516       0.9574        0.171      -0.2328   1.000000  -0.450600   0.879732   0.151762   0.720164   0.352343   0.019058   0.935677   0.654680   0.820253   0.475088  -0.318555   269.53        24.43     17        5.51416e+11   -1.02401e+12     0.11989         0.20780        1.81167      0.025801
      2433       2433    39.10445596    22.44108908    26.03320059   223.26    44.90    31.22  1.01602e+09      22.98    23.45       2.91    22.65   0.020154      -0.4283      -0.8528       0.2988   1.000000   0.908712   0.041202   0.415386   0.964816  -0.310604   0.731550   0.606926   0.879804   0.278869   0.680541  -0.677566   268.88        22.97     17        2.60574e+11   -4.56829e+11     0.16991         0.56519        1.99510      0.023723
      2409       2409    39.47396043    22.19891785    26.25019025   -54.12   132.08   -53.71    1.006e+09      19.18    28.77       2.81    28.39   0.021660      -0.2588      -0.9658      0.01865   1.000000  -0.142225   0.264945   0.953717   0.826275   0.921049  -0.317484   0.225551   0.729606   0.362548   0.910499  -0.198873   457.57         11.3     17        4.05507e+11   -6.88849e+11     0.11535         0.36370        1.88250      0.028270
      2337       2337    39.08840011    22.36391129    26.10580966   198.81    13.52    37.65  9.75934e+08      22.66    21.19       3.71    20.77   0.019201       0.6586      -0.7503      0.05796   1.000000   0.706479   0.633710  -0.315118   0.931466   0.510945  -0.764782  -0.392484   0.810767   0.489718  -0.116273   0.864093   269.31        22.65     17        2.10415e+11   -3.61105e+11     0.06243         0.54379        1.76551      0.020475
      2196       2196    39.12626447    22.49297170    26.04815647   164.72    58.11    75.71  9.17052e+08      22.48    23.69       2.61    22.99   0.011550      -0.9992     -0.03678     -0.01232   1.000000  -0.283627   0.766203  -0.576618   0.763908  -0.542251   0.367793   0.755442   0.715568   0.790898   0.526935   0.311158   259.08        22.39     17        2.42269e+11    -3.8225e+11     0.14863         0.61377        1.76225      0.012584
      2107       2107    39.54225644    22.15421611    26.05295599   -11.56   132.57   147.05  8.79886e+08      16.19    28.93       3.17    27.06   0.008267      -0.9453       0.2486       0.2114   1.000000  -0.120924  -0.119920   0.985392   0.902105   0.968458  -0.232122   0.090597   0.850215   0.217867   0.965266   0.144206   664.86        6.568     17         3.2205e+11    -6.1098e+11     0.10264         0.19689        1.62205      0.011447
      1956       1956    39.29077572    22.29266960    25.90454512   154.64    33.08    31.73  8.16828e+08      21.57    22.70       2.80    21.13   0.014125       0.5695      -0.5203      -0.6363   1.000000  -0.534983   0.844625  -0.020033   0.954918  -0.401020  -0.232992   0.885944   0.883785   0.743623   0.481999   0.463359   261.22        21.52     16        1.82362e+11   -3.58032e+11     0.06280         0.51535        1.82710      0.018959
      1902       1902    39.12266513    22.48651546    26.08953280   151.26    12.02    25.29  7.94277e+08      16.25    26.36       2.16    27.34   0.015568      -0.3973      -0.6085       0.6869   1.000000   0.289020   0.868024   0.403735   0.865021  -0.631311  -0.144219   0.762002   0.804150   0.719662  -0.475116   0.506311   594.19        7.374     16        2.96801e+11   -4.44073e+11     0.06487         0.35268        1.41660      0.017077
      1692       1692    39.49399019    22.15567583    26.10334864   260.18   137.95   171.71  7.06581e+08      15.46    26.11       2.53    25.09   0.009119       0.2086        0.325       0.9224   1.000000   0.433108   0.192613   0.880521   0.869645   0.842164  -0.434615  -0.319170   0.850478   0.321211   0.879779  -0.350447   613.43        6.797     16        2.22332e+11   -3.92042e+11     0.17967         0.43839        1.33615      0.011775
      1508       1508    39.44411376    22.13380386    26.13169367   126.11    58.98   178.36  6.29743e+08      15.55    24.68       3.46    23.19   0.010373      -0.6151       0.4391      -0.6549   1.000000   0.655263   0.124530   0.745066   0.813668   0.717740   0.204906  -0.665479   0.721873  -0.235540   0.970827   0.044887   537.87        7.794     16        1.69274e+11    -3.1669e+11     0.20893         0.20233        1.86209      0.014045
      1470       1470    39.74751980    22.12013290    26.23011127   -16.87   187.19    70.40  6.13874e+08      19.43    19.71       3.42    18.64   0.017045      -0.3747       0.7125      -0.5933   1.000000   0.804291   0.536980  -0.254497   0.948272  -0.594220   0.723653  -0.351039   0.788655  -0.004333   0.433565   0.901112   268.56        19.42     16        1.06675e+11   -2.00113e+11     0.12444         0.15147        2.23914      0.021072
      1425       1425    39.44819057    22.16150563    26.11258438     8.90  -110.76    36.22  5.95082e+08      15.59    20.30       4.58    21.46   0.008204       0.8003      -0.1244       0.5866   1.000000  -0.537295   0.623621  -0.567812   0.829046  -0.427530   0.378944   0.820743   0.776203   0.727002   0.683738   0.063012   504.44        8.332     16        1.37035e+11   -2.13286e+11     0.20098         0.18632        3.19677      0.008465
      1422       1422    39.49906855    22.24918677    26.20357971   142.13   306.28  -106.92  5.93829e+08      14.39    21.31       2.72    23.46   0.036042      -0.6695       0.1269      -0.7319   1.000000   0.724468  -0.182891  -0.664602   0.732564   0.408423  -0.662797   0.627607   0.700802   0.555280   0.726121   0.405479   639.47        6.068     16        1.63388e+11   -2.28996e+11     0.29801         0.82868        1.91762      0.033216
      1372       1372    39.47095877    22.16638369    26.12892077    17.50   171.04   112.26  5.72949e+08      10.37    29.95       2.00    27.74   0.008455      -0.4386        0.591      -0.6771   1.000000   0.803476   0.235531   0.546764   0.957156  -0.588816   0.449948   0.671448   0.786987   0.087868   0.861436  -0.500207  1648.72        1.696     15        2.20395e+11   -4.31819e+11     0.11178         0.19850        1.33401      0.012307
      1292       1292    39.43760121    22.19524777    26.34949829   222.17    42.33   -47.65  5.39541e+08      18.86    25.36       2.05    22.87   0.009441        0.739      -0.6577      -0.1456   1.000000  -0.633150  -0.012261   0.773932   0.881787   0.599825  -0.639730   0.480578   0.843223   0.489216   0.768502   0.412399   258.10        18.82     15        1.41151e+11   -2.76069e+11     0.11216         0.18800        1.29354      0.015721
      1269       1269    39.70831905    22.21815729    25.89247685   166.84   108.65   150.83  5.29936e+08      18.56    14.43       2.67    15.70   0.121166       0.5571       0.5947       0.5797   1.000000   0.789034  -0.597193  -0.144173   0.631718  -0.240261  -0.515945   0.822238   0.535004   0.565420   0.614134   0.550580   266.05        18.53     15        6.53141e+10   -1.02176e+11     0.08812         3.46741        1.66675      0.106516
      1175       1175    39.50648256    22.12849264    26.13844467   205.36   -84.15    31.44  4.90681e+08      11.22    29.05       1.58    27.97   0.022172      -0.5906      -0.2275       0.7743   1.000000   0.828039   0.081162   0.554765   0.861161  -0.375869   0.814549   0.441851   0.729159  -0.416021  -0.574389   0.704985  1116.23        2.709     15         1.9189e+11   -3.49748e+11     0.14282         0.17407        1.04469      0.033863
      1033       1033    39.31010830    22.50241101    25.77584474   122.46     8.92    30.45  4.31382e+08      17.28    17.01       3.06    16.49   0.026853      -0.8799      -0.3017       -0.367   1.000000  -0.618887   0.496894   0.608338   0.906833   0.193417  -0.654227   0.731148   0.825418   0.761294   0.570161   0.308785   268.32        17.27     15        5.86598e+10   -1.06786e+11     0.06271         0.45235        2.00843      0.031973
      1022       1022    39.48673005    22.04092768    25.96376273   200.95    54.71    12.38  4.26788e+08      17.38    20.62       1.89    18.75   0.016545      -0.2153      -0.5338       0.8178   1.000000   0.430288   0.500603   0.751165   0.880980   0.625271  -0.765469   0.151964   0.850289   0.651067   0.404293  -0.642385   261.13        17.34     15        7.49945e+10   -1.41009e+11     0.09314         0.31086        1.63052      0.023384
      1013       1013    39.21231399    22.33747115    25.93816619   169.48    16.70    45.17   4.2303e+08      15.94    18.77       2.38    18.51   0.018933      -0.6624      -0.6574      -0.3592   1.000000   0.901102  -0.239642  -0.361368   0.666655  -0.010802   0.820735  -0.571207   0.558539   0.433473   0.518619   0.736978   335.01        12.83     15        7.24488e+10   -1.18227e+11     0.12865         0.61189        2.05427      0.021536
       890        890    39.59075277    22.18456618    26.21993917   178.17   134.18    82.80  3.71665e+08      11.97    21.92       2.01    21.62   0.016451       0.5847      -0.7236      -0.3667   1.000000   0.864228   0.486939   0.126490   0.727473  -0.186724   0.076989   0.979391   0.650268  -0.467165   0.870036  -0.157460   696.23        4.634     14         8.6843e+10   -1.40053e+11     0.11038         0.18381        1.29975      0.019893
       877        877    39.73293824    22.10324474    26.15728288   -43.79   166.25    67.87  3.66236e+08      16.38    15.03       3.53    15.56   0.046702      -0.5476       0.8336     -0.07213   1.000000   0.940702   0.336915   0.039606   0.949767   0.163012  -0.551331   0.818206   0.916061  -0.297502   0.763232   0.573559   267.28        16.37     14        4.43521e+10   -7.16639e+10     0.09386         0.81213        2.25629      0.048044
       871        871    39.66169905    22.12851647    26.34874925   -21.26   164.72   -77.93  3.63731e+08      16.37    18.21       2.21    17.38   0.023479       0.9967     -0.05805       0.0565   1.000000   0.754868  -0.125586   0.643741   0.901278  -0.132182   0.932228   0.336865   0.872233  -0.642419  -0.339380   0.687109   266.09        16.36     14        5.49081e+10   -9.59847e+10     0.06023         1.00835        1.36122      0.029813
       809        809    39.72483442    22.06165285    26.12595468   -31.90   196.87    64.80  3.37839e+08      15.94    14.34       1.94    17.15   0.028116      -0.1536      -0.8544      -0.4965   1.000000   0.901250   0.210340   0.378820   0.906727  -0.230100  -0.508476   0.829763   0.881040  -0.367154   0.834991   0.409865   267.87        15.93     14        4.97024e+10    -5.5573e+10     0.18270         1.12126        1.24787      0.014337
       807        807    39.55135708    22.03691218    25.98007309   193.79   107.20    86.97  3.37004e+08      15.91    19.96       1.47    18.42   0.021336      -0.1551       0.5623       0.8122   1.000000   0.007407   0.665736   0.746151   0.987740  -0.761065   0.487758  -0.427636   0.819638   0.648634   0.564702  -0.510280   268.35        15.91     14        5.71856e+10   -1.03405e+11     0.10629         0.17408        1.26207      0.030582
       793        793    39.98085042    22.19362149    26.39613239    91.79   141.44   -61.12  3.31158e+08       8.30    17.65       5.16    23.14   0.052223       -0.723       0.6821      -0.1093   1.000000   0.742257   0.563270  -0.363016   0.775137   0.438500   0.001374   0.898730   0.686563  -0.506727   0.826271   0.245974  1859.22        1.204     14        8.86778e+10   -9.26445e+10     0.18994         0.66895        1.78634      0.016116
       784        784    39.43955262    22.17990898    26.30295180   206.39    73.55   -54.57  3.27399e+08      15.25    22.29       1.92    20.42   0.007989      -0.1057       -0.855       0.5077   1.000000   0.865105  -0.174585  -0.470228   0.813787   0.349563   0.882163   0.315585   0.768459   0.359721  -0.437388   0.824192   296.44        13.87     14        6.82326e+10    -1.3367e+11     0.14482         0.16122        1.67346      0.013728
       780        780    39.60795967    22.08759816    26.09437364    81.34   168.62   190.89  3.25729e+08      14.18    20.40       2.26    18.66   0.014896        0.106      -0.7458       0.6577   1.000000  -0.427807   0.499185   0.753523   0.886483  -0.568046   0.499973  -0.653720   0.816838   0.703068   0.707701  -0.069668   366.72        10.43     14        5.67017e+10   -1.07881e+11     0.07705         0.32798        1.44692      0.021942
       770        770    39.97929409    22.05870456    26.11217350    53.12   165.85    57.16  3.21553e+08      15.64    15.24       3.90    13.99   0.039313      -0.9308       0.2863      -0.2271   1.000000  -0.656407   0.712694   0.247380   0.859205   0.746797   0.660317   0.079225   0.818472   0.106886  -0.236747   0.965674   269.51        15.64     14        3.14711e+10   -6.11362e+10     0.17986         0.67949        1.96975      0.046911
       768        768    39.63144280    22.01220213    25.98723763    76.40   147.17   -50.90  3.20718e+08      15.83    19.30       1.69    17.59   0.017595     -0.01393     -0.03365       0.9993   1.000000   0.549981  -0.492772  -0.674313   0.870135   0.376075  -0.574782   0.726770   0.853715   0.745714   0.653301   0.130800   259.64        15.79     14        4.96153e+10   -9.76933e+10     0.10928         0.41576        1.06039      0.026954
       737        737    39.31949646    22.07180013    26.01946186   151.87    91.61   -12.48  3.07772e+08      15.60    19.58       1.47    17.22   0.029559       0.5819       0.7643        0.278   1.000000   0.988989  -0.055973   0.136999   0.843083  -0.143718  -0.142385   0.979322   0.776721   0.035309   0.988227   0.148861   260.12        15.57     14         4.5628e+10   -8.99317e+10     0.10672         0.11720        1.25593      0.044973
       706        706    39.59220536    22.15638395    26.23060485   156.88    86.14    28.73  2.94826e+08       9.58    19.52       1.72    19.39   0.022205      -0.1157      -0.9241       0.3643   1.000000   0.850786  -0.205508   0.483663   0.647115  -0.463633   0.139758   0.874935   0.467351   0.247402   0.968625  -0.023624  1074.84        2.404     14        5.54236e+10   -8.68397e+10     0.13911         0.41780        1.50196      0.023277
       699        699    39.68453214    22.03593943    26.12657999   177.72   115.65  -126.37  2.91903e+08      15.55    17.73       1.84    15.82   0.022616       0.2155       0.9748      0.05711   1.000000  -0.665920   0.744589  -0.046246   0.869010  -0.150603  -0.073460   0.985861   0.837413   0.730664   0.663469   0.161056   249.25        15.47     14        3.65357e+10   -7.20314e+10     0.15987         0.67855        1.59486      0.032417
       684        684    39.36791194    22.28800533    26.24731748   182.18    60.62     7.46  2.85639e+08      15.07    21.03       1.70    18.56   0.009956      -0.6937     -0.05595        0.718   1.000000   0.762556  -0.589069  -0.267405   0.879864   0.249144  -0.114052   0.961727   0.793197   0.597022   0.799994  -0.059792   268.10        15.06     14        4.91894e+10   -9.66915e+10     0.11147         0.51296        1.07429      0.016607
       647        647    39.89390320    21.82137138    26.09988939    61.96   173.83    60.38  2.70188e+08      14.77    13.40       2.61    12.80   0.001989      -0.4714       0.3119       0.8249   1.000000   0.489829  -0.421881   0.762944   0.963918  -0.241918   0.774978   0.583853   0.919904   0.837582   0.470558  -0.277546   268.99        14.77     13        2.21317e+10   -4.16083e+10     0.10170         0.27084        1.57841      0.002224
       640        640    39.61143212    21.98045068    26.05853219   105.77   105.35   -50.96  2.67265e+08      15.23    18.45       1.90    16.18   0.014970      -0.7109      -0.6955        0.104   1.000000  -0.469583   0.876493   0.106077   0.811435   0.100621  -0.066235   0.992718   0.694083   0.877136   0.476837  -0.057091   242.72        15.13     13        3.50033e+10   -7.01538e+10     0.28182         0.41362        1.66007      0.023084
       640        640    39.08886792    22.51313389    25.90093509   159.18    -3.93    49.95  2.67265e+08      14.80    16.16       2.27    14.71   0.038631      -0.9956     -0.04327      0.08279   1.000000   0.058252   0.995280   0.077613   0.947170   0.410965  -0.094759   0.906713   0.802842   0.909788  -0.020921  -0.414545   264.78        14.78     13        2.89111e+10    -5.6607e+10     0.09781         0.51324        1.31778      0.052115
       616        616    39.04439071    22.49602458    25.96501197   199.12    96.38    91.62  2.57242e+08      14.54    15.23       2.07    13.90   0.019033      -0.1556      -0.8724      -0.4633   1.000000   0.849847  -0.064373   0.523083   0.884966  -0.191573   0.886889   0.420391   0.757060  -0.490978  -0.457476   0.741388   268.57        14.54     13        2.48684e+10   -4.68802e+10     0.08690         0.54175        1.29135      0.023575
       614        614    39.94498965    21.84291848    25.95263257    93.87   172.47    60.11  2.56407e+08      14.62    11.75       5.53    12.13   0.055762      0.07118       0.7839       0.6168   1.000000   0.998393  -0.056589  -0.002929   0.843756   0.056428   0.988173   0.142582   0.835600  -0.005174  -0.142518   0.989779   263.52        14.59     13        1.88669e+10   -3.18892e+10     0.13408         0.44137        2.48917      0.053440
       553        553    39.49748127    22.23104647    25.70814109   167.68   131.57   111.44  2.30933e+08      14.09    13.94       2.76    13.01   0.039332     -0.02715       0.1587       0.9869   1.000000   0.232782   0.919041   0.318084   0.886651   0.921380  -0.313082   0.230300   0.798707  -0.311241  -0.239466   0.919666   265.03        14.07     13        1.95538e+10   -3.66241e+10     0.13836         0.47852        1.71756      0.047044
       530        530    39.50151591    22.18334733    26.22358854   105.26    79.05   292.04  2.21329e+08       7.39    18.94       1.79    20.43   0.038568       0.1387       0.9886     -0.05851   1.000000   0.686803  -0.416155   0.595916   0.848937  -0.621548   0.088761   0.778331   0.748910   0.376800   0.904951   0.197699  1757.94        1.134     13        4.62016e+10    -6.6751e+10     0.17985         0.19621        1.17784      0.038255
       516        516    39.42597398    22.12522675    26.14259256    15.54   -42.48   135.64  2.15482e+08      10.24    15.38       2.08    15.80   0.014720      0.07587      -0.8642      -0.4974   1.000000   0.747178   0.073948   0.660497   0.875208  -0.504942  -0.583029   0.636483   0.678681  -0.432155   0.809079   0.398287   644.40        4.284     13        2.68806e+10   -4.25624e+10     0.06753         0.10179        1.40872      0.015417
       494        494    39.61127309    22.06275172    26.13659556    48.40   180.17    32.38  2.06295e+08      11.02    17.99       1.93    16.40   0.026035      -0.3517      -0.3514       0.8677   1.000000   0.696190  -0.672428  -0.251318   0.798755   0.184452  -0.170777   0.967891   0.713269   0.693756   0.720192  -0.005138   494.70        6.007     13        2.77587e+10   -5.35384e+10     0.17956         0.24506        1.26117      0.037887
       486        486    39.50159239    22.14077960    26.33544316   233.18   113.98   -88.57  2.02954e+08      11.76    18.15       1.23    16.27   0.009840      -0.9505      -0.2605       0.1693   1.000000  -0.443728  -0.036383   0.895422   0.897233   0.589140  -0.764760   0.260876   0.750139   0.675292   0.643287   0.360781   400.72        7.912     13        2.68764e+10   -5.36298e+10     0.16042         0.36082        1.06399      0.015315
       466        466    39.62715292    22.15485169    26.27639532   -53.87   101.42   -95.89  1.94602e+08       9.09    16.46       2.09    15.70   0.027184      -0.6763       0.5564      -0.4828   1.000000  -0.006440  -0.065591   0.997826   0.950324  -0.412150   0.909324   0.057114   0.863242   0.911093   0.410886   0.032889   831.01         2.95     13        2.39766e+10   -4.41183e+10     0.10922         0.39985        1.36213      0.033669
       460        460    39.48660245    22.12866724    26.27227737   213.75    23.94   104.62  1.92097e+08      10.98    20.41       1.36    18.28   0.012662      -0.6169       0.5404       0.5721   1.000000   0.859976   0.277831  -0.428079   0.783246  -0.485051   0.705740  -0.516388   0.713520   0.158644   0.651721   0.741681   465.48        6.362     13        3.21008e+10   -6.28951e+10     0.03974         0.06230        0.81873      0.021590
       456        456    39.60938207    22.10302238    26.08960044   153.32   115.45   208.79  1.90426e+08       8.64    16.58       1.84    15.76   0.016868       0.7941        0.243       0.5572   1.000000   0.964386   0.261846   0.037374   0.983476  -0.167807   0.496478   0.851675   0.889147  -0.204453   0.827615  -0.522736   946.44        2.463     12        2.36377e+10   -4.30677e+10     0.18224         0.25348        1.25619      0.020446
       455        455    39.51112666    22.13108573    26.34100093   163.52    92.06   -67.11  1.90009e+08       8.49    18.46       1.98    16.45   0.012856      -0.8562       -0.516      0.02642   1.000000   0.168331  -0.527902   0.832456   0.831822   0.955710  -0.119426  -0.268989   0.713983   0.241417   0.840866   0.484419   996.62        2.297     12        2.57136e+10   -5.45998e+10     0.06634         0.25468        1.16672      0.018871
       436        436    39.49947641    21.97532064    26.03475757   172.55    49.14   -14.37  1.82074e+08      12.98    13.52       2.24    12.81   0.032197        0.489       0.5147       0.7043   1.000000   0.298255  -0.704261  -0.644252   0.913470   0.947109   0.302121   0.108199   0.805723   0.118442  -0.642448   0.757121   266.99        12.97     12        1.49356e+10    -2.6143e+10     0.32956         0.15029        1.09126      0.037992
       424        424    39.94628740    22.21161784    26.43029928    60.87   169.17    -1.88  1.77063e+08      12.94    11.98       2.76    13.21   0.038203       0.3399       0.4909      -0.8022   1.000000   0.859719  -0.443703  -0.253003   0.776254   0.355132   0.163256   0.920450   0.610919   0.367102   0.881178  -0.297928   262.36        12.91     12        1.54444e+10   -2.12674e+10     0.24230         0.70595        2.39356      0.033356
       424        424    39.51373171    22.19489566    26.23292320   -37.88   134.74    70.53  1.77063e+08       6.53    23.51       0.89    21.59   0.027644      -0.2964      -0.7276       0.6187   1.000000   0.037624   0.604943   0.795379   0.790669   0.933876   0.261961  -0.243416   0.767667  -0.355611   0.751944  -0.555086  2042.54       0.8618     12        4.12645e+10   -7.89556e+10     0.09404         0.05911        0.76536      0.043618
       423        423    39.97002348    22.19699432    26.37740791    95.34   129.46   -66.35  1.76645e+08      13.64    11.44       3.30    12.87   0.023994     -0.03586     -0.09211      -0.9951   1.000000  -0.404064   0.604173  -0.686809   0.854583  -0.411422   0.550564   0.726369   0.768270   0.816985   0.576068   0.026107   223.22        13.47     12        1.46216e+10   -2.09338e+10     0.12098         0.24802        1.97245      0.022451
       420        420    39.47454351    22.02896209    26.11927068   138.99   -28.32   -29.92  1.75392e+08      12.82    14.12       1.85    14.10   0.017843        0.625       0.6522       -0.429   1.000000   0.575248   0.777366   0.254543   0.740290   0.795688  -0.459636  -0.394481   0.619703   0.189659  -0.429461   0.882945   266.90        12.82     12        1.74398e+10   -2.66624e+10     0.14603         0.23912        1.59376      0.019705
       397        397    39.58201408    22.05576742    26.27095054   149.25   -16.33   -23.09  1.65788e+08      12.66    15.49       2.37    14.50   0.016823       0.4919       0.3828       -0.782   1.000000   0.285390  -0.471451   0.834438   0.874124   0.006929   0.871639   0.490099   0.775376   0.958386   0.134088  -0.252024   262.48        12.64     12        1.74233e+10   -3.14529e+10     0.19443         0.50555        1.45501      0.024083
       392        392    39.51223384    21.94020379    26.01170448    90.06   129.26    50.21    1.637e+08      12.50    13.32       1.78    13.26   0.034759      -0.3768     -0.06753       0.9238   1.000000  -0.352385   0.809747   0.469185   0.845248   0.291970  -0.381197   0.877179   0.774124   0.889145   0.446092  -0.102094   269.27        12.49     12         1.4395e+10   -2.33812e+10     0.15073         0.33788        1.53342      0.040075
       389        389    39.61592280    21.94993526    26.25484373    93.49   146.84   -85.32  1.62447e+08      12.47    16.25       1.62    14.16   0.013385      -0.7141       0.6834      -0.1519   1.000000  -0.569560   0.674751  -0.469374   0.940203  -0.429764   0.242305   0.869823   0.837997   0.700645   0.697136   0.151977   268.74        12.47     12        1.62896e+10    -3.2708e+10     0.19210         0.16454        1.38513      0.021000
       385        385    39.40558125    21.99691980    26.11660619   100.55    55.59    21.49  1.60776e+08      12.44    19.84       1.02    17.85   0.011277       0.5417      -0.5213      -0.6593   1.000000   0.581758   0.388523   0.714568   0.971161  -0.257615   0.921322  -0.291204   0.790658   0.771487   0.014673  -0.636076   267.76        12.44     12        2.56237e+10   -4.99389e+10     0.09170         0.17355        0.60340      0.021731
       379        379    39.78395668    22.10965785    26.16245680   -28.05   165.21    64.69  1.58271e+08      12.36    11.94       3.34    11.05   0.010158      -0.7986       0.5955      0.08745   1.000000   0.974830   0.218084  -0.046314   0.909545  -0.099294   0.610683   0.785625   0.773017  -0.199615   0.761252  -0.616967   269.12        12.36     12        9.66899e+09   -1.89887e+10     0.19721         0.35223        2.07455      0.012269
       378        378    39.58139906    22.06630641    25.95356317   163.76    91.41   113.95  1.57853e+08      13.01    15.55       1.39    14.10   0.006450       0.8736    -0.003507       0.4865   1.000000   0.472778   0.248820   0.845322   0.901106   0.878974  -0.201034  -0.432424   0.779843   0.062343   0.947456  -0.313751   229.92        12.91     12        1.56803e+10   -2.95399e+10     0.07126         0.20442        1.17715      0.009773
       376        376    39.44142808    22.05748717    26.26758756   282.91   159.30    49.49  1.57018e+08       9.37    15.03       2.23    13.95   0.017840      -0.5365      0.02468      -0.8436   1.000000   0.332510   0.920205  -0.206544   0.904489   0.723612  -0.389385  -0.569882   0.856379   0.604833  -0.040034   0.795345   612.63        4.124     12        1.52688e+10   -2.82939e+10     0.06217         0.26922        1.46807      0.022355
       369        369    39.57848804    22.29647049    26.22128834   -24.09   119.91   169.54  1.54095e+08      10.56    11.99       2.24    12.50   0.032043       0.9935     -0.04272      -0.1053   1.000000   0.139361   0.988061   0.065673   0.898491  -0.492133   0.011557   0.870443   0.742974   0.859293  -0.153626   0.487868   419.53         6.79     12        1.20331e+10   -1.92414e+10     0.12527         0.45538        1.42259      0.032319
       353        353    39.46270321    22.13738596    26.16041549    -6.83    71.29   213.23  1.47413e+08       6.61    14.33       2.90    16.36   0.033952      -0.4129       0.8887      -0.1995   1.000000   0.651247   0.259115   0.713258   0.883968   0.590803   0.416761  -0.690841   0.792868  -0.476266   0.871303   0.118328  1637.28        1.089     12        1.97379e+10   -2.64154e+10     0.17657         0.56562        1.93967      0.027256
       349        349    39.23151309    21.93679663    25.93656319   216.02   189.47    34.02  1.45743e+08      12.29    12.51       2.44    12.43   0.021853        0.932      -0.2435      -0.2685   1.000000   0.739895   0.649890   0.173777   0.906384  -0.449763   0.285785   0.846192   0.708900  -0.500268   0.704252  -0.503747   252.23        12.22     12        1.12616e+10   -1.82684e+10     0.38417         0.49682        0.84365      0.024778
       342        342    39.60763300    22.32026730    26.18419172    69.46   137.71    71.81   1.4282e+08      11.96    15.09       1.86    13.05   0.035406      -0.9472       -0.223      -0.2305   1.000000   0.896596   0.441453  -0.035154   0.856810  -0.428488   0.884833   0.182946   0.694935   0.111867  -0.148966   0.982494   268.07        11.95     12        1.21646e+10   -2.47719e+10     0.06735         0.30128        1.56753      0.054214
       341        341    39.69943139    22.22518033    25.89499628   165.62   104.17   157.89  1.42402e+08       7.84    11.68       3.66    13.28   0.057145       0.5811       0.3243       0.7464   1.000000   0.689051  -0.380795  -0.616607   0.837009   0.133177  -0.769807   0.624229   0.696062   0.712371   0.512243   0.479723   947.22        2.233     12        1.25523e+10   -1.74787e+10     0.05593         0.75222        0.71051      0.044428
       340        340    39.30098839    22.26623999    26.16472906   113.32   109.43    32.65  1.41984e+08      11.92    17.75       1.53    16.03   0.017278      -0.3741      -0.9265     -0.04057   1.000000   0.957653   0.002705   0.287914   0.869113   0.168411   0.805799  -0.567737   0.720401  -0.233536   0.592183   0.771220   269.09        11.92     12        1.82429e+10   -3.55203e+10     0.13135         0.25478        0.92666      0.031103
       339        339    39.47467580    22.03480934    25.78898186   200.22   196.08    74.62  1.41567e+08      12.00     9.90       5.80    10.35   0.084079        0.705      -0.2714       0.6553   1.000000  -0.568884   0.090238   0.817452   0.793266   0.510790   0.817780   0.265197   0.694834  -0.644565   0.568413  -0.511314   262.85        11.97     12        7.57806e+09   -1.15001e+10     0.45640         0.64943        4.06548      0.072574
       334        334    39.63547397    22.07166091    26.27176915    69.09   205.36   159.96  1.39479e+08      10.37    13.74       1.76    12.91   0.020725      -0.6848       -0.725      -0.0732   1.000000  -0.582892   0.807522   0.090246   0.916768   0.326624   0.131162   0.936009   0.805434   0.744011   0.575069  -0.340210   401.92        6.954     12        1.16156e+10   -2.20124e+10     0.09646         0.31588        1.04758      0.027473
       328        328    39.61134356    22.15665303    26.41831776   214.18   189.04   -25.37  1.36973e+08      11.77    10.45       4.16    10.60   0.030882       0.3178      -0.7043       0.6348   1.000000   0.121904   0.335511   0.934116   0.927620  -0.589133   0.781875  -0.203947   0.841919   0.798788   0.525457  -0.292974   269.65        11.77     12        7.69527e+09   -1.33589e+10     0.13105         0.24980        0.37725      0.032785
       324        324    39.21811735    22.53614842    26.01327678   132.29    -5.22   -23.47  1.35303e+08      11.77    11.35       2.01    10.92   0.048461      -0.8388      -0.5185       0.1663   1.000000  -0.188244   0.890396   0.414437   0.718904   0.739563  -0.149146   0.656355   0.653445   0.646228   0.430057  -0.630428   266.35        11.76     12        8.06314e+09   -1.37724e+10     0.10645         0.47381        0.97571      0.052293
       296        296    40.07083137    21.85774968    26.18804196    57.81   148.92    14.39   1.2361e+08      11.51    11.53       2.34    10.34   0.019515       0.6365      -0.6969      -0.3304   1.000000   0.868840   0.025414  -0.494441   0.908380   0.468883  -0.362872   0.805278   0.879291   0.158953   0.931492   0.327194   260.20        11.49     11        6.61369e+09   -1.29992e+10     0.12275         0.34769        1.95557      0.024106
       292        292    39.91366718    22.22104715    26.40593588    83.71   144.05   -77.45   1.2194e+08      11.43    11.55       2.14    10.34   0.015402      -0.3619      -0.0416       0.9313   1.000000   0.972068  -0.093651   0.215206   0.892792  -0.234688  -0.378705   0.895268   0.829308   0.002343   0.920767   0.390106   262.26        11.41     11        6.52346e+09   -1.30783e+10     0.24539         0.38321        1.83390      0.019470
       283        283    39.18359877    22.48230637    26.10381987   222.03    59.86    31.43  1.18181e+08      11.88    13.42       1.78    12.69   0.021303      -0.7156       0.6982     -0.02104   1.000000   0.682383  -0.327206  -0.653674   0.817957   0.687942   0.589810   0.422918   0.767415   0.247163  -0.738282   0.627575   226.45        11.78     11        9.50851e+09   -1.71828e+10     0.13753         0.17849        1.02243      0.030650
       283        283    39.93398857    21.88715944    26.05948159    83.24   174.24    69.59  1.18181e+08      11.21     8.10       8.43     8.91   0.085264      0.07663       0.7479       0.6593   1.000000   0.916914  -0.398877   0.012909   0.698343  -0.146892  -0.307237   0.940228   0.595699   0.371069   0.864004   0.340302   269.05        11.21     11        4.69196e+09    -7.4177e+09     0.25545         2.18846        0.87503      0.071040
       281        281    39.75355214    22.04751312    26.24128531   -12.23   182.12    39.90  1.17346e+08      11.51    10.66       2.48    10.19   0.020924       0.6947       -0.119       0.7094   1.000000  -0.237099   0.353847   0.904752   0.914890   0.705872  -0.577126   0.410694   0.792221   0.667479   0.736015  -0.112935   246.69        11.44     11        6.08689e+09   -1.16077e+10     0.20413         0.30958        0.74187      0.025321
       276        276    39.56333716    22.17449018    26.20590027     7.91   327.35    79.20  1.15258e+08       4.88    17.63       1.25    17.27   0.038519      -0.3814      -0.2589       0.8874   1.000000   0.785390  -0.585501   0.200875   0.693937   0.121865   0.464419   0.877191   0.597131   0.606886   0.664458  -0.436102  3185.10       0.4131     11        1.71869e+10   -2.89965e+10     0.13859         0.04153        1.10211      0.045182
       268        268    39.07260986    22.48847869    25.98700441   191.02    24.91    77.21  1.11917e+08      11.36    13.76       1.53    12.19   0.019767      -0.7372      -0.4088       -0.538   1.000000   0.017194  -0.499143   0.866349   0.835347  -0.296229   0.825032   0.481218   0.740795   0.954962   0.264912   0.133676   245.23         11.3     11        8.32171e+09   -1.66318e+10     0.23091         0.22634        1.30883      0.030561
       267        267    39.55941325    22.22207317    26.22568284   156.79    57.80   123.50    1.115e+08       6.17    19.91       0.90    17.78   0.012203       0.9037      -0.4017       0.1486   1.000000  -0.054111   0.992901   0.105924   0.875570   0.432036  -0.072356   0.898949   0.767257   0.900231   0.094406  -0.425054  1522.82        1.093     11        1.76268e+10   -3.59637e+10     0.11219         0.14041        0.77330      0.020736
