#  npart(1)  nvpart(2)      Xc(3)          Yc(4)          Zc(5)      VXc(6)   VYc(7)   VZc(8)    Mvir(9)      Rvir(10) Vmax(11)   Rmax(12) sigV(13) lambda(14)      Lx(15)       Ly(16)       Lz(17)     a(18)     Eax(19)    Eay(20)    Eaz(21)     b(22)     Ebx(23)    Eby(24)    Ebz(25)     c(26)     Ecx(27)    Ecy(28)    Ecz(29) ovdens(30)    Redge(31) nbins(32)     Ekin(33)       Epot(34)   mbp_offset(35)  com_offset(36)   r2(37)      lambdaE(38)
   1480188    1480188    39.26004650    21.91770720    26.15095092   113.48    96.95    15.21  6.18128e+11     200.35   184.87      54.99   190.39   0.024826       -0.147       0.7011       0.6977   1.000000   0.353042   0.116386   0.928340   0.930293   0.725883  -0.660100  -0.193292   0.765332   0.590301   0.742106  -0.317526   246.69        200.4     34        1.12026e+16   -1.88043e+16     0.01367         2.28732       20.97631      0.025214
     70232      70232    38.71736616    22.30023064    25.88859479   150.16    73.45    88.34   2.9329e+10      72.53    53.56      57.65    63.15   0.084758      -0.8134       0.1545       0.5609   1.000000   0.784643   0.035685   0.618919   0.598963  -0.443818   0.729383   0.520602   0.561472  -0.432852  -0.683174   0.588143   246.69        72.53     26        5.84816e+13   -7.43348e+13     0.11483        21.21260       65.09036      0.049851
     61269      61269    38.87034243    22.30877021    25.84706475   124.80    24.29    23.45   2.5586e+10      69.31    64.95      17.82    65.46   0.044110      -0.7247       0.4783      -0.4961   1.000000  -0.067260   0.955650   0.286721   0.991945   0.843299   0.208031  -0.495551   0.875039   0.533220  -0.208461   0.819890   246.67        69.31     26        5.48185e+13   -9.63157e+13     0.13002         1.50731        5.16575      0.047033
     53889      53889    39.27227464    21.94481092    25.86226510   148.13   138.85   167.05  2.25041e+10      66.40    71.62       8.95    72.75   0.051869      -0.6977      -0.1957       0.6891   1.000000  -0.542301   0.712663  -0.444995   0.917734   0.131051   0.594906   0.793040   0.742585   0.829901   0.371750  -0.416013   246.68         66.4     25        5.95483e+13   -9.45269e+13     0.11553         1.49273        3.75324      0.056508
     21698      21698    38.75809857    22.31235101    25.92446625   146.54    86.55    79.28  9.06111e+09      42.18    48.74       5.52    59.98   0.124245      -0.9803       0.1566       0.1201   1.000000   0.145697   0.935832   0.320921   0.559302   0.873534  -0.273971   0.402340   0.515080  -0.464446  -0.221716   0.857398   387.57        26.85     23        1.62972e+13   -1.97746e+13     0.07658         6.12231        2.94775      0.084476
      6426       6426    38.74527997    22.22362358    25.78106245   180.11    79.73    95.35  2.68351e+09      32.69    30.94       7.32    32.25   0.019879      -0.3062      -0.9021       0.3042   1.000000  -0.603752   0.201176   0.771370   0.917961   0.142907   0.979272  -0.143543   0.897405   0.784258  -0.023570   0.619987   246.58        32.69     20        1.39592e+12   -2.24953e+12     0.06437         1.03263        5.07087      0.019906
      5756       5756    39.27201308    22.04334313    26.28790333    86.86    92.37   -68.98  2.40371e+09      31.53    38.15       4.50    36.67   0.008903      -0.1838      -0.2789      -0.9426   1.000000   0.210221   0.451434   0.867188   0.925752  -0.027896   0.889417  -0.456244   0.782930   0.977256  -0.071721  -0.199567   246.18        31.52     19        1.61604e+12   -2.90979e+12     0.11662         0.40412        2.99425      0.012034
      5020       5020    38.75461791    22.28751755    25.91723245   151.33    79.97   126.90  2.09636e+09      16.32    35.45       5.16    40.85   0.021344      -0.9407   -0.0001147       0.3392   1.000000   0.606919   0.071762   0.791518   0.953803  -0.363077   0.910952   0.195808   0.840836   0.706983   0.406221  -0.578929  1548.20          2.6     19        1.74896e+12   -2.32119e+12     0.10796         0.33065        2.31939      0.015827
      4582       4582    39.32725997    22.10694644    26.27008051   201.00   125.03   -32.30  1.91345e+09      29.21    31.00       5.04    30.76   0.034773        0.748       0.4156       0.5174   1.000000   0.152237   0.973765   0.169132   0.892765  -0.422561  -0.090570   0.901798   0.744305   0.893458  -0.208756   0.397687   246.53         29.2     19        9.05426e+11   -1.50526e+12     0.22600         0.34389        2.11169      0.038694
      4396       4396    38.61911124    22.35666615    25.84054036   146.43    33.54   114.83  1.83577e+09      28.81    31.39       4.43    29.97   0.014815      -0.9373      0.01708       0.3482   1.000000   0.678420   0.164588   0.716001   0.991222   0.527803  -0.787120  -0.319164   0.869131   0.511048   0.594434  -0.620868   246.37        28.81     19        8.24625e+11   -1.43836e+12     0.14317         0.52862        2.29086      0.017263
      3927       3927    38.71106634    22.29274826    25.97716110   172.71    53.54    38.15  1.63992e+09      27.74    27.70       4.96    28.17   0.020111      -0.6899       0.5545       0.4653   1.000000  -0.177384   0.435592   0.882493   0.931983   0.328743   0.871431  -0.364054   0.888703   0.927611  -0.225537   0.297776   246.62        27.74     18        6.50768e+11   -1.10719e+12     0.11570         0.66424        3.25766      0.022197
      3925       3925    39.16657550    22.02490078    26.17219367   224.38   -12.39     7.46  1.63908e+09      27.83    33.67       4.57    32.41   0.027697      -0.5588       0.7544      -0.3444   1.000000  -0.679307   0.726606   0.102887   0.848645   0.279319   0.126355   0.951848   0.787590   0.678619   0.675335  -0.288789   244.19        27.81     18        8.60772e+11   -1.50938e+12     0.08632         0.33685        2.94221      0.036517
      3778       3778    39.16408796    21.89660385    26.04512737    26.29    79.99   -89.70   1.5777e+09      27.38    25.38       3.41    30.04   0.004786       0.9065       -0.379      -0.1862   1.000000   0.527128   0.559791   0.639351   0.833938   0.671777  -0.735276   0.089916   0.708606  -0.520433  -0.382104   0.763640   246.59        27.38     18        7.11802e+11   -8.57808e+11     0.06492         1.45956        2.20441      0.003086
      3742       3742    39.84867218    21.43870426    26.01140367    98.05   171.72    29.70  1.56266e+09      27.30    26.55       5.11    26.16   0.031347      -0.8206       0.5701      0.04033   1.000000  -0.299520   0.703252  -0.644767   0.952307   0.275415   0.710754   0.647283   0.823474   0.913474   0.016296  -0.406571   246.57         27.3     18        5.34802e+11   -9.38693e+11     0.08373         0.66546        2.56669      0.033883
      3261       3261    39.70100593    21.82735988    26.50993590   143.02   173.74   -45.16   1.3618e+09      26.07    20.57      12.11    25.52   0.041276      -0.7563      -0.2724      -0.5948   1.000000   0.696144   0.695195  -0.179129   0.879354   0.534329  -0.335106   0.776013   0.765077  -0.479454   0.635930   0.604745   246.65        26.07     18        4.43344e+11   -5.49802e+11     0.12338         2.71393        4.99018      0.025687
      3159       3159    39.25154757    21.98063223    26.24956543   109.58   101.84    10.92   1.3192e+09      16.20    37.24       3.63    35.84   0.019044       -0.332       0.3481       0.8767   1.000000  -0.105535   0.620705   0.776909   0.754218  -0.011953   0.780424  -0.625136   0.724407   0.994344   0.075260   0.074943   995.30        4.016     18        8.47245e+11   -1.49048e+12     0.12774         0.22655        2.51598      0.023708
      3125       3125    39.26590049    21.86145168    25.96448137   236.76    73.48    62.38    1.305e+09      25.71    30.00       4.48    29.03   0.017333      -0.4516     0.009039      -0.8922   1.000000   0.450945   0.193832   0.871251   0.881102   0.818449  -0.479219  -0.317001   0.810981   0.356075   0.856025  -0.374743   246.58         25.7     18        5.49759e+11   -9.93023e+11     0.11029         0.64405        2.92456      0.022807
      2919       2919    39.24825462    21.95686314    26.24827077   103.48    71.50    62.17  1.21898e+09      16.45    37.13       3.02    35.33   0.011808      -0.4634       0.8701       -0.168   1.000000  -0.112233   0.572838   0.811948   0.676708   0.141411   0.818002  -0.557562   0.604622   0.983568  -0.052242   0.172812   879.27        4.614     17        7.60776e+11   -1.33822e+12     0.06375         0.17880        2.00058      0.015186
      2740       2740    39.42622632    21.85757956    26.03244640   133.56   107.52   -84.14  1.14423e+09      24.63    29.24       3.35    27.62   0.018344       0.3915       0.7253       0.5663   1.000000   0.781051  -0.015973  -0.624263   0.813352   0.595319  -0.282810   0.752073   0.777046   0.188561   0.959043   0.211380   245.82        24.62     17        4.36563e+11   -7.36216e+11     0.17119         0.25353        2.20549      0.022156
      2629       2629    39.31776729    21.93094638    26.16834447   230.54   220.30  -199.85  1.09787e+09      12.71    31.54       4.94    36.56   0.049648      -0.5147       0.5198       0.6818   1.000000   0.411502  -0.084465   0.907486   0.723044   0.683249   0.687562  -0.245825   0.694677  -0.603189   0.721197   0.340644  1717.57        1.825     17         7.3391e+11   -9.47598e+11     0.06207         0.39442        2.75530      0.037907
      2587       2587    38.71400061    22.32288288    25.99593730   110.92    57.77    41.43  1.08033e+09      24.18    23.99       4.38    23.29   0.021049      -0.7353      -0.6738     -0.07288   1.000000   0.596891   0.659516   0.456903   0.882681  -0.782644   0.353262   0.512518   0.871726   0.176607  -0.663510   0.727025   245.31        24.17     17        2.92875e+11   -5.35864e+11     0.15070         0.58402        2.88827      0.024025
      2534       2534    38.70777531    22.38201996    25.94066384   116.11     4.70   107.65   1.0582e+09      23.98    22.08       5.63    22.10   0.022147        0.703      -0.6969       0.1416   1.000000   0.029340   0.940290   0.339107   0.969094   0.980404   0.039044  -0.193089   0.927420   0.194800  -0.338127   0.920719   246.18        23.98     17        2.58469e+11   -4.54714e+11     0.13253         0.70305        3.68182      0.023098
      2175       2175    38.73629640    22.27381930    25.90924582   192.05    93.18   154.51  9.08283e+08      12.11    29.18       4.48    30.19   0.018929      -0.9926      0.08843     -0.08323   1.000000  -0.300977   0.953599   0.007850   0.902441  -0.650290  -0.211253   0.729723   0.879825   0.697522   0.214525   0.683698  1639.79        1.822     17         4.1404e+11   -6.81532e+11     0.14619         0.47826        1.88988      0.019084
      1992       1992    38.92416712    22.21852123    25.90031151   155.40    24.80   -19.23  8.31862e+08      22.12    23.12       3.39    22.04   0.017642       0.7235      -0.6586      -0.2069   1.000000   0.133513  -0.692747   0.708714   0.905216  -0.948117   0.118911   0.294846   0.803893   0.288528   0.711309   0.640929   246.59        22.12     16        2.02045e+11   -3.76418e+11     0.12313         0.73062        2.93161      0.021190
      1958       1958    38.79052657    22.39784777    25.85124972   153.97   -12.17    22.55  8.17663e+08      22.02    22.52       3.87    21.31   0.012028      -0.1655       -0.697      -0.6977   1.000000   0.988107   0.143172  -0.056087   0.946812  -0.145056   0.988935  -0.031084   0.871646   0.051016   0.038851   0.997942   245.95        22.01     16        1.85714e+11   -3.53337e+11     0.11316         0.13871        1.89829      0.014375
      1795       1795    39.42867802    21.62242550    26.11888535    30.95   166.57    75.49  7.49594e+08      21.45    21.90       5.64    22.39   0.041339      -0.2761     -0.08381      -0.9575   1.000000  -0.673171   0.223593   0.704873   0.962700  -0.175916   0.877408  -0.446328   0.857852   0.718257   0.424454   0.551312   243.64        21.43     16        1.87822e+11   -3.03421e+11     0.17023         0.31064        2.91559      0.044180
      1734       1734    39.17692123    21.92773749    26.15012652    80.89   124.62   192.69   7.2412e+08      15.24    31.07       2.89    30.16   0.015444      -0.3891       0.8381      -0.3824   1.000000   0.918111   0.087156   0.386621   0.864422  -0.388508   0.390685   0.834522   0.681499   0.078313   0.916389  -0.392553   656.53        5.726     16        3.29412e+11   -5.78937e+11     0.11790         0.28565        1.92860      0.021158
      1671       1671    39.52987768    22.03625118    26.27414242    21.44   153.44   -79.88  6.97812e+08      20.87    20.99       4.52    20.40   0.011711     -0.08575       0.9098      -0.4061   1.000000   0.897825   0.383062   0.217193   0.940610   0.036153  -0.555685   0.830607   0.889187  -0.438865   0.737888   0.512757   246.36        20.87     16        1.45238e+11   -2.55734e+11     0.29625         0.42413        4.01432      0.012965
      1452       1452    39.62742927    21.68127444    26.03059475    93.47   179.20    85.26  6.06357e+08      19.93    19.73       4.13    19.39   0.011891      -0.8096       0.4062      -0.4237   1.000000   0.953953  -0.138474   0.266080   0.937472   0.193561   0.961838  -0.193395   0.805715  -0.229146   0.235993   0.944351   245.86        19.92     16        1.14015e+11   -2.05651e+11     0.20941         0.51818        1.27843      0.013481
      1446       1446    39.67500349    21.80038640    26.50545658   142.35   165.92   -41.88  6.03851e+08      18.87    15.72      14.75    19.37   0.033632        0.523      -0.1797       0.8332   1.000000   0.373007   0.015064   0.927706   0.701846   0.772123   0.549389  -0.319372   0.623273  -0.514483   0.835431   0.193295   288.61        16.13     16        1.13308e+11   -1.35054e+11     0.14722         2.06454       13.13515      0.018148
      1362       1362    39.24029643    21.83628411    26.13338113   243.06    64.80   155.78  5.68773e+08      16.55    29.18       2.52    27.24   0.008874      -0.8938       -0.395      -0.2125   1.000000   0.343377   0.880520   0.326769   0.820885   0.634365  -0.474004   0.610657   0.753615   0.692585  -0.002395  -0.721333   402.80        10.13     15        2.11055e+11   -4.05452e+11     0.08113         0.20916        1.59384      0.014235
      1357       1357    39.03624528    22.03503785    26.28094591   111.54    92.16    86.25  5.66685e+08      19.52    25.08       2.40    23.22   0.017657       0.3306      -0.9201         0.21   1.000000  -0.486683  -0.056898   0.871724   0.903186   0.684329  -0.645077   0.339956   0.751222   0.542986   0.761996   0.352885   244.54        19.51     15        1.52704e+11   -2.85278e+11     0.08009         0.13846        1.14785      0.025498
      1237       1237    39.16626095    21.99349444    26.15695780   -17.33    48.64  -166.72  5.16573e+08      15.38    21.19       3.27    22.39   0.018483      -0.7575      -0.6515     -0.04168   1.000000  -0.498255   0.796013   0.343665   0.849079   0.717062   0.601142  -0.352776   0.835451   0.487405  -0.070657   0.870312   455.46        8.332     15        1.29465e+11   -2.02704e+11     0.04818         0.46324        2.07712      0.019319
      1237       1237    39.22303882    21.93740151    26.17166477  -117.20   161.01   211.77  5.16573e+08       8.18    30.37       2.46    38.55   0.012191       0.7492      -0.5106       0.4218   1.000000   0.898439  -0.347971  -0.267813   0.928353   0.379720   0.309425   0.871820   0.907035   0.220500   0.884971  -0.410130  3027.55       0.6666     15        3.83763e+11    -3.9819e+11     0.14679         0.29521        2.20113      0.004125
      1040       1040    39.17426294    22.05760573    26.13028495   224.70    -6.22   110.54  4.34305e+08      17.98    20.62       2.69    19.39   0.014687       0.1952      -0.7423        0.641   1.000000  -0.551835   0.831279  -0.066736   0.921109  -0.012047   0.072070   0.997327   0.852868   0.833866   0.551164  -0.029756   239.71        17.95     15        8.16841e+10   -1.50065e+11     0.10352         0.26553        1.69096      0.019076
      1025       1025    39.11925771    22.00308940    26.16492083     0.39   188.43    62.76  4.28041e+08      17.80    20.89       2.16    20.95   0.029355      -0.6309      -0.6755      -0.3816   1.000000   0.762110  -0.281630  -0.582986   0.883454   0.606888  -0.002948   0.794782   0.780591   0.225554   0.959518  -0.168671   243.74        17.78     15        9.39429e+10   -1.34433e+11     0.07840         0.70390        1.88249      0.029615
      1024       1024    39.16021525    21.92886314    26.14739908   -96.09    28.49   -86.98  4.27624e+08       8.50    21.00       3.25    25.97   0.032803       0.3087       0.5868       0.7486   1.000000   0.769180  -0.301338  -0.563523   0.896076   0.473527  -0.323382   0.819265   0.832785   0.429109   0.897006   0.106048  2235.41       0.9379     15        1.44177e+11   -1.73204e+11     0.18482         0.19832        1.41353      0.019383
      1017       1017    39.28998633    21.88824196    26.23892532   258.70  -118.98   -60.25    4.247e+08      11.01    20.31       3.40    22.32   0.026467     -0.09426       0.3613       0.9277   1.000000  -0.147237  -0.106278   0.983375   0.898681   0.748561   0.637879   0.181018   0.826229  -0.646512   0.762768  -0.014364  1022.40        2.656     15        1.05768e+11   -1.58689e+11     0.12456         0.35265        2.21275      0.024195
       978        978    39.37133209    21.99334275    26.25017414   -57.93   119.41   -83.72  4.08414e+08      17.51    16.09       4.63    16.70   0.059755        0.342     -0.01889       0.9395   1.000000   0.946539  -0.030220   0.321172   0.940744  -0.269121   0.474988   0.837830   0.875145   0.177872   0.879473  -0.441462   244.01        17.49     15        5.69447e+10   -9.43793e+10     0.21214         0.73702        2.40218      0.060265
       957        957    39.00760709    22.45767830    25.74635880   134.01    29.89    -5.79  3.99644e+08      17.35    17.47       3.99    16.57   0.023201      -0.9573       0.1765       -0.229   1.000000   0.382973   0.881557   0.276025   0.950331   0.917258  -0.327516  -0.226651   0.895754   0.109403  -0.339987   0.934045   245.47        17.35     14        5.48371e+10   -1.02157e+11     0.19190         0.36043        3.48115      0.026761
       891        891    39.27521841    21.83017320    25.84878689   171.66    62.58    29.75  3.72083e+08      17.00    20.21       2.89    19.27   0.005738       0.2436      -0.8887      -0.3884   1.000000  -0.252216   0.967667  -0.002929   0.951692   0.002002   0.003549   0.999992   0.877601   0.967669   0.252208  -0.002833   242.89        16.99     14        6.90607e+10   -1.20122e+11     0.12696         0.37251        1.87422      0.007309
       843        843    39.61764041    21.74269821    26.42691786    42.95   159.30   -10.81  3.52038e+08      16.61    18.72       2.28    18.26   0.021543       0.9372       0.3488    -0.004903   1.000000  -0.348895   0.188693   0.917969   0.977217  -0.257884   0.922375  -0.287613   0.952984   0.900982   0.337076   0.273151   246.34        16.61     14        5.86606e+10   -9.83654e+10     0.16398         0.29623        1.50232      0.025285
       813        813    39.11598140    21.89957117    25.96079927   141.27    15.50   -74.53   3.3951e+08      16.45    19.64       1.91    17.92   0.017553      -0.2736       0.1292       0.9531   1.000000   0.906642  -0.002331   0.421895   0.858651  -0.292378   0.717455   0.632276   0.755427   0.304164   0.696600  -0.649794   244.70        16.44     14        5.45275e+10   -1.00763e+11     0.17344         0.27353        1.65315      0.022938
       811        811    39.67957455    21.72215556    26.02338758    63.67   158.79    46.15  3.38675e+08      16.50    14.52       4.18    15.40   0.045737      -0.7604       0.6494     -0.00433   1.000000  -0.485593   0.812201  -0.323309   0.933628   0.870467   0.483318  -0.093226   0.867078  -0.080543   0.326700   0.941690   241.76        16.47     14        4.01859e+10   -6.43892e+10     0.21309         0.35202        2.12398      0.043421
       810        810    39.10464837    22.05603918    26.23368387   196.09   -47.78    92.91  3.38257e+08      16.43    18.45       2.19    17.15   0.006792      -0.4043       0.8503       0.3369   1.000000   0.891340  -0.440209   0.108304   0.877575   0.425158   0.728815  -0.536721   0.773556   0.157336   0.524447   0.836780   244.57        16.42     14        4.97288e+10   -9.44295e+10     0.24319         0.79872        1.44040      0.008755
       809        809    39.77925228    21.64906318    25.98165765   112.38   177.21    51.75  3.37839e+08      16.41    15.63       2.78    15.84   0.027719      -0.9992      0.02791      0.02876   1.000000  -0.064275   0.937760   0.341285   0.895976   0.991013   0.100184  -0.088638   0.805543   0.117313  -0.332521   0.935771   245.22         16.4     14        4.23817e+10   -7.01424e+10     0.17701         0.38815        2.42098      0.028174
       790        790    39.31140700    21.89692589    26.08256155   -44.54   226.07   136.35  3.29905e+08       9.70    21.23       2.44    20.47   0.010235      -0.5435       0.4035       0.7361   1.000000   0.676877  -0.482713  -0.555721   0.945418   0.388521  -0.406946   0.826708   0.849213   0.625211   0.775489   0.087908  1158.52        2.066     14        6.91068e+10    -1.2771e+11     0.19127         0.29154        1.62437      0.011902
       759        759    39.22875493    21.92495131    25.61433870   219.90   132.35    90.08  3.16959e+08      16.12    14.51       3.34    14.75   0.023235       0.4086     -0.04717       0.9115   1.000000   0.879387   0.412643  -0.237495   0.949424   0.359550  -0.248590   0.899403   0.897507  -0.312094   0.876315   0.366973   242.63         16.1     14        3.44638e+10   -5.86783e+10     0.10938         0.77195        2.10689      0.023302
       703        703    39.67869895    21.63975823    26.01624201    51.36   167.35    30.80  2.93574e+08      15.64    13.01       2.31    16.97   0.042247     0.004642      -0.9999     0.009809   1.000000   0.521451   0.393935   0.756904   0.880371   0.667038   0.364984  -0.649497   0.802297  -0.532118   0.843565  -0.072448   246.22        15.64     14        4.22552e+10   -4.56009e+10     0.06287         1.29725        1.44810      0.016747
       695        695    39.45237862    21.76304697    25.99007664    85.24   147.78    -3.65  2.90233e+08      15.60    19.74       1.79    17.83   0.023183      -0.2666      -0.3903      -0.8813   1.000000  -0.476713   0.699654   0.532192   0.930041   0.551949  -0.232960   0.800675   0.819446   0.684176   0.675436  -0.275118   245.51        15.59     14        4.61183e+10   -8.39902e+10     0.12038         0.18727        1.55183      0.031229
       640        640    39.30771998    21.80725847    26.00652612    91.72   -35.19   -62.93  2.67265e+08      15.47    13.91       3.13    17.99   0.038530      -0.9926       0.1207     -0.01181   1.000000  -0.366949   0.425906   0.827014   0.804369   0.898735   0.391731   0.197034   0.737051   0.240049  -0.815568   0.526522   231.61        15.36     13        4.32662e+10   -4.40281e+10     0.40792         0.72165        2.11868      0.007962
       639        639    39.54101266    22.00934625    26.18692193    19.60   136.13   -81.26  2.66847e+08      15.22    15.54       2.70    15.28   0.032451      -0.1376      -0.8963      -0.4217   1.000000   0.830864   0.472255  -0.294348   0.953623  -0.543675   0.576096  -0.610353   0.835276  -0.118669   0.667150   0.735410   243.06         15.2     13        3.11355e+10   -5.23311e+10     0.25384         0.42009        2.35998      0.035134
       629        629    38.72624432    22.49539255    25.81776142   146.13    18.62    22.10  2.62671e+08      15.09    16.34       1.22    15.18   0.042288       -0.994      -0.0992     -0.04699   1.000000  -0.288724   0.827549  -0.481458   0.971973  -0.408222   0.348464   0.843758   0.898692   0.866021   0.440155   0.237214   245.25        15.09     13        3.02735e+10   -5.78311e+10     0.17488         0.80594        0.76874      0.052816
       626        626    39.68406938    21.43012106    25.81466793   120.75   170.29    56.02  2.61418e+08      15.08    11.68      11.90    12.83   0.098234       0.1927       0.7002       0.6875   1.000000   0.788187  -0.504049   0.353123   0.622448   0.037517   0.612062   0.789919   0.559880   0.614291   0.609356  -0.501330   244.81        15.06     13        2.15097e+10   -3.20675e+10     0.64904         1.48889        1.13268      0.076267
       609        609    39.71495955    21.42588218    25.95345414    84.14   157.68    62.22  2.54319e+08      15.00    13.75       2.53    13.63   0.010146       0.8664      0.09881       0.4895   1.000000   0.759218   0.109846  -0.641500   0.863343   0.577239  -0.568946   0.585743   0.765413   0.300638   0.815005   0.495361   241.80        14.97     13        2.36148e+10     -4.111e+10     0.16264         0.88645        1.64279      0.010397
       588        588    38.61240147    22.23835312    25.77419083   161.68   110.28    66.84  2.45549e+08      14.83    14.57       3.19    13.66   0.014865      -0.4384      -0.7978      -0.4139   1.000000   0.882611   0.313870   0.349977   0.931999  -0.460894   0.724383   0.512685   0.776704  -0.092601  -0.613803   0.784009   241.61        14.81     13        2.29031e+10   -4.40739e+10     0.04273         0.26400        1.82539      0.017256
       576        576    39.07488934    21.89692539    26.26809833   104.82    86.12   114.27  2.40538e+08      14.67    18.05       2.19    16.69   0.013462      -0.8594     -0.03767      -0.5099   1.000000   0.832943   0.105173  -0.543272   0.901755   0.467970   0.390062   0.793004   0.844617  -0.295312   0.914762  -0.275682   244.46        14.66     13        3.34859e+10   -6.14593e+10     0.15493         0.28948        1.38128      0.018239
       575        575    39.59349596    21.71137745    26.05991163    54.09   183.93    42.70  2.40121e+08      14.63    14.24       2.91    14.46   0.101569       0.9717      -0.2083       0.1111   1.000000   0.242480   0.936022  -0.255081   0.915998  -0.427116   0.339072   0.838213   0.846278   0.871077  -0.094300   0.482008   246.35        14.62     13        2.50911e+10   -3.98596e+10     0.12206         0.19597        1.81500      0.100004
       572        572    39.38171603    21.87680067    26.12642120   149.89   162.69   -92.86  2.38868e+08      15.36    20.12       1.61    18.95   0.006509      -0.2965      -0.3799       0.8762   1.000000   0.678212  -0.676858   0.286166   0.809708  -0.643638  -0.359209   0.675795   0.694407   0.354624   0.642520   0.679272   211.47        15.23     13        4.28806e+10   -7.83566e+10     0.09730         0.12610        1.00323      0.010234
       518        518    39.08388103    21.89154052    25.48412891   174.45   149.68    76.75  2.16317e+08      14.16    14.17       3.64    13.09   0.044802      -0.1926      0.02133        0.981   1.000000   0.504985   0.858947   0.084855   0.886638   0.559837  -0.400780   0.725230   0.806562   0.656942  -0.318725  -0.683258   244.35        14.15     13        1.85334e+10   -3.50618e+10     0.20998         0.50237        2.44178      0.050977
       517        517    39.11753560    21.84436892    26.23018549   217.88    62.27   -85.92    2.159e+08      14.14    17.05       1.44    15.13   0.016942      -0.9261        -0.22      -0.3065   1.000000  -0.634695   0.594542   0.493642   0.895158  -0.410106  -0.800571   0.436920   0.803726   0.654963   0.074865   0.751944   245.16        14.13     13        2.47049e+10   -4.83141e+10     0.12462         0.39935        1.24066      0.023063
       516        516    39.28012270    21.85744046    26.14430180   161.88    39.15   159.47  2.15482e+08       8.14    18.72       2.29    18.42   0.016057      -0.9843      -0.1672      0.05572   1.000000  -0.172072   0.948044   0.267588   0.743211   0.283869  -0.212396   0.935044   0.660337   0.943297   0.236855  -0.232573  1284.41        1.563     13        3.65693e+10   -6.18575e+10     0.27745         0.31736        2.03008      0.017194
       514        514    39.27992727    21.85997640    25.94962548    67.89   208.79    71.14  2.14647e+08      10.72    17.23       2.46    16.24   0.009521      -0.9321       0.2771      -0.2331   1.000000  -0.316470   0.765031   0.560870   0.913435   0.390835  -0.433587   0.811943   0.787960   0.864347   0.476163  -0.161784   559.91        4.721     13        2.83053e+10    -5.2965e+10     0.19690         0.14236        1.59859      0.011599
       513        513    39.53098326    21.91023313    26.31536607   105.06   105.96    31.34  2.14229e+08      14.21    16.94       2.54    15.68   0.025805      -0.5799       0.3549      -0.7334   1.000000   0.827375  -0.364727   0.427112   0.880379   0.302786   0.930141   0.207745   0.797999  -0.473045  -0.042560   0.880010   239.76        14.18     13        2.63257e+10   -4.72846e+10     0.21038         0.41109        2.22599      0.033437
       511        511    39.14577205    21.91937381    25.87330745   183.45    64.79     0.65  2.13394e+08      14.37    16.10       3.02    14.84   0.015791       0.8618       0.3975      -0.3151   1.000000   0.609788  -0.128115   0.782141   0.852019   0.792563   0.100419  -0.601465   0.786111  -0.001485   0.986662   0.162774   231.02        14.29     13         2.3484e+10    -4.5197e+10     0.23152         0.06693        2.06618      0.021025
       506        506    39.49783048    21.97166567    26.23809415    19.86   151.65   -15.13  2.11306e+08      14.18    15.81       3.05    15.02   0.039282       0.6614       0.4551      -0.5962   1.000000   0.902423  -0.428700   0.043012   0.878788   0.258824   0.619209   0.741343   0.802692   0.344447   0.657872  -0.669746   238.01        14.14     13        2.38378e+10   -4.47042e+10     0.25694         0.46618        1.42818      0.051436
       496        496    39.37506635    21.95985864    26.31178648    58.52   125.60  -136.35   2.0713e+08      14.12    19.46       2.01    18.08   0.011105       0.2983       0.9073      -0.2964   1.000000  -0.134651   0.537515   0.832434   0.839313   0.870518   0.465484  -0.159759   0.806524  -0.473358   0.703137  -0.530594   235.97        14.09     13        3.38672e+10   -6.40056e+10     0.07819         0.86822        1.25097      0.017794
       489        489    39.33365618    21.88379484    26.19650768    34.05   222.39    45.73  2.04207e+08       6.26    24.42       1.37    21.74   0.003215      -0.7188      -0.6952   -0.0001235   1.000000   0.916480  -0.390241  -0.088179   0.942159   0.131352   0.085307   0.987659   0.880766   0.377903   0.916752  -0.129441  2665.86       0.5797     13        4.82604e+10    -9.8515e+10     0.11605         0.16508        0.94679      0.004494
       475        475    39.32220325    21.89276451    26.17941490   -61.31   149.98  -215.51  1.98361e+08       6.23    19.28       2.02    19.60   0.010594      -0.4979      -0.3979       0.7706   1.000000   0.909597  -0.274105   0.312249   0.866754   0.042604   0.809087   0.586143   0.849658  -0.413301  -0.519851   0.747621  2627.81       0.5852     13         3.8096e+10   -6.15131e+10     0.07594         0.38675        1.33626      0.010381
       471        471    39.50824387    21.98421970    26.15351013    84.70   102.55   -75.73   1.9669e+08      13.81    14.22       2.50    13.30   0.034475       0.5811      -0.7808      -0.2294   1.000000   0.884057  -0.093215   0.457989   0.941684  -0.465173  -0.270578   0.842853   0.757466  -0.045355   0.958174   0.282568   239.67        13.78     13        1.74043e+10   -3.32795e+10     0.13452         0.32142        1.65043      0.041749
       452        452    39.75860480    21.76361258    26.42487025   103.78   196.87    -0.87  1.88756e+08      13.51    12.57       4.98    13.88   0.063561       0.1119       0.4023      -0.9086   1.000000   0.978213   0.203124  -0.042885   0.893567  -0.181312   0.936523   0.300084   0.763089   0.101118  -0.285770   0.952948   245.57        13.51     12         1.8192e+10   -2.50328e+10     0.40561         0.25041        3.45369      0.052080
       452        452    38.95015238    21.81857209    26.08680533   139.26    59.54    84.87  1.88756e+08      13.60    14.09       2.74    13.48   0.005455      -0.3345       0.6536       0.6789   1.000000   0.622082   0.607236  -0.494246   0.893139  -0.776096   0.394885  -0.491672   0.777423  -0.103391   0.689442   0.716924   240.61        13.58     12        1.71451e+10   -3.04994e+10     0.26964         0.57264        1.71572      0.006266
       428        428    39.33178220    21.76475376    26.37667986   140.71    17.79    -2.88  1.78733e+08      13.60    16.31       1.79    15.15   0.020471      -0.7922      0.08494      -0.6043   1.000000  -0.248006  -0.216762   0.944196   0.922742   0.552916   0.768635   0.321689   0.841302   0.795473  -0.601842   0.070775   228.27        13.54     12        2.05209e+10   -3.72354e+10     0.13556         0.27751        1.53234      0.027775
       421        421    39.24667561    21.91971649    25.59726704   211.64   142.74    89.83   1.7581e+08      13.18    11.78       2.49    12.23   0.033107       0.3534      -0.6925        0.629   1.000000   0.377415   0.582937   0.719543   0.939245  -0.913181   0.105219   0.393739   0.863085  -0.153815   0.805675  -0.572039   246.61        13.18     12        1.31547e+10   -2.14185e+10     0.17460         0.68736        1.65402      0.031612
       412        412    39.69873544    21.81039356    26.54748140   128.01   188.09   -54.46  1.72052e+08      13.24    11.81       3.48    12.27   0.036726       0.5737     -0.02902      -0.8186   1.000000   0.923685   0.018932   0.382684   0.887951  -0.372149  -0.193305   0.907821   0.799949  -0.091162   0.980956   0.171507   238.00        13.19     12        1.29441e+10   -2.14827e+10     0.28849         0.32308        1.79661      0.036509
       408        408    39.20295838    21.99290075    26.05639990    45.71   139.02  -181.63  1.70381e+08      11.68    12.26       5.50    16.65   0.026644      -0.8709      -0.3733       0.3198   1.000000  -0.642814   0.766021  -0.000906   0.907402   0.763003   0.640176  -0.089452   0.719492   0.067942   0.058192   0.995991   342.81        8.408     12        2.36109e+10     -2.235e+10     0.22928         0.28023        3.80075      0.009656
       406        406    39.20890787    22.03758216    26.07305894    98.76   175.57   -10.15  1.69546e+08      14.13    14.21       1.62    14.12   0.021721      -0.1835      -0.2307       0.9556   1.000000  -0.133304   0.922390  -0.362527   0.799310   0.866394   0.286077   0.409295   0.672596  -0.481240   0.259530   0.837289   192.74        13.83     12         1.6904e+10   -2.49885e+10     0.29245         0.38626        1.03310      0.022030
       404        404    39.16684666    21.90222877    25.86295052   162.62    50.42   -38.29  1.68711e+08      13.08    15.20       1.70    14.36   0.017444        0.311      -0.6987       0.6443   1.000000   0.329757  -0.035613   0.943394   0.796286   0.743884  -0.605489  -0.282876   0.725464   0.581289   0.795056  -0.173172   242.18        13.06     12        1.74004e+10   -3.05236e+10     0.12328         0.46039        1.45838      0.021789
       403        403    39.38804052    21.73960045    25.91195174   159.94   252.44    61.40  1.68293e+08      13.02    11.83       3.19    12.19   0.040624       0.9076      -0.2679       0.3232   1.000000   0.206694   0.975301   0.077879   0.796250  -0.291900  -0.014503   0.956339   0.638924   0.933848  -0.220403   0.281693   244.44        13.01     12        1.25116e+10   -2.08279e+10     0.15090         0.60120        0.79442      0.040414
       400        400    39.18922161    21.96353301    26.13616766   229.28   131.86    96.48   1.6704e+08       8.91    21.22       1.49    19.35   0.011775    -0.001388      -0.7745      -0.6325   1.000000   0.663174  -0.019078   0.748222   0.851235   0.599321  -0.585290  -0.546122   0.737214   0.448346   0.810599  -0.376716   758.91        2.895     12        3.12844e+10   -6.25432e+10     0.05494         0.15061        1.26496      0.018921
       388        388    38.78620923    22.28925164    25.89756149   116.39    36.84    79.97  1.62029e+08      12.85    13.11       4.07    12.58   0.020265      -0.8211       0.5461      -0.1662   1.000000   0.862990   0.442022  -0.244672   0.809813   0.401528  -0.306146   0.863162   0.721217  -0.306632   0.843143   0.441686   245.11        12.84     12        1.28161e+10   -2.37585e+10     0.14511         0.57979        1.50140      0.023858
       380        380    39.71531201    21.71111590    26.02136649    69.30   169.51    53.61  1.58688e+08      12.75    12.44       3.34    12.19   0.015749      -0.4397      0.05907       0.8962   1.000000   0.671903   0.565372   0.478435   0.868021  -0.734182   0.593540   0.329676   0.808338  -0.097581  -0.572769   0.813888   245.73        12.75     12         1.1781e+10   -2.08877e+10     0.16464         0.59661        2.86640      0.017203
       365        365    39.38947421    21.93235541    26.03380883   141.00    83.89   -51.07  1.52424e+08      12.58    14.28       1.80    12.33   0.032964       0.5708      -0.8052       0.1607   1.000000   0.859754   0.176362  -0.479291   0.761411   0.509930  -0.244631   0.824698   0.575936  -0.028195   0.953442   0.300255   245.75        12.58     12        1.15854e+10   -2.34126e+10     0.26655         0.67391        1.20206      0.042435
       359        359    39.12648705    22.02826361    26.30800617   270.67   127.16   -90.52  1.49919e+08      12.88    10.61       5.73    11.66   0.040400      -0.1521      -0.9781      -0.1418   1.000000  -0.058206  -0.661516   0.747669   0.856605  -0.316663   0.722496   0.614592   0.791914   0.946751   0.200986   0.251531   225.15        12.75     12        1.01929e+10   -1.52057e+10     0.24560         1.10764        3.86014      0.034834
       352        352    39.24884189    21.85513603    25.87748134   208.32     1.99   105.30  1.46996e+08      12.68    13.58       2.45    12.90   0.024098      -0.3544      -0.8459       0.3986   1.000000   0.670288  -0.123023  -0.731833   0.930158   0.707103   0.405153   0.579531   0.752970  -0.225209   0.905934  -0.358560   231.65        12.63     12        1.22284e+10   -2.36316e+10     0.18718         0.58664        0.48815      0.031706
       350        350    39.31875171    21.72537229    26.12524280   116.61   183.56   -47.23   1.4616e+08      12.40    13.98       2.96    12.71   0.023954      -0.5546      -0.7674       0.3218   1.000000  -0.326635   0.901688  -0.283316   0.876758  -0.637970   0.010830   0.769985   0.770492   0.697354   0.432251   0.571713   246.24        12.39     12        1.18023e+10   -2.31728e+10     0.17044         0.40839        1.45892      0.031301
       339        339    39.08126119    21.74994000    26.24553460   194.19   124.92   154.26  1.41567e+08      12.32    11.17       3.59    11.58   0.034286       0.5134      -0.7428       0.4298   1.000000   0.406951   0.718983   0.563431   0.786774  -0.912592   0.293283   0.284888   0.673786   0.039584  -0.630118   0.775490   242.75        12.31     12        9.48796e+09   -1.55562e+10     0.25235         0.77402        3.11302      0.033692
       334        334    38.74219676    21.50636810    25.87859436   194.95   171.84    17.08  1.39479e+08      12.20    12.28       3.10    12.90   0.028045       0.9799      0.08738       0.1794   1.000000   0.066985   0.578474   0.812945   0.951755   0.922951   0.273607  -0.270742   0.847491  -0.379045   0.768444  -0.515576   246.30         12.2     12        1.15971e+10   -1.80398e+10     0.12463         0.72430        0.40705      0.028681
