#  npart(1)  nvpart(2)      Xc(3)          Yc(4)          Zc(5)      VXc(6)   VYc(7)   VZc(8)    Mvir(9)      Rvir(10) Vmax(11)   Rmax(12) sigV(13) lambda(14)      Lx(15)       Ly(16)       Lz(17)     a(18)     Eax(19)    Eay(20)    Eaz(21)     b(22)     Ebx(23)    Eby(24)    Ebz(25)     c(26)     Ecx(27)    Ecy(28)    Ecz(29) ovdens(30)    Redge(31) nbins(32)     Ekin(33)       Epot(34)   mbp_offset(35)  com_offset(36)   r2(37)      lambdaE(38)
   2159899    2159899    39.84370324    22.43490574    26.23169939   106.03    91.21    21.14  9.01976e+11     207.89   185.05      34.54   178.42   0.035077      0.08261       0.6251       0.7762   1.000000   0.958669  -0.282747  -0.031738   0.810899   0.116170   0.287154   0.950814   0.688979   0.259726   0.915203  -0.308132   322.21        207.9     35        1.43571e+16   -2.58583e+16     0.06375        14.12602       15.84991      0.038479
     91922      91922    39.64204512    22.45342523    26.21881984   244.89    25.23    96.25  3.83867e+10      72.58    64.43      10.01    72.38   0.149090      -0.4048       0.5318      -0.7439   1.000000   0.734263   0.651498   0.190808   0.656850  -0.678865   0.704852   0.205733   0.588289  -0.000457  -0.280595   0.959826   322.20        72.58     27        1.00543e+14   -1.45321e+14     0.06440        10.12577        3.30931      0.141685
     59089      59089    39.69987367    22.50588041    26.23742020   258.36   -33.87    45.36  2.46756e+10      46.79    59.79       6.84    65.62   0.051299      -0.7763       0.3137       0.5468   1.000000   0.872968   0.410149   0.264016   0.916581  -0.455390   0.491363   0.742417   0.825128  -0.174774   0.768336  -0.615722   773.06         19.5     26        5.31316e+13   -8.09264e+13     0.04504         1.90374        2.97044      0.047975
     20956      20956    39.90652381    22.49688997    26.23155040   178.28   158.21    43.70  8.75125e+09      40.93    54.27       3.44    55.03   0.014781      -0.7598      -0.6374      -0.1278   1.000000   0.718709   0.685667   0.115406   0.868368  -0.689429   0.681201   0.246279   0.841465   0.090251  -0.256567   0.962304   409.53        32.21     23        1.32529e+13    -1.7633e+13     0.04661         1.01737        2.29746      0.014472
      4428       4428    40.17713640    22.31429483    26.17096197     9.34   165.93    34.81  1.84914e+09      26.43    26.59       3.43    24.96   0.027144      -0.6131       0.7767       0.1446   1.000000  -0.298326   0.895265  -0.330910   0.962265   0.663297   0.443759   0.602590   0.894436  -0.686323   0.039723   0.726212   321.27        26.43     19        5.75877e+11   -1.05873e+12     0.15386         0.42543        1.82368      0.033559
      4400       4400    40.09765464    22.53745712    26.23843174   -12.29    95.11   -56.37  1.83745e+09      26.37    22.79       4.38    23.13   0.048831      -0.9176      -0.2084      -0.3384   1.000000   0.644650  -0.098124  -0.758154   0.983233   0.739677   0.330616   0.586149   0.892124  -0.193143   0.938651  -0.285711   321.68        26.36     19        4.91432e+11    -8.3158e+11     0.16750         0.52809        2.32253      0.050928
      3779       3779    39.82261385    22.45444049    26.27679340   293.50  -140.75    23.12  1.57811e+09      11.11    30.22       4.20    32.58   0.037480      -0.2401        -0.94      -0.2424   1.000000   0.850094  -0.493421   0.184054   0.943029  -0.100579   0.190944   0.976435   0.850795   0.516937   0.848573  -0.112692  3695.82       0.9684     18        8.37323e+11   -1.29664e+12     0.04767         0.33656        2.30361      0.034327
      3731       3731    39.79251056    22.50067415    26.24622163   308.93   -65.41    -7.23  1.55807e+09      19.04    31.21       2.60    30.81   0.012436      -0.7877       0.4618       0.4078   1.000000   0.873179  -0.424887   0.238809   0.908472   0.304880   0.858413   0.412523   0.840838  -0.380272  -0.287398   0.879088   724.35         8.47     18        7.39473e+11   -1.25446e+12     0.10631         0.79861        1.80284      0.015993
      2479       2479    39.76834432    22.50067711    26.30965287   232.41   121.83   -33.98  1.03523e+09      19.23    28.92       2.77    26.86   0.023092       0.9964     -0.05521      0.06479   1.000000   0.741327  -0.271718  -0.613680   0.859171   0.358683   0.933244   0.020079   0.818912   0.567257  -0.235001   0.789299   467.14        13.26     17        3.73338e+11   -7.16143e+11     0.15975         0.22004        1.84901      0.036648
      1953       1953    39.76493862    22.48274019    26.25974584   273.71   -55.59    95.94  8.15575e+08      14.74    23.22       2.34    23.02   0.012541      -0.7748      -0.3387       0.5339   1.000000   0.918559  -0.386781   0.081540   0.885929   0.269883   0.764384   0.585559   0.799681  -0.288811  -0.515865   0.806518   817.49        5.809     16        2.16115e+11   -3.77452e+11     0.09236         0.27021        1.59121      0.015173
      1766       1766    39.89380265    22.42699968    26.29289440    11.90   139.31   191.76  7.37484e+08      12.46    27.97       2.14    26.37   0.014528      -0.7313       -0.638      -0.2413   1.000000   0.918595  -0.211476   0.333858   0.778620  -0.334958   0.031694   0.941700   0.710171   0.209728   0.976869   0.041722  1223.18        3.283     16        2.56432e+11   -4.73505e+11     0.17566         0.21573        1.48173      0.020732
      1761       1761    39.81095414    22.39540651    26.17951982   255.91    87.33   229.69  7.35396e+08      11.58    23.65       2.27    23.37   0.021254       0.7935      -0.5186      -0.3185   1.000000   0.167265   0.368862   0.914310   0.979693   0.857677   0.402914  -0.319453   0.937834  -0.486223   0.837616  -0.248971  1521.85        2.451     16        2.00771e+11   -3.53893e+11     0.06897         0.32426        1.52199      0.024622
      1674       1674    39.76784706    22.45743087    26.19361068   323.24    21.34    74.88  6.99064e+08      12.63    21.75       2.20    21.44   0.031240       0.4964      -0.8212       0.2814   1.000000   0.967223  -0.125162   0.220937   0.876023  -0.235833  -0.120218   0.964329   0.858962   0.094136   0.984826   0.145795  1114.33        3.651     16        1.60607e+11   -2.80425e+11     0.16676         0.21418        1.18432      0.035174
      1571       1571    39.95720422    22.40958289    26.25628036    18.14    86.31  -101.60  6.56051e+08      14.89    27.80       2.04    25.29   0.003416      0.02494       0.6287      -0.7772   1.000000   0.891029   0.103042   0.442097   0.872270  -0.453660   0.236712   0.859162   0.845453   0.016120   0.966100  -0.257664   637.55        7.526     16        2.09864e+11   -4.05366e+11     0.07191         0.14003        1.34713      0.005684
      1288       1288    39.68615929    22.49380760    26.22450161   273.96   -57.58    60.45   5.3787e+08      14.61    23.37       1.63    25.76   0.021938      -0.9309      -0.2492        0.267   1.000000   0.552921   0.313142   0.772153   0.826493  -0.502590   0.864475   0.009311   0.792956   0.664591   0.393225  -0.635368   553.52        8.505     15        1.78412e+11   -2.15265e+11     0.10080         0.31362        1.03472      0.019151
      1240       1240    39.80770307    22.19464895    26.31996249   158.86   117.92    57.30  5.17825e+08      17.28    19.51       2.69    17.79   0.008443       0.2975      -0.3032       0.9053   1.000000   0.537725   0.837474   0.097415   0.929936   0.720316  -0.396279  -0.569305   0.875209   0.438175  -0.376299   0.816335   322.11        17.28     15        8.19868e+10   -1.60006e+11     0.08492         0.16338        1.70908      0.012114
      1236       1236    39.88356271    22.46248884    26.23596803   229.60   242.15    65.72  5.16155e+08       7.18    22.92       2.49    28.02   0.027788       0.5773      -0.6546       0.4881   1.000000   0.726321   0.686659   0.030932   0.846841   0.365742  -0.424187   0.828431   0.719322  -0.581971   0.590394   0.559236  4480.71       0.5161     15        2.02655e+11   -2.42721e+11     0.04892         0.15922        1.29900      0.018474
      1140       1140    39.85201269    22.44820731    26.28467525   243.11    -5.82    70.50  4.76065e+08       6.70    29.33       1.66    27.03   0.014283       0.3968       0.2896       -0.871   1.000000  -0.125727   0.556919   0.820996   0.805670  -0.774910   0.461596  -0.431791   0.753005   0.619441   0.690486  -0.373527  5086.54       0.4242     15        1.73954e+11   -3.40839e+11     0.04539         0.01417        1.09916      0.020296
      1095       1095    39.91238300    22.60305716    26.04373066   114.79    29.93    11.02  4.57273e+08      16.69    19.28       2.34    17.56   0.019452      -0.6305       0.4577      -0.6269   1.000000  -0.116217  -0.705225   0.699394   0.922326  -0.447061   0.665943   0.597207   0.859853   0.886922   0.243266   0.392672   315.49        16.67     15        7.05046e+10   -1.39692e+11     0.22259         0.54765        2.05134      0.029253
      1051       1051    39.82793383    22.42736298    26.17751720   -64.11    -3.84   153.93  4.38899e+08       6.88    23.23       2.12    22.16   0.016103      -0.3136       0.9187       0.2402   1.000000  -0.062260  -0.173250   0.982908   0.805727   0.851731   0.504142   0.142812   0.739248  -0.520268   0.846065   0.116174  4329.07       0.5119     15        1.07735e+11   -1.98943e+11     0.14917         0.33655        1.49620      0.018595
      1035       1035    39.66888407    22.50418661    25.93921422   135.54    -6.15    91.92  4.32217e+08      16.28    17.17       2.89    15.55   0.019641      -0.6622       0.4625      -0.5895   1.000000   0.348654   0.596239   0.723145   0.974523  -0.421228   0.788929  -0.447390   0.913629   0.837262   0.148625  -0.526216   321.72        16.27     15        5.22662e+10   -1.03418e+11     0.10318         0.37323        1.89258      0.026533
       995        995    39.89077968    22.43288957    26.37902518   -77.12    39.11    88.73  4.15513e+08      13.69    15.63       4.56    16.07   0.074084       0.6539       0.3785       0.6551   1.000000  -0.523033   0.795617  -0.305662   0.897272   0.781984   0.305303  -0.543407   0.833935   0.339025   0.523243   0.781844   520.26        8.476     15        5.36777e+10   -8.59553e+10     0.23010         0.19822        2.64600      0.075829
       966        966    39.85025694    22.38373831    26.20231547   245.99   162.67    72.74  4.03403e+08       6.90    27.89       1.26    25.84   0.011230       -0.388      -0.1517       0.9091   1.000000   0.373261   0.805747   0.459834   0.851386   0.384915  -0.585486   0.713475   0.753225   0.844107  -0.089316  -0.528683  3938.56       0.5646     15        1.34681e+11   -2.61199e+11     0.04695         0.31953        1.10893      0.016645
       964        964    39.74376572    22.37624179    26.08766276   150.55    74.14   -11.22  4.02568e+08      15.90    18.17       1.84    16.90   0.012077       0.4955       0.4347        0.752   1.000000   0.740874   0.340824   0.578743   0.824183  -0.603978  -0.038843   0.796054   0.775052  -0.293795   0.939324  -0.177072   321.60         15.9     15         5.7522e+10    -1.0414e+11     0.10370         0.25560        1.17055      0.016526
       961        961    39.75983248    22.48419960    26.09448876    53.65    86.38    82.61  4.01315e+08      16.20    24.14       1.28    21.81   0.007189       0.3021      -0.7302       0.6128   1.000000   0.053760  -0.260576   0.963955   0.879506  -0.715269   0.663561   0.219265   0.770203   0.696779   0.701275   0.150709   302.75        16.16     14        9.54815e+10   -1.89428e+11     0.08184         0.04951        1.08202      0.014143
       960        960    39.72112388    22.49472660    26.22724910   240.78     2.73    64.04  4.00897e+08      15.87    20.29       1.54    19.94   0.016503         -0.8       0.2706       0.5355   1.000000   0.721299  -0.627751  -0.292673   0.772929   0.322451   0.678320  -0.660233   0.734901   0.612988   0.381853   0.691690   322.14        15.87     14        7.96959e+10   -1.24304e+11     0.10797         0.36289        0.95010      0.022161
       858        858    39.94182735    22.41603118    26.25391635     6.22   224.11   162.53  3.58302e+08      10.22    20.39       1.66    19.08   0.021193       -0.406      -0.6001       0.6892   1.000000   0.910550  -0.305388  -0.278634   0.801570   0.404400   0.518141   0.753652   0.789844   0.085785   0.798917  -0.595292  1078.09        3.054     14        6.51879e+10   -1.25847e+11     0.13074         0.06658        0.78484      0.029797
       824        824    39.72193939    22.42033673    26.20469466   250.14    48.66   151.58  3.44103e+08      11.62    19.26       1.76    18.01   0.015849      -0.3105      -0.5521      -0.7739   1.000000   0.999498  -0.031010  -0.006529   0.925201   0.023953   0.874170  -0.485028   0.890014   0.020749   0.484628   0.874474   704.44        5.314     14        5.58124e+10   -1.06468e+11     0.10367         0.31561        1.11553      0.022609
       722        722    40.13323397    22.34024406    26.14676834    28.38   176.70    77.14  3.01508e+08      14.54    11.93       3.76    11.92   0.072008      -0.3424       0.8381       0.4246   1.000000  -0.469917  -0.199198   0.859941   0.807732   0.882664  -0.095997   0.460097   0.722906  -0.009098   0.975246   0.220936   314.69        14.51     14        2.14314e+10   -3.80935e+10     0.22339         0.62100        1.92911      0.075225
       692        692    39.79087793    22.49459150    26.18429244    88.98   115.04   243.60   2.8898e+08       8.28    19.74       1.31    18.44   0.029886       0.6219       0.2231       0.7506   1.000000  -0.094829   0.113349   0.989019   0.910978   0.949097  -0.289474   0.124177   0.810100   0.300371   0.950451  -0.080129  1632.50        1.635     14          4.914e+10   -9.26193e+10     0.07168         0.16706        1.13264      0.039713
       665        665    39.96154231    22.49713827    26.27293248  -111.26   117.92    40.13  2.77705e+08       9.73    14.95       2.43    14.19   0.026085      -0.9972    -0.008756      0.07401   1.000000   0.994605  -0.095065  -0.041514   0.893329   0.083166   0.969953  -0.228638   0.793231   0.062002   0.223952   0.972626   967.49        3.241     14        2.79639e+10   -5.39778e+10     0.10338         0.24142        1.22588      0.030241
       655        655    39.93804301    22.46345317    25.98944689    31.27   147.71    35.32  2.73529e+08      14.08    18.38       1.24    16.21   0.019091       0.1619       0.9264         0.34   1.000000  -0.616235   0.291448   0.731650   0.831017   0.699003  -0.225596   0.678602   0.759110   0.362834   0.929605  -0.064703   314.55        14.06     13        3.59464e+10   -7.09406e+10     0.08528         0.30092        0.74587      0.031350
       644        644    39.60353987    22.46636963    26.12043773   219.34   -26.37   114.83  2.68935e+08      13.93    15.84       1.76    14.45   0.031725      -0.9939    -0.008127       0.1099   1.000000   0.546350  -0.021547   0.837280   0.857990   0.272321   0.949924  -0.153252   0.795287   0.792050  -0.311738  -0.524858   319.29        13.92     13        2.80861e+10   -5.56274e+10     0.09491         0.28516        0.75558      0.046756
       620        620    39.66171767    22.66160124    26.24810347   233.89     4.99    97.64  2.58913e+08      13.72    14.99       2.06    13.22   0.023513      0.02539      -0.6888      -0.7245   1.000000   0.788543  -0.528050   0.315219   0.918248   0.125430   0.639889   0.758162   0.768570   0.602053   0.558305  -0.570813   321.46        13.72     13        2.26152e+10   -4.43273e+10     0.09158         0.22686        1.30132      0.031722
       613        613    39.88180594    22.35938624    26.01156279   132.38    67.95    20.19   2.5599e+08      13.76    16.90       1.65    15.52   0.022220      0.05226       0.9865      -0.1552   1.000000  -0.286578   0.041155   0.957172   0.911491  -0.539572   0.818628  -0.196747   0.882712   0.791666   0.572847   0.212395   315.67        13.74     13          3.082e+10   -5.80288e+10     0.12772         0.32893        0.98716      0.033980
       566        566    39.96290998    22.38091767    26.26461823   -61.14   241.69    44.75  2.36362e+08      10.67    13.51       2.39    12.87   0.011480       0.3832      -0.3553      -0.8526   1.000000   0.986975  -0.116282  -0.111166   0.900158   0.034724  -0.520749   0.853003   0.857713   0.157079   0.845753   0.509929   625.29        5.496     13        1.95825e+10    -3.5981e+10     0.06709         0.29054        1.54661      0.012997
       557        557    39.69498504    22.47971257    26.26833788     0.54    80.77   -60.36  2.32604e+08       9.18    19.40       1.35    17.43   0.005041      -0.9946     -0.05829      0.08549   1.000000  -0.651463   0.701333   0.289358   0.960573   0.704341   0.700830  -0.112881   0.841624   0.281958  -0.130269   0.950542   964.41        3.068     13        3.53421e+10   -6.95919e+10     0.08764         0.10151        0.84987      0.007777
       532        532    39.92012493    22.52981449    26.14352400   101.58    46.90   220.95  2.22164e+08      12.91    14.43       1.79    13.23   0.035740      -0.3494     -0.04174        0.936   1.000000   0.048436   0.809127  -0.585635   0.896881  -0.636270   0.476961   0.606356   0.867445   0.769944   0.343252   0.537926   331.00        12.57     13        1.94564e+10   -3.57755e+10     0.06892         0.26709        1.10390      0.047259
       517        517    39.87896675    22.45377240    26.27626095    29.38   121.13   286.66    2.159e+08       4.32    19.78       1.20    19.90   0.023874     -0.08615       0.9013       0.4246   1.000000   0.782986   0.599485   0.165984   0.926869   0.061950  -0.340663   0.938142   0.831440  -0.618946   0.724270   0.303873  8608.84       0.1616     13        4.27458e+10    -7.2397e+10     0.08606         0.05344        0.82213      0.025317
       485        485    39.70950186    22.51224883    26.20679276   131.35    20.53     8.84  2.02537e+08      11.92    18.45       1.48    17.00   0.009906      -0.2964      -0.9549     -0.01894   1.000000   0.801347  -0.213918   0.558643   0.913311  -0.419484   0.464826   0.779724   0.837793   0.426468   0.859172  -0.282752   383.92           10     13        2.92517e+10    -5.4803e+10     0.20536         0.13030        0.95340      0.017272
       482        482    39.82836267    22.46999941    26.27328556   123.64     7.72   276.03  2.01284e+08       4.84    18.60       1.71    18.41   0.002629      -0.8872       0.4103       -0.211   1.000000  -0.539433   0.841756  -0.021424   0.915026  -0.155649  -0.074678   0.984986   0.802954   0.827518   0.534668   0.171303  5688.09       0.2743     13        3.40969e+10   -5.80906e+10     0.12794         0.20158        1.16332      0.002849
       450        450    39.82458196    22.29540556    26.41534778   180.02   139.91    16.33  1.87921e+08      12.53    15.00       1.59    13.39   0.021281      -0.2047       -0.814      -0.5436   1.000000  -0.294446  -0.462578   0.836256   0.914836   0.823631   0.320979   0.467552   0.769936  -0.484699   0.826435   0.286482   306.32         12.5     12        1.68421e+10   -3.22734e+10     0.17115         0.49571        1.36214      0.031869
       408        408    39.80732802    22.42965751    26.18953911   138.45    93.17   249.57  1.70381e+08       4.01    17.84       1.39    16.86   0.021015      -0.6496      -0.3896      -0.6528   1.000000   0.640299  -0.139610   0.755332   0.933745   0.705271   0.496438  -0.506104   0.836606  -0.304318   0.856772   0.416332  8465.53       0.1527     12        2.42211e+10   -4.72586e+10     0.08389         0.26300        0.94236      0.023996
       392        392    39.73840913    22.42031321    26.24726770    85.72    48.73   104.77    1.637e+08      11.12    19.79       1.01    18.48   0.006344      -0.6642       0.7157       0.2157   1.000000   0.941409  -0.316100   0.117602   0.930593   0.323682   0.748811  -0.578370   0.759416   0.094761   0.582548   0.807253   381.58        9.394     12        2.79667e+10   -5.29871e+10     0.04917         0.24365        0.56830      0.013083
       383        383    39.90302501    22.40628178    26.27881152    31.35   145.74  -187.98  1.59941e+08       6.23    18.41       0.85    16.57   0.011657       0.6005       0.4553       0.6574   1.000000  -0.661315   0.642895  -0.386457   0.919409  -0.183986   0.360441   0.914457   0.805317   0.727195   0.675846  -0.120082  2127.35       0.9429     12        2.19676e+10   -4.39835e+10     0.10509         0.21214        0.72626      0.017266
       370        370    39.90836295    22.35166169    26.10803993    67.98   122.77    27.76  1.54512e+08      12.86    17.78       1.07    15.88   0.007465      -0.1165      -0.9915      0.05865   1.000000  -0.509848   0.557275   0.655362   0.681235   0.765522  -0.053650   0.641169   0.678452   0.392468   0.828593  -0.399253   233.34        12.67     12        1.94936e+10   -3.91727e+10     0.17716         0.08190        0.91107      0.015550
       356        356    39.70781393    22.42659115    26.15287982   100.59    86.17   118.07  1.48666e+08      11.85    17.82       0.97    15.84   0.010815      -0.8669     -0.02214       0.4981   1.000000   0.839492  -0.130575   0.527449   0.779128  -0.391706   0.527324   0.753986   0.707496   0.376589   0.839571  -0.391538   286.50         11.8     12        1.86588e+10   -3.70662e+10     0.12674         0.22256        0.82448      0.021744
       350        350    39.92584940    22.37870958    26.18155827    66.83   248.82   133.62   1.4616e+08       8.99    13.24       1.81    12.88   0.002571       0.5247       0.8513    -0.004064   1.000000   0.774743  -0.172329  -0.608338   0.900987   0.569317  -0.228411   0.789751   0.777571   0.275048   0.958192   0.078851   645.83        4.485     12        1.21165e+10   -2.12578e+10     0.16065         0.26840        1.13029      0.003227
       340        340    39.88421908    22.54634239    26.08818086    11.14    63.63   -27.98  1.41984e+08      12.67    14.15       1.74    12.76   0.008077       0.2056      -0.9518       0.2277   1.000000   0.269537  -0.222986   0.936818   0.921929   0.596968   0.802036   0.019148   0.780259   0.755631  -0.554089  -0.349294   223.83        12.41     12        1.15655e+10   -2.23656e+10     0.14371         0.23289        1.06999      0.013468
       333        333    39.71539047    22.50061860    26.19963429   130.03    44.65   -61.09  1.39061e+08       6.25    15.03       1.69    14.72   0.013627      -0.2941       0.8593       0.4184   1.000000  -0.653998   0.736267   0.173773   0.889706  -0.299706  -0.463082   0.834105   0.817279   0.694596   0.493422   0.523518  1825.68        1.104     12        1.50751e+10   -2.64417e+10     0.09068         0.43004        1.45477      0.016717
       330        330    39.62382772    22.44437187    26.05602714   171.75   -42.56    67.92  1.37808e+08      11.27    11.47       1.45    10.32   0.026893       0.2979      -0.7984       0.5233   1.000000  -0.029522   0.257436   0.965844   0.947673  -0.514482   0.824530  -0.235496   0.901717   0.856993   0.503862  -0.108104   309.05        11.23     12        7.33323e+09   -1.35527e+10     0.13017         0.47799        0.70147      0.033059
       317        317    40.16754834    22.28911184    26.22015939     3.04   156.86     7.77   1.3238e+08      10.98    11.73       1.52    10.66   0.023132       0.6406       -0.748      -0.1738   1.000000   0.711255   0.336843  -0.616971   0.953823   0.653331   0.007084   0.757039   0.765788  -0.259374   0.941534   0.215031   321.14        10.98     12         7.5208e+09    -1.4432e+10     0.03661         0.38798        0.94236      0.030799
       317        317    40.02872694    22.60905831    26.36247849    -9.64    99.87   -47.68   1.3238e+08      11.02    10.36       2.53     9.31   0.024759      0.05835       0.5995      -0.7983   1.000000  -0.438210   0.648947  -0.621965   0.992434  -0.442505   0.446541   0.777683   0.907612   0.782407   0.616011   0.091483   317.76        11.01     12        5.73639e+09   -1.20438e+10     0.12204         0.53627        1.22496      0.031548
       311        311    39.78459312    22.56875094    26.33005238    82.04    72.99   115.54  1.29874e+08       9.56    15.62       0.99    13.97   0.011346      -0.7377       0.4846       0.4701   1.000000  -0.541410   0.835619  -0.092821   0.852751  -0.458678  -0.201037   0.865562   0.792759   0.704620   0.511200   0.492124   476.59        6.465     11        1.26799e+10   -2.56179e+10     0.04974         0.07646        0.83053      0.019663
       308        308    40.05757823    22.40426310    26.25740053   -24.86   188.64    63.36  1.28621e+08      10.90     8.03       2.17     8.23   0.079778      -0.4665       0.7703       0.4348   1.000000   0.716611  -0.139234   0.683434   0.872523  -0.626908   0.300896   0.718643   0.753887   0.305702   0.943438  -0.128338   318.56        10.89     11        4.35562e+09   -7.71203e+09     0.23741         0.70057        0.61271      0.075924
       306        306    39.81226641    22.50707718    26.29325149    71.87    78.77   170.75  1.27786e+08       7.79    14.21       1.38    13.27   0.015552      0.07883       0.9793       0.1864   1.000000   0.393762  -0.686311  -0.611497   0.910590   0.787676  -0.090991   0.609333   0.790328   0.473832   0.721594  -0.504762   867.72        2.892     11        1.12457e+10     -2.153e+10     0.16145         0.24507        0.83400      0.022042
       303        303    39.90927328    22.33363409    26.18111879   111.45   242.36    76.62  1.26533e+08       8.50    13.51       0.86    12.57   0.022465      -0.0317       0.7614      -0.6475   1.000000  -0.173028   0.796357   0.579548   0.835101   0.839893  -0.188038   0.509138   0.646024   0.514433   0.574854  -0.636319   661.41        4.141     11        9.98869e+09   -1.93626e+10     0.04054         0.20731        0.72241      0.032067
       300        300    39.77326267    22.44003273    26.19978290   205.40    43.17   151.98   1.2528e+08       5.24    17.95       0.96    16.33   0.017352      -0.4997      -0.6535      -0.5685   1.000000   0.878015  -0.310564   0.364199   0.867997  -0.059985   0.683516   0.727467   0.804384   0.474860   0.660573  -0.581508  2789.07       0.6058     11         1.6702e+10   -3.21622e+10     0.05278         0.07081        0.82328      0.025234
       292        292    39.84764334    22.43384527    26.17695519   193.64    62.82    86.78   1.2194e+08       2.66    22.09       0.79    19.70   0.003606      -0.5836       0.2373       0.7766   1.000000  -0.168790   0.366977   0.914788   0.847434   0.841840   0.536398  -0.059852   0.753929  -0.512655   0.760003  -0.399475 20876.78            0     11        2.36637e+10   -4.83613e+10     0.08442         0.13740        0.50828      0.004847
       287        287    39.66416264    22.34224899    26.36042262   111.77    18.03   -47.92  1.19852e+08      10.89    11.05       1.66     9.99   0.023809      -0.0219      -0.9992      0.03405   1.000000   0.758261   0.245998  -0.603760   0.753006  -0.292941   0.955887   0.021566   0.643270   0.582431   0.160513   0.796875   297.66        10.83     11        5.97601e+09   -1.15357e+10     0.24845         0.21473        1.04717      0.031282
       281        281    39.89989723    22.35057152    26.22503844   175.55   -51.05   -16.21  1.17346e+08       7.84    16.67       0.95    14.54   0.006146      -0.2574       0.2749      -0.9264   1.000000  -0.362852   0.844228  -0.394485   0.851140  -0.180894   0.351468   0.918557   0.763421   0.914120   0.404660   0.025185   782.75        3.226     11        1.23962e+10   -2.38871e+10     0.09774         0.20834        0.81132      0.010057
       280        280    39.86572903    22.52709314    26.21421194   114.68   198.52   -42.87  1.16928e+08       8.33    17.06       0.85    13.89   0.006842       0.9405      -0.3357      0.05298   1.000000   0.265893   0.936223  -0.229757   0.740825   0.919991  -0.317634  -0.229621   0.675478   0.287955   0.150319   0.945773   648.92        4.137     11        1.12789e+10   -2.44148e+10     0.11750         0.17963        0.71863      0.012386
       278        278    39.73536031    22.55137970    26.21397463    78.77    21.03  -115.62  1.16093e+08       7.12    13.96       1.16    12.61   0.017233      -0.3469      -0.9125        0.217   1.000000   0.749492  -0.643762   0.154376   0.845198   0.348732   0.582143   0.734503   0.772681   0.562714   0.496669  -0.660812  1030.94        2.226     11        9.22573e+09   -1.82291e+10     0.03497         0.38547        0.98747      0.024055
       274        274    40.01252904    22.54108132    26.17940124   -38.80    64.94   -66.61  1.14423e+08       9.58    11.11       1.78     9.86   0.019673      0.09842     0.003252       0.9951   1.000000   0.939242   0.013836   0.342976   0.939197   0.012010   0.997251  -0.073119   0.800428  -0.343045   0.072796   0.936494   417.61        7.392     11        5.55674e+09   -1.16813e+10     0.20575         0.31896        1.09304      0.026650
       266        266    39.98606837    22.41390069    26.01742025    72.62   164.87   144.38  1.11082e+08      10.41    10.82       1.50     9.87   0.006947     -0.07168       0.9152      -0.3965   1.000000  -0.357992  -0.287841   0.888251   0.877690   0.933719  -0.113568   0.339515   0.754905   0.003151   0.950920   0.309419   315.96         10.4     11        5.41451e+09   -1.03475e+10     0.06118         0.21250        1.29500      0.009069
       264        264    39.95722387    22.53256314    26.14631706     2.74    42.65   -92.53  1.10247e+08      10.58    10.29       1.35     9.77   0.017863     -0.02775      -0.4025        0.915   1.000000   0.773419   0.549853   0.315413   0.786753  -0.248104   0.720462  -0.647594   0.707984  -0.583325   0.422607   0.693640   298.92        10.53     11        5.26567e+09   -9.94476e+09     0.10952         0.20167        0.81540      0.023067
       258        258    39.84224717    22.09791333    26.10530023   162.01   220.89    25.73  1.07741e+08      10.29     8.13       3.07     7.90   0.079088      -0.8589      -0.4731      -0.1961   1.000000  -0.406587   0.897902   0.168696   0.919169  -0.319425  -0.312705   0.894530   0.743086   0.855952   0.309818   0.413954   317.03        10.28     11        3.36449e+09   -6.21378e+09     0.31393         0.27841        1.96855      0.080444
       250        250    39.95397296    22.48110164    26.34655573   173.10    83.17    88.40    1.044e+08      10.31    11.17       1.43    10.28   0.005827      -0.9322       -0.255       0.2569   1.000000   0.667218   0.580110   0.467217   0.715958  -0.739454   0.591320   0.321790   0.621322  -0.089601  -0.560190   0.823504   306.03        10.27     11        5.51925e+09   -9.32549e+09     0.25964         0.73911        0.63757      0.007074
       242        242    39.85706942    22.45520305    26.04131241   112.55    69.46    81.41  1.01059e+08      10.21    12.79       1.38    11.68   0.016333      -0.2036       0.7724      -0.6016   1.000000   0.134424  -0.216603   0.966961   0.741240  -0.475324   0.842131   0.254719   0.635299   0.869481   0.493860  -0.010246   304.88        10.19     11        6.89298e+09   -1.35112e+10     0.10893         0.22751        1.15264      0.026881
       242        242    39.90949146    22.50099193    26.22332943   193.64   111.38   270.48  1.01059e+08       3.36    13.20       2.01    14.02   0.026041       0.5914      -0.6547       0.4708   1.000000   0.916970   0.396236  -0.046507   0.877003   0.132539  -0.192602   0.972285   0.747677  -0.376297   0.897720   0.229127  8548.48       0.1267     11         9.9258e+09   -1.54233e+10     0.03790         0.17424        1.37702      0.022411
       232        232    39.90539779    22.45762223    26.30631500   132.63    80.87  -175.68  9.68835e+07       5.35    12.75       1.76    11.24   0.012413      -0.4067      -0.8944        0.186   1.000000   0.585840  -0.116221   0.802050   0.851631   0.640634   0.672557  -0.370481   0.743732  -0.496366   0.730863   0.468466  2029.64       0.8495     11        6.12023e+09   -1.28989e+10     0.19632         0.17588        1.17322      0.015614
       230        230    39.96508880    22.54638204    26.18445401    97.10   118.35   212.08  9.60483e+07       8.04     8.35       3.90     8.28   0.054192       0.5823     -0.01307       0.8129   1.000000   0.448323   0.728985  -0.517289   0.916381  -0.462029   0.684390   0.564039   0.740158   0.765203  -0.013869   0.643639   592.18        4.377     11        3.29455e+09   -5.80114e+09     0.30337         0.36469        3.48336      0.051268
       229        229    39.75632888    22.19414842    26.11703307    71.14   140.41    60.64  9.56307e+07      10.09     9.44       1.64     9.17   0.023486      -0.2124      -0.8468      -0.4877   1.000000   0.339304   0.901784   0.267690   0.919201   0.856411  -0.413860   0.308675   0.802784  -0.389144  -0.124518   0.912722   298.88        10.03     11        4.02211e+09   -6.93404e+09     0.18600         0.41437        1.05606      0.026936
       227        227    39.70527735    22.53203302    26.24325155    12.78    95.83   -74.10  9.47955e+07       4.45    14.67       0.78    13.58   0.020859       0.4114       0.2638       0.8725   1.000000   0.877575   0.195645  -0.437705   0.951468  -0.425168   0.739494  -0.521900   0.848205   0.221574   0.644105   0.732143  3456.24       0.4147     11        8.73959e+09   -1.70864e+10     0.17279         0.10605        0.50984      0.027132
       227        227    39.93259696    22.39026672    26.13999106   143.30   167.43   -11.70  9.47955e+07       8.64    15.06       0.85    13.31   0.013810      -0.3759      -0.3549        0.856   1.000000  -0.504886   0.727768   0.464159   0.740261   0.670042  -0.008572   0.742274   0.654998   0.544182   0.685770  -0.483307   472.49        5.889     11        8.39221e+09   -1.67612e+10     0.07892         0.16880        0.71490      0.025060
       221        221    39.75934354    22.47190085    26.21734754   244.68   -92.21    88.69  9.22899e+07       4.77    13.48       1.13    12.12   0.005224      -0.6403       0.6817       -0.354   1.000000   0.443171   0.284924   0.849952   0.892806   0.850255   0.166799  -0.499244   0.817729  -0.284017   0.943926  -0.168337  2733.23        0.562     11        6.78294e+09   -1.37628e+10     0.09901         0.09630        0.99101      0.006607
       219        219    39.59799690    22.35644243    26.19284346   140.42   107.07     7.85  9.14547e+07       9.65    11.58       1.27    10.63   0.023226       0.9606       0.1572      -0.2293   1.000000   0.951561   0.305324   0.036177   0.826964  -0.171439   0.429227   0.886777   0.605183  -0.255226   0.850024  -0.460780   326.67        9.518     11        5.16843e+09   -9.81323e+09     0.08062         0.16999        1.08974      0.034405
       216        216    40.10327871    22.53185035    26.23982927   -23.89   112.08   -35.19  9.02019e+07       4.99    11.21       1.44    12.03   0.006612      -0.4587       0.4449      -0.7692   1.000000  -0.385570   0.921576   0.045100   0.875395  -0.165233  -0.117055   0.979284   0.815707   0.907763   0.370130   0.197408  2331.67       0.6894     10        6.52735e+09   -1.00208e+10     0.12822         0.22568        0.91328      0.006192
       212        212    40.01236505    22.53169242    26.00855149   127.82    87.17   152.82  8.85315e+07       9.85     8.92       2.51     8.23   0.029944      -0.6454       0.6404       0.4162   1.000000   0.829564  -0.430674   0.355449   0.889740   0.149296   0.784419   0.601995   0.800136  -0.538084  -0.446326   0.715023   297.29          9.8     10        3.00161e+09   -5.74844e+09     0.27251         0.47781        2.14934      0.035601
       207        207    39.91087202    22.48670991    26.29307780  -133.77   178.25     4.18  8.64434e+07       6.38     8.82       3.53     9.91   0.099447      -0.9198     -0.06873      -0.3862   1.000000   0.744742   0.264035   0.612898   0.832688  -0.602445  -0.129092   0.787652   0.796098  -0.287088   0.955835  -0.062926  1070.80        1.918     10        4.24217e+09   -6.09234e+09     0.15808         0.41902        0.69985      0.079949
       206        206    39.71913541    22.52598353    26.28333221   266.41    -0.34    60.37  8.60258e+07       6.28    12.75       1.09    11.33   0.019900       0.5557      -0.6807       0.4773   1.000000  -0.068532   0.625976   0.776825   0.889428   0.017187   0.779281  -0.626439   0.830601   0.997501   0.029580   0.064164  1116.03        1.812     10        5.52288e+09   -1.10931e+10     0.12310         0.23614        0.65341      0.027680
       196        196    39.84704398    22.41033188    26.20875895    90.15   329.24    15.37  8.18498e+07       2.37    19.89       0.68    17.36   0.007699      0.04209     -0.06255       0.9972   1.000000   0.219398   0.865284   0.450719   0.822943  -0.716238  -0.170840   0.676621   0.711447   0.662471  -0.471271   0.582268 19766.85            0     10        1.23365e+10    -2.5716e+10     0.05644         0.05373        0.43449      0.010715
       193        193    39.64503526    22.46392425    26.13330903   111.32    88.62    22.87   8.0597e+07       9.55    10.27       1.66     9.25   0.017831       0.6959       0.3998      -0.5966   1.000000   0.986996  -0.085549   0.136090   0.823832  -0.067187   0.549568   0.832743   0.738670   0.146031   0.831057  -0.536674   296.85        9.509     10        3.45076e+09   -6.85162e+09     0.09374         0.10258        0.59707      0.025516
       190        190    39.82950731    22.45464619    26.15706104  -107.64    68.90   -70.09  7.93442e+07       4.73    12.12       1.47    11.45   0.024558        0.329      -0.1333       0.9349   1.000000  -0.483139  -0.281712   0.828984   0.783766   0.616713   0.562581   0.550607   0.672532  -0.621483   0.777265  -0.098070  2410.53       0.6319     10        5.19698e+09   -9.43349e+09     0.19851         0.11363        0.96160      0.028028
       185        185    39.94756899    22.33879000    26.20482929   109.13   258.31    59.79  7.72562e+07       7.36    11.75       1.09    10.76   0.010515      -0.8179     -0.01653      -0.5751   1.000000  -0.521380   0.826333  -0.212923   0.846489   0.713636   0.285432  -0.639728   0.775427   0.467853   0.485491   0.738520   621.31        3.818     10        4.47123e+09   -8.67884e+09     0.13037         0.37828        0.62397      0.015329
       172        172    39.63658842    22.41342758    26.30407455   122.99    94.04   124.90  7.18274e+07       9.03    10.20       1.24     9.14   0.022076       0.7148       0.3036         0.63   1.000000  -0.615843  -0.179550   0.767137   0.846739   0.762332  -0.381687   0.522652   0.649563   0.198964   0.906685   0.371936   313.26        9.014     10        2.99822e+09   -5.68064e+09     0.17887         0.25346        0.65759      0.030606
       164        164    40.04229892    22.46423039    26.08082376    64.73   219.06   105.72  6.84866e+07       8.94     8.09       0.52     7.65   0.034142       0.7178      -0.6426       -0.268   1.000000  -0.418485   0.389515   0.820456   0.803976   0.218077   0.920031  -0.325555   0.736721   0.881653  -0.042683   0.469964   307.16        8.923     10        2.00526e+09   -3.96865e+09     0.11630         0.37779        0.36030      0.042275
       160        160    39.91423597    22.42084536    26.25569427   291.09   176.74   132.71  6.68162e+07       4.51    10.35       1.29    12.08   0.014717      -0.9077       0.4165     -0.05196   1.000000   0.682164  -0.702709   0.202118   0.791568  -0.597125  -0.375840   0.708650   0.715097   0.422011   0.604106   0.675990  2339.50        0.621     10        4.87815e+09   -6.07715e+09     0.06120         0.47784        0.81724      0.010363
