#  npart(1)  nvpart(2)      Xc(3)          Yc(4)          Zc(5)      VXc(6)   VYc(7)   VZc(8)    Mvir(9)      Rvir(10) Vmax(11)   Rmax(12) sigV(13) lambda(14)      Lx(15)       Ly(16)       Lz(17)     a(18)     Eax(19)    Eay(20)    Eaz(21)     b(22)     Ebx(23)    Eby(24)    Ebz(25)     c(26)     Ecx(27)    Ecy(28)    Ecz(29) ovdens(30)    Redge(31) nbins(32)     Ekin(33)       Epot(34)   mbp_offset(35)  com_offset(36)   r2(37)      lambdaE(38)
    252977     252977    38.07804166    20.83704122    26.12149643    93.72    86.57   -16.36  1.05643e+11     115.85   144.16      93.35   163.00   0.051541      -0.9454      -0.1385      -0.2949   1.000000  -0.033365  -0.186311   0.981924   0.801485  -0.572372   0.808964   0.134045   0.704155   0.819315   0.557554   0.133630   218.09        115.8     29        1.40347e+15   -1.84676e+15     0.02452        16.98768       67.91918      0.032572
    140423     140423    37.90043009    21.00560066    25.73237969   114.11   100.89    61.67  5.86408e+10      95.21   113.72      76.74   145.25   0.131005       0.5495      -0.8351       0.0273   1.000000   0.195301  -0.394364   0.897961   0.641738   0.082490   0.918953   0.385643   0.579817   0.977268   0.001244  -0.212004   218.08        95.21     28        6.18581e+14   -6.67977e+14     0.21016         8.73186       85.97501      0.045136
     40717      40717    37.80007052    21.21776346    25.61081465    58.69   -20.31    56.53  1.70035e+10      63.02    80.28      32.81    95.58   0.032500       0.0123      -0.8025      -0.5965   1.000000  -0.194345   0.784884  -0.588377   0.846240   0.969916   0.064115  -0.234843   0.709505   0.146601   0.616317   0.773732   218.06        63.02     25        7.76747e+13    -9.8135e+13     0.09010         4.94744       23.81212      0.020220
     33145      33145    37.91415032    20.95728520    25.83347786    27.73    18.41    22.43  1.38414e+10      58.89    75.62      45.99   102.32   0.031510       0.2036       0.8436       0.4969   1.000000  -0.458481   0.803003  -0.380764   0.894367  -0.511981   0.111546   0.851723   0.795025   0.726410   0.585443   0.359981   217.47        58.87     24        7.24538e+13   -7.03805e+13     0.11900         4.12753       31.98331      0.007411
     29587      29587    37.86368683    21.07123901    25.66898811   137.76    37.59    91.00  1.23556e+10      54.92    77.24      35.38    97.23   0.025200       0.9259      -0.3608      -0.1116   1.000000  -0.358105   0.914327  -0.189123   0.819526   0.435806   0.342822   0.832193   0.739525   0.825732   0.215592  -0.521236   239.36        50.04     24        5.83974e+13   -6.59565e+13     0.21527         4.07484       20.54154      0.012243
     23314      23314    37.54064044    20.42726411    25.12175564   132.79   105.01    35.39  9.73595e+09      52.33    69.76      22.38    81.62   0.034466      -0.8472       0.4782       0.2313   1.000000   0.424896   0.432695   0.795135   0.789939  -0.269489   0.899002  -0.345211   0.744775   0.864199   0.067601  -0.498589   218.09        52.33     23        3.24263e+13   -4.31354e+13     0.28517         1.49825        8.65214      0.024689
     15777      15777    37.67206008    21.33269860    26.05226117   146.54    42.09   -29.07  6.58849e+09      45.94    57.40      28.77    64.65   0.045231      -0.6762       0.6622        0.323   1.000000  -0.366753   0.162140   0.916080   0.974530   0.748303   0.636474   0.186932   0.817900  -0.552752   0.754063  -0.354758   218.03        45.94     22        1.37674e+13   -2.02449e+13     0.21568         2.47103       12.76367      0.034892
     14312      14312    37.35226801    21.64236592    25.75945433   106.18    62.28    35.06  5.97671e+09      44.48    54.54      35.81    62.80   0.038765       -0.943       0.2695       0.1952   1.000000   0.826048  -0.563595   0.002059   0.973405   0.559016   0.819791   0.124275   0.849322  -0.071729  -0.101506   0.992246   218.03        44.47     22        1.17853e+13   -1.59817e+13     0.28555         3.13269       40.14496      0.026105
     12128      12128    38.08027700    20.83613118    26.03184867   112.71    53.18   -45.85  5.06467e+09      33.17    57.50      26.60    85.84   0.057605      -0.8532       0.1603      -0.4963   1.000000   0.430439  -0.027879   0.902189   0.829231   0.899595   0.095002  -0.426266   0.693089  -0.073825   0.995087   0.065972   445.55        16.23     21        1.86586e+13   -1.39771e+13     0.12199         3.87655       29.88303      0.041754
     10477      10477    37.71079775    21.67035761    25.17806548    46.71    42.09    52.02  4.37521e+09      40.09    48.81      33.53    60.10   0.080163       0.9124       0.3521       0.2089   1.000000  -0.220170   0.888153   0.403373   0.864438   0.516131  -0.244824   0.820774   0.627337   0.827728   0.388903  -0.404500   217.96        40.08     21        7.90096e+12    -8.6447e+12     0.83948         9.90852       36.81090      0.029474
     10172      10172    38.28739476    20.57819113    26.04772503    20.30   122.21    35.53  4.24784e+09      39.69    50.62      21.06    57.86   0.040308       0.5711      -0.7701      -0.2843   1.000000   0.070231   0.701295   0.709404   0.874268  -0.987632   0.148824  -0.049347   0.734303   0.140183   0.697164  -0.703073   218.01        39.69     21        7.10983e+12   -9.85557e+12     0.36165         2.13605       12.48704      0.029185
      9809       9809    38.07137346    20.83155990    26.09644974    23.19   113.71    24.68  4.09625e+09      14.43    79.29      12.10   112.08   0.069781      -0.9514       0.2938       0.0919   1.000000   0.096681   0.073102   0.992627   0.764265  -0.683147   0.730169   0.012765   0.741971   0.723853   0.679344  -0.120533  4379.18       0.7184     21        2.57262e+13   -2.02622e+13     0.09927         0.53061       11.12968      0.044559
      9350       9350    38.48422274    20.39476743    25.95142703    67.20   127.53    36.80  3.90457e+09      38.59    48.32      15.88    59.36   0.016801       0.7498      -0.6083       0.2601   1.000000  -0.409456   0.791286   0.454106   0.796168   0.178857  -0.418463   0.890449   0.748717   0.894626   0.445819   0.029815   218.08        38.59     21        6.87947e+12   -8.49064e+12     0.18108         0.99818       11.45312      0.009996
      8610       8610    37.64955061    21.82024113    25.06178843    57.75    36.62    43.38  3.59555e+09      37.55    48.84      18.11    52.66   0.025939       0.7957      -0.2874      -0.5331   1.000000  -0.163580   0.827819   0.536617   0.855269  -0.378817  -0.554952   0.740626   0.785891   0.910900  -0.082128   0.404371   218.03        37.54     20        4.98484e+12   -7.82882e+12     0.20213         1.02245        9.93299      0.021963
      8440       8440    37.88774855    21.00948668    25.81723846    -3.25    28.62   -14.61  3.52455e+09      37.77    49.67      23.91    70.93   0.047903      -0.5646      -0.7083       0.4236   1.000000  -0.291294   0.922099   0.254720   0.817005   0.078070  -0.242465   0.967014   0.702547   0.953443   0.301571  -0.001359   209.93        37.57     20        8.86645e+12   -7.45428e+12     0.25591         0.57303       21.46819      0.029244
      8364       8364    38.12706763    20.75854532    26.10616172   -39.35   199.07    50.19  3.49282e+09      37.19    50.52      13.22    57.89   0.016389      -0.6686       0.2933       0.6833   1.000000  -0.566441   0.819130   0.090394   0.847071   0.745963   0.556259  -0.366218   0.738388   0.350263   0.140011   0.926128   217.90        37.19     20        5.85284e+12   -8.73692e+12     0.19906         1.48994        9.04072      0.014317
      7154       7154    38.31336051    20.58197679    26.61401529   117.06   119.74   -36.74  2.98752e+09      35.30    46.75      22.08    52.61   0.015630      0.03468       0.1425       0.9892   1.000000   0.890818   0.154695  -0.427215   0.759464   0.451484  -0.195734   0.870546   0.739049  -0.051048   0.968379   0.244206   218.07        35.29     20        4.13415e+12   -5.56149e+12     0.15133         2.23896       15.63831      0.010940
      6666       6666    38.10229326    20.88284698    26.07362252   132.75    16.58   135.04  2.78373e+09      34.59    48.18      14.22    56.41   0.034246       0.6625      -0.1631      -0.7311   1.000000   0.229180  -0.728563   0.645502   0.874792  -0.950030  -0.023029   0.311307   0.738944   0.211941   0.684592   0.697435   215.80        34.55     20        4.42826e+12   -5.77983e+12     0.18061         0.58334       10.25270      0.024783
      6598       6598    37.90076704    20.95464312    25.77726360   -20.27    41.15    -8.54  2.75533e+09      34.41    44.94      21.18    62.92   0.032862      -0.5518       0.7791      -0.2975   1.000000   0.393490   0.046622   0.918146   0.809684  -0.284300   0.955929   0.073302   0.661310   0.874265   0.289873  -0.389403   217.11        34.38     20        5.45412e+12   -4.85415e+12     0.14844         4.68283       18.90267      0.015965
      6124       6124    37.49359014    21.49355909    25.94246922   128.89    55.09   -18.84  2.55739e+09      33.51    42.34      26.52    43.95   0.032714      -0.4896       0.6029      -0.6299   1.000000   0.613303  -0.392533  -0.685403   0.946355   0.628288  -0.283427   0.724516   0.800744   0.478658   0.874978  -0.072797   218.08        33.51     19        2.47046e+12   -4.07756e+12     0.31158         1.27793       18.79942      0.027657
      5703       5703    37.38031591    21.68917016    25.75900779   117.77    52.57   -30.30  2.38158e+09      32.13    42.59      19.97    53.01   0.042167      -0.5138       0.4337      -0.7403   1.000000   0.960960   0.071517   0.267285   0.960705  -0.235998   0.716127   0.656862   0.903226  -0.144434  -0.694297   0.705047   230.45        30.41     19        3.34667e+12   -3.96484e+12     0.26163         2.03680        8.74771      0.023247
      5265       5265    37.88070849    20.98181043    25.70965340   236.32   116.19    36.45  2.19867e+09      19.61    51.34      15.62    66.23   0.066275       0.5358      -0.7818       0.3189   1.000000   0.735160   0.507389   0.449551   0.828831  -0.657707   0.373233   0.654308   0.750836  -0.164201   0.776694  -0.608099   935.92        4.569     19         4.8222e+12   -4.97454e+12     0.06635         0.76063       11.18561      0.015349
      5014       5014    38.17467344    20.73644977    26.38909356    77.18    67.72   -74.66  2.09385e+09      31.36    40.70      19.62    48.66   0.042367      -0.8801       0.3388      -0.3328   1.000000   0.174240   0.176256   0.968800   0.860833   0.902458  -0.422209  -0.085495   0.755196   0.393967   0.889198  -0.232629   217.95        31.35     19        2.47858e+12   -3.19911e+12     0.19930         1.70785       13.89878      0.028336
      4864       4864    37.78752698    21.39978833    24.99872565    50.06    75.27    79.21  2.03121e+09      31.04    38.10      24.36    41.99   0.035866       0.4431       0.4957       -0.747   1.000000  -0.256313  -0.398436   0.880655   0.946989  -0.565733   0.800575   0.197550   0.835716   0.783741   0.447581   0.430606   218.04        31.04     19        1.79094e+12   -2.64175e+12     0.16473         1.09531       27.69672      0.026732
      4762       4762    37.99972478    21.12060837    25.46526675    19.22    67.17   117.09  1.98862e+09      30.82    38.43      24.40    46.80   0.047754       0.6448      -0.1062       0.7569   1.000000   0.164742  -0.473834   0.865068   0.775054  -0.206029   0.841172   0.499981   0.641649   0.964579   0.260597  -0.040953   218.04        30.82     19        2.17733e+12   -2.69815e+12     0.30852         4.36803        8.59082      0.028344
      4682       4682    38.56634520    20.33660638    25.91385856    21.04    91.59    55.98  1.95521e+09      30.64    41.45       9.31    47.00   0.015678       -0.345       -0.857      -0.3828   1.000000   0.532290  -0.585796  -0.611155   0.816609   0.783342   0.067080   0.617961   0.666418   0.321003   0.807678  -0.494584   218.05        30.64     19        2.15972e+12   -3.01132e+12     0.24769         1.50354        6.55925      0.012068
      4098       4098    38.04883731    20.84655975    26.11331334   -59.01   180.23    21.37  1.71133e+09      21.02    49.51      13.52    70.68   0.046187       0.4614      -0.7498       0.4742   1.000000  -0.082668   0.047140   0.995462   0.695799  -0.631589   0.770187  -0.088922   0.660779   0.770884   0.636073   0.033897   591.74        7.746     18        4.27437e+12    -3.5241e+12     0.11034         0.50438        9.76609      0.031573
      4096       4096    37.97364447    20.40895844    26.47250710   158.71   155.57   -26.66  1.71049e+09      29.31    34.64      23.43    40.55   0.033629       0.4881       0.4063       0.7725   1.000000   0.722283  -0.682384  -0.112514   0.701545  -0.421118  -0.562994   0.711124   0.521356   0.548605   0.466251   0.694005   218.07        29.31     18        1.40614e+12   -1.77592e+12     0.42587         2.12661       26.36888      0.019068
      3473       3473    38.11710568    20.50542563    25.83385238   117.63   165.90    52.47  1.45033e+09      27.75    35.35      17.11    38.37   0.052515      -0.5978       0.4961      -0.6297   1.000000   0.837805   0.201091  -0.507587   0.974818  -0.239922   0.970725  -0.011434   0.832864   0.490428   0.131360   0.861525   217.91        27.74     18        1.06748e+12    -1.5956e+12     0.27509         0.95167       11.99577      0.040836
      3446       3446    38.31675093    20.68518439    25.77338181    14.02    67.15    91.07  1.43905e+09      27.67    35.49      13.07    38.40   0.022362       0.5021      -0.8516       0.1503   1.000000   0.630010   0.529185   0.568376   0.931722   0.197140  -0.816895   0.542051   0.807774   0.751148  -0.229448  -0.618975   218.05        27.67     18        1.06086e+12   -1.66811e+12     0.22734         1.80266        7.04681      0.018766
      3198       3198    37.97470350    20.62181662    26.19681878   185.12   198.80   -15.21  1.33549e+09      26.99    33.92      20.95    40.12   0.062212      -0.5874      -0.6761      -0.4448   1.000000  -0.480389  -0.305578   0.822100   0.842547  -0.805483   0.524589  -0.275687   0.836757   0.347021   0.794625   0.498145   217.93        26.99     18        1.07459e+12   -1.41941e+12     0.21872         1.40398        5.24499      0.041870
      2775       2775    37.76170071    21.32576712    25.14972157    82.34    78.79    85.08  1.15884e+09      25.74    31.98      20.14    36.36   0.025185       0.9881      -0.1537     0.007772   1.000000   0.118340   0.913549  -0.389133   0.895665   0.046647   0.386339   0.921176   0.736469   0.991877  -0.127164   0.003105   217.98        25.74     17        7.66186e+11   -1.06179e+12     0.31239         1.01406       10.98225      0.017663
      2742       2742    38.06828284    20.82920891    26.06760553    59.08    85.89    21.83  1.14506e+09      11.25    47.55       9.14    68.70   0.080267      0.05914      -0.6432       0.7634   1.000000  -0.087937   0.402247   0.911298   0.825723  -0.707138   0.619129  -0.341519   0.739756   0.701586   0.674446  -0.229999  2581.45       0.9504     17        2.70201e+12   -2.13032e+12     0.24226         0.47874        8.27737      0.052373
      2740       2740    38.03450761    20.73050316    26.15159684   211.13   218.39   -37.30  1.14423e+09      25.63    31.71      20.36    37.69   0.052519      -0.9067      -0.2254       0.3566   1.000000   0.206016   0.809073  -0.550416   0.920318   0.935251   0.002666   0.353975   0.779167  -0.287859   0.587701   0.756138   218.01        25.63     17        8.12821e+11   -1.08177e+12     0.42076         0.44598       11.52005      0.035506
      2717       2717    38.03570932    20.91974294    26.05229127   180.62   -41.66     8.34  1.13462e+09      25.58    32.93      16.13    38.05   0.042351      -0.6059      -0.7304       0.3153   1.000000  -0.601767   0.652703  -0.460278   0.819978  -0.008503   0.571036   0.820881   0.705484   0.798627   0.497893  -0.338080   217.56        25.57     17        8.21217e+11   -1.11231e+12     0.44469         0.69062       11.48949      0.030007
      2594       2594    37.98922116    20.95392224    26.01134760   185.99   -29.24   -17.98  1.08326e+09      25.18    30.67      19.67    37.40   0.049257       -0.606       0.5367      -0.5871   1.000000  -0.133174   0.991089   0.002647   0.870508   0.217137   0.026571   0.975779   0.758882   0.967014   0.130523  -0.218741   217.73        25.17     17        7.57447e+11   -9.49472e+11     0.29595         1.77890       22.42786      0.029459
      2586       2586    37.61932040    20.48754029    25.22776870   117.01   138.87   -11.07  1.07992e+09      25.15    32.23      15.89    38.67   0.039063       0.9611       0.2739      0.03598   1.000000   0.625209   0.092352   0.774974   0.834202   0.448326   0.770298  -0.453481   0.699976  -0.638841   0.630961   0.440193   217.92        25.15     17        8.07494e+11   -1.05688e+12     0.38947         1.38938        2.86167      0.026688
      2581       2581    38.23741083    20.73246699    26.41892465    74.03    41.65   -85.87  1.07783e+09      25.13    33.83      13.21    36.77   0.068256      -0.6554      0.07352      -0.7517   1.000000   0.311378   0.599247   0.737527   0.812807   0.499407   0.557104  -0.663497   0.788693   0.808478  -0.574925   0.125798   217.96        25.13     17         7.2853e+11   -1.08821e+12     0.49525         0.51405        9.63253      0.056092
      2496       2496    37.76628403    21.31327225    25.60485914   190.78    22.50    61.41  1.04233e+09      24.88    34.80      10.55    42.50   0.052033       0.8551       0.4742      -0.2096   1.000000   0.429917   0.043969   0.901797   0.880720   0.875621  -0.263835  -0.404573   0.836120   0.220137   0.963565  -0.151927   217.34        24.86     17        9.41556e+11   -1.10131e+12     0.42277         0.39523        5.00587      0.029318
      2404       2404    37.69622940    21.78090586    24.84663651    64.17    65.00    58.75  1.00391e+09      24.54    30.62      19.59    32.41   0.034953       -0.418        0.419        0.806   1.000000  -0.509534   0.763968  -0.395889   0.857825   0.491465   0.636058   0.594889   0.741794   0.706284   0.108551  -0.699557   217.97        24.54     17        5.27296e+11   -8.13335e+11     0.23523         1.38843       17.61172      0.027178
      2361       2361    38.25344526    20.20473265    25.69945992   111.42   141.96    44.95  9.85956e+08      24.40    31.22      14.59    34.25   0.024450      -0.6519       0.4784      -0.5884   1.000000   0.286027   0.921669  -0.262133   0.823496   0.535047   0.073326   0.841634   0.792859   0.794930  -0.380984  -0.472163   217.74         24.4     17        5.78273e+11   -8.78678e+11     0.27987         0.31039        7.73280      0.019782
      2227       2227    38.04132324    20.77082432    26.10753596   258.66   241.94    38.65  9.29998e+08      23.92    29.61      18.29    33.86   0.065724       0.8779      -0.1774       0.4447   1.000000   0.206763   0.824589  -0.526595   0.687648   0.523763   0.361321   0.771440   0.651855   0.826390  -0.435316  -0.357182   218.02        23.92     17        5.33129e+11   -7.89633e+11     0.24591         0.81616       16.14096      0.051576
      2192       2192    37.74373888    21.59624848    24.89916410    54.86    70.48    74.51  9.15382e+08      23.80    30.38      11.30    33.06   0.014505      -0.6026      -0.3826      -0.7003   1.000000  -0.306078   0.907620  -0.287301   0.914620  -0.523424   0.091639   0.847130   0.876261   0.795200   0.409668   0.447022   217.98         23.8     17        5.00325e+11   -7.79543e+11     0.21287         0.75671        3.72282      0.012034
      2079       2079    38.52780032    20.40969155    26.61421980    82.85   119.31    -7.56  8.68193e+08      23.40    31.71      10.96    35.92   0.069721       0.1559      -0.9865      0.04981   1.000000  -0.386156  -0.143715   0.911169   0.982802   0.771652  -0.591545   0.233726   0.907471   0.505407   0.793360   0.339327   217.54        23.39     17        5.60194e+11   -7.60803e+11     0.58881         1.71719        5.67006      0.051258
      2058       2058    37.25775910    21.73706408    25.81351819   133.79    54.82   -56.73  8.59423e+08      23.31    29.92      16.13    32.56   0.037879      0.08721      -0.3924       0.9156   1.000000   0.934503   0.052292   0.352094   0.871566  -0.321305  -0.301779   0.897604   0.691448  -0.153192   0.951943   0.265211   217.90         23.3     17         4.5545e+11   -6.33893e+11     0.68057         4.58850       12.28649      0.026480
      1888       1888    37.91114142    21.01331284    25.73459207    41.69   210.68     8.02  7.88431e+08       8.98    45.46       7.21    63.22   0.091792       0.1198       0.3625       0.9242   1.000000   0.854051  -0.452077   0.257339   0.727359   0.336764   0.857550   0.388843   0.677078  -0.396468  -0.245429   0.884634  3498.55       0.5596     16        1.57536e+12   -1.35069e+12     0.12352         0.90538        5.21966      0.048710
      1861       1861    37.89992573    21.05037924    26.00841456   172.10    -0.22   -37.75  7.77156e+08      22.53    30.70       8.08    31.51   0.024744       0.6208      -0.7406      -0.2571   1.000000   0.176830  -0.088341   0.980269   0.854836  -0.115478   0.987223   0.109798   0.799721   0.977444   0.132615  -0.164370   217.96        22.53     16        3.85897e+11   -6.57041e+11     0.27737         0.96339        5.54574      0.023187
      1819       1819    38.46892978    20.47190915    26.60928423    95.52   112.23     0.14  7.59617e+08      22.36    29.91      10.60    32.56   0.030456       0.6276      -0.2489       0.7377   1.000000   0.003408   0.862224  -0.506515   0.945448   0.995599   0.044513   0.082470   0.912969  -0.093654   0.504567   0.858278   218.00        22.36     16        4.02733e+11   -6.06789e+11     0.31157         0.52610        7.35726      0.025233
      1798       1798    37.71653486    21.12356347    25.31452775   144.60    92.98    89.09  7.50847e+08      22.28    29.36      10.41    32.08   0.022972      -0.6835       0.4568       0.5694   1.000000   0.472082   0.631637   0.614957   0.873517   0.122018  -0.737686   0.664026   0.761920   0.873069  -0.238439  -0.425320   217.87        22.28     16        3.86293e+11   -5.77146e+11     0.09840         0.56825        7.17021      0.018587
      1713       1713    38.01148712    20.49845426    26.38829533   158.29   151.54   -19.03  7.15351e+08      21.92    26.88      17.27    37.47   0.087793       0.7113       0.1656      -0.6831   1.000000   0.490089  -0.134364   0.861254   0.921092   0.783787   0.500284  -0.367958   0.776577  -0.381432   0.855372   0.350497   218.03        21.92     16        5.02131e+11   -4.41476e+11     0.28595         0.72757       19.59433      0.041690
      1630       1630    37.70927016    21.94365878    25.32697298    21.95    14.32    23.42   6.8069e+08      21.61    26.38      16.94    29.16   0.036129      -0.5975       -0.316        0.737   1.000000  -0.070086   0.997499  -0.009191   0.781828   0.659473   0.053244   0.749841   0.744672   0.748454   0.046492  -0.661555   216.39        21.58     16        2.89452e+11   -4.30546e+11     0.29687         1.17434       19.27585      0.027306
      1503       1503    37.98966554    20.93997377    25.97897468   163.84   -14.78    21.49  6.27655e+08      18.67    28.50      11.33    34.70   0.026203       0.7636         0.46      -0.4532   1.000000   0.830693   0.253027  -0.495910   0.907274  -0.390830   0.899402  -0.195775   0.829540   0.396486   0.356445   0.846018   309.52        13.16     16        3.77956e+11   -4.45338e+11     0.28990         0.20090        7.85159      0.013795
      1501       1501    37.27439884    21.79790172    25.76258119   147.67    85.68    -0.04  6.26819e+08      21.07    25.88      16.57    30.22   0.026771      0.07233       0.3695       0.9264   1.000000   0.081812   0.911380  -0.403353   0.901021   0.995799  -0.058054   0.070806   0.788177  -0.041115   0.407452   0.912301   215.12        21.02     16        2.86136e+11   -3.77294e+11     0.32596         0.55253        5.66181      0.017438
      1476       1476    38.59127805    21.19429192    25.33702774    40.13     6.46    31.01  6.16379e+08      20.87    25.92      16.17    30.34   0.041569       0.9347       0.2917      -0.2029   1.000000   0.573961   0.719958  -0.390165   0.937695  -0.373647   0.654224   0.657555   0.846384   0.728668  -0.231627   0.644509   217.66        20.86     16        2.83767e+11   -3.79862e+11     0.25273         0.56610        6.67710      0.028137
      1457       1457    38.29068854    20.60746166    26.00834749   112.38   160.07    76.93  6.08445e+08      20.79    28.78      11.02    33.15   0.061610      -0.1375        0.164       0.9768   1.000000   0.689939   0.633204  -0.350766   0.880836  -0.723404   0.585811  -0.365393   0.715145  -0.025886   0.505844   0.862236   217.44        20.78     16        3.34408e+11   -4.29708e+11     0.46497         1.21051        6.53338      0.041987
      1380       1380    37.79834988    21.26491437    25.54443514    62.91   -85.59    67.44   5.7629e+08      20.56    27.11      12.55    33.64   0.016266      -0.2615       0.9364      -0.2339   1.000000   0.086082  -0.104699   0.990771   0.980309   0.112588   0.989115   0.094742   0.738307   0.989906  -0.103393  -0.096933   212.76         20.5     15        3.26058e+11   -3.91178e+11     0.37357         1.71091        8.72772      0.009622
      1323       1323    37.85734571    20.83278030    25.62629110   153.75   199.81    68.82  5.52486e+08      20.12    24.88      15.94    27.85   0.091121        0.682       0.6081      -0.4063   1.000000   0.265961   0.721887   0.638862   0.739112   0.228860  -0.691067   0.685601   0.672733   0.936423  -0.036133  -0.349008   217.72        20.11     15        2.14305e+11   -3.08262e+11     0.57925         2.23684       18.03210      0.066807
      1271       1271    37.15282421    21.86437638    25.74520409   156.98    98.06    10.94  5.30771e+08      19.88    24.66      15.59    31.60   0.087560       0.2483      -0.9637     -0.09853   1.000000   0.391570  -0.607658   0.690959   0.987648  -0.853904   0.039794   0.518907   0.794006   0.342814   0.793201   0.503300   216.87        19.86     15        2.65046e+11   -2.89451e+11     0.25233         1.77940       10.90199      0.033851
      1205       1205    38.10395194    20.58741154    26.37426232   125.80   176.67   -27.07  5.03209e+08      19.51    23.74      15.64    27.80   0.094295      -0.8394      -0.5276      -0.1302   1.000000   0.916047  -0.353810   0.188884   0.683246   0.239326   0.860120   0.450462   0.637191  -0.321841  -0.367440   0.872586   217.63         19.5     15        1.94484e+11   -2.38606e+11     0.65812         4.06287       17.57072      0.051216
      1168       1168    38.51092649    20.30681280    25.89493993    85.95   149.07    63.37  4.87758e+08      19.30    24.40      12.64    34.25   0.052872       0.7799       0.4106       0.4724   1.000000  -0.063266  -0.689700   0.721326   0.815152  -0.454386   0.663421   0.594480   0.789434   0.888555   0.290150   0.355362   217.84        19.29     15         2.8614e+11   -2.50453e+11     0.54679         2.30478        9.25648      0.026502
      1158       1158    38.26117144    20.43666396    26.79376293   140.93   121.81   -27.67  4.83582e+08      19.25    24.72      11.08    26.75   0.022896      -0.8755        0.465       0.1314   1.000000  -0.177640   0.102354   0.978758   0.966093   0.937184   0.321011   0.136525   0.817757  -0.300218   0.941528  -0.152949   217.54        19.25     15        1.72974e+11   -2.70375e+11     0.15825         1.01263        4.25024      0.019101
      1154       1154    38.52543536    20.34139203    26.51381228    75.19   120.64    16.61  4.81912e+08      19.23    27.61      10.25    32.11   0.040780       0.2973       0.6648      -0.6853   1.000000   0.766885  -0.630651   0.119018   0.799141   0.122663   0.326062   0.937357   0.745242   0.629953   0.704246  -0.327410   217.60        19.22     15        2.48471e+11   -2.96627e+11     0.46119         0.99266        7.52592      0.023989
      1153       1153    38.03907353    20.79664588    26.19072618    61.83    23.48   -49.83  4.81494e+08      19.21    24.17       7.00    32.00   0.043565      0.05466       0.2636      -0.9631   1.000000  -0.091378  -0.128527   0.987487   0.793289   0.795340  -0.606140  -0.005295   0.645066   0.599236   0.784905   0.157610   217.94        19.21     15         2.4656e+11   -3.13513e+11     0.24722         1.81806        2.26308      0.030232
      1129       1129    37.71466235    21.65613495    25.18395659    31.18    45.22    21.03  4.71472e+08      11.83    31.45       7.18    43.84   0.058181       0.3704      0.01869      -0.9287   1.000000   0.616327   0.593712  -0.517345   0.798098   0.343473   0.388503   0.855039   0.743645  -0.708637   0.704678  -0.035521   913.03        2.827     15        4.53121e+11   -3.99987e+11     0.10254         2.16012        6.38759      0.028829
      1126       1126    37.83107944    21.45515065    24.79704297    39.46    65.62    79.12  4.70219e+08      19.06    23.67      15.05    27.82   0.019982        0.989      -0.1138     -0.09458   1.000000   0.655424   0.742103  -0.140365   0.944230   0.526463  -0.582167  -0.619611   0.855516   0.541532  -0.332211   0.772256   217.87        19.06     15        1.82019e+11   -2.37037e+11     0.41497         0.50732       17.05485      0.012821
      1125       1125    38.45974679    20.11248042    25.62670330    90.87   108.92    64.20  4.69801e+08      19.09    23.00      15.09    26.38   0.051731     -0.03362       -0.998     -0.05306   1.000000   0.043227   0.866139   0.497930   0.978076   0.102257  -0.499615   0.860191   0.766410   0.993818   0.013733  -0.110166   216.89        19.06     15         1.6347e+11   -2.11007e+11     0.40604         3.74067       17.08884      0.030900
      1094       1094    38.58060064    19.72268658    25.69654585    99.70   118.24    24.76  4.56856e+08      18.90    23.42      14.92    27.32   0.056878      -0.5782       0.2652      -0.7716   1.000000   0.012810   0.782353   0.622703   0.846676   0.786256  -0.392631   0.477119   0.773243   0.617768   0.483492  -0.620160   217.04        18.89     15        1.70437e+11   -2.34339e+11     0.34038         1.05916        4.08133      0.040314
      1080       1080    37.95981831    21.23825903    26.54912524   143.05    43.63   -35.28  4.51009e+08      18.80    23.28      14.79    26.05   0.031994      -0.8818      0.09489      -0.4619   1.000000  -0.420882   0.902686  -0.089530   0.901067   0.756723   0.403816   0.514105   0.805755  -0.500229  -0.148628   0.853042   217.79         18.8     15        1.53005e+11   -2.22746e+11     0.12410         0.45024       16.79801      0.023932
      1079       1079    37.72399004    21.10706419    25.40770744   139.04    82.91    88.41  4.50592e+08      18.79    24.18       6.88    25.97   0.074709      -0.6999       0.6748       -0.234   1.000000   0.648579   0.418366   0.635858   0.863693  -0.515808  -0.372735   0.771370   0.749604  -0.559721   0.828274   0.025952   217.99        18.79     15        1.51928e+11   -2.40522e+11     0.28509         1.75748        3.69704      0.063025
      1068       1068    37.30151636    21.72597404    25.46770197   128.99    90.61    50.06  4.45998e+08      18.76    22.92      14.88    25.21   0.087139       0.6834      -0.2813      -0.6737   1.000000   0.808649  -0.154764   0.567569   0.729405  -0.161262   0.869506   0.466855   0.664418  -0.565757  -0.469049   0.678168   216.66        18.74     15        1.41721e+11   -2.03697e+11     0.40887         1.88674       16.82271      0.062074
      1039       1039    37.71753751    21.63719305    25.16260022    92.04    21.83    26.39  4.33888e+08      17.41    25.74      10.97    32.51   0.023176      -0.6334      -0.6992      -0.3316   1.000000   0.815935  -0.240920   0.525555   0.902542  -0.005345   0.905856   0.423553   0.889740  -0.578119  -0.348401   0.737832   263.86        14.39     15        2.29279e+11   -2.45204e+11     0.31655         0.79263        7.80810      0.008286
      1006       1006    38.00938826    20.67869576    26.15721149   247.82   181.27   -16.19  4.20107e+08      18.36    23.18      11.12    27.44   0.049175       -0.303      -0.8926       0.3338   1.000000   0.550376   0.831451  -0.075991   0.822283   0.060165   0.051283   0.996870   0.780030   0.832746  -0.553226  -0.021800   217.83        18.36     15        1.58112e+11   -2.06077e+11     0.20276         1.24801        5.99275      0.032363
       935        935    37.72041694    21.32249531    26.08287220   163.26   100.91   -76.58  3.90457e+08      17.95    23.46       8.32    25.68   0.032929      -0.9386       0.2998       -0.171   1.000000   0.014336  -0.640635   0.767712   0.914372   0.978319   0.167636   0.121618   0.792432  -0.206609   0.749323   0.629148   216.78        17.93     14        1.28771e+11   -1.98936e+11     0.38867         0.66533        2.64780      0.027882
       875        875    38.07447693    20.82393534    26.07657936   272.05   -80.58   -43.77  3.65401e+08       6.04    37.66       4.83    57.18   0.022593      -0.1117      -0.9866       0.1187   1.000000   0.248431  -0.264688   0.931784   0.876498   0.155658   0.960349   0.231301   0.808146   0.956061  -0.087577  -0.279782  5329.51        0.247     14        5.97451e+11   -4.17107e+11     0.01222         0.87099        3.47710      0.019008
       846        846    37.62318670    21.43985015    25.62252926   128.78    11.78    44.06  3.53291e+08      17.34    22.23      10.16    26.66   0.033533      -0.6081       0.7834       0.1282   1.000000  -0.270776   0.765919   0.583137   0.957728  -0.512926  -0.627407   0.585891   0.778110   0.814609  -0.140461   0.562746   217.29        17.34     14        1.25596e+11   -1.59255e+11     0.25257         1.20969        6.86081      0.021366
       845        845    37.23234959    21.75512007    25.74483649   107.46    36.68    28.02  3.52873e+08      17.33    21.23      13.64    25.67   0.050965       0.1001       0.6086       0.7871   1.000000  -0.147506  -0.496149   0.855616   0.901196  -0.820331   0.544647   0.174404   0.807619   0.552539   0.676162   0.487345   217.51        17.32     14        1.16291e+11   -1.39537e+11     0.49005         1.53248       15.48495      0.027009
       839        839    37.77114760    21.27224398    25.43604451    87.48    38.68   109.29  3.50367e+08      17.30    22.90       9.91    24.24   0.030791      -0.5322      -0.4759       0.7002   1.000000  -0.329143   0.514496   0.791807   0.944480   0.173549   0.857206  -0.484849   0.792373   0.928195   0.022167   0.371434   217.21        17.29     14        1.02929e+11    -1.6305e+11     0.31370         0.32206        6.58833      0.026404
       825        825    38.48797193    20.22063939    25.83078986    88.82   129.98    59.59  3.44521e+08      17.20    21.63      11.01    25.04   0.023223       0.4445       0.1499       0.8831   1.000000   0.065443   0.904372  -0.421697   0.931647   0.276630   0.389597   0.878459   0.831735   0.958745  -0.174143  -0.224680   217.33        17.19     14        1.08035e+11   -1.41933e+11     0.61344         0.45275        7.93042      0.015163
       810        810    37.84673014    21.16269376    25.66208596   153.57    31.57   129.97  3.38257e+08      17.14    23.55       7.11    26.92   0.035975      0.04997       0.1874        0.981   1.000000  -0.217255   0.752716  -0.621465   0.950836   0.475950   0.637547   0.605810   0.717556   0.852216  -0.164171  -0.496766   215.55        17.12     14        1.22534e+11   -1.69849e+11     0.44866         1.17887        2.66119      0.028218
       798        798    38.22753419    20.73955281    26.34875742    87.68   154.48   -53.82  3.33246e+08      16.99    22.17       6.94    23.26   0.032956      -0.0764       0.1105      -0.9909   1.000000   0.976745   0.152910   0.150294   0.860164  -0.155696   0.023920   0.987515   0.761916  -0.147406   0.987951  -0.047172   217.90        16.99     14        9.01736e+10   -1.49019e+11     0.42833         0.29573        3.98572      0.029136
       787        787    38.57163137    21.18966376    25.35640108    60.44    12.01    19.42  3.28652e+08      16.95    21.76      10.48    24.43   0.046855       0.9738        0.191       -0.123   1.000000   0.457988   0.662627  -0.592598   0.888764   0.746336  -0.648763  -0.148625   0.697125   0.482939   0.374209   0.791668   216.55        16.93     14        9.80574e+10   -1.40505e+11     0.39788         0.79612        9.36121      0.035629
       771        771    37.67273131    21.39255425    25.60151817   128.59     7.77    59.86  3.21971e+08      16.83    21.95       8.03    28.29   0.024239      -0.7461       0.6646      0.03978   1.000000  -0.396557  -0.502770   0.768091   0.808751   0.911677  -0.117576   0.393728   0.698897  -0.107646   0.856386   0.504990   216.66        16.82     14        1.28815e+11   -1.45089e+11     0.43444         0.92553        5.59248      0.011609
       770        770    37.76656224    21.26896581    25.31858112    82.02    57.78    94.76  3.21553e+08      16.79    20.88      13.29    24.80   0.027276      -0.7734      -0.5872      -0.2388   1.000000   0.126246  -0.280429   0.951536   0.891497   0.801784  -0.535975  -0.264335   0.857240   0.584127   0.796298   0.157179   218.08        16.79     14        9.89198e+10   -1.21301e+11     0.27700         2.80276        7.45356      0.015319
       760        760    38.27377150    20.66210286    25.91792780    33.45    99.33   105.61  3.17377e+08      16.73    20.82      13.18    23.29   0.038868      -0.9959       0.0749     -0.05009   1.000000   0.833068  -0.529008   0.161702   0.852521   0.491814   0.842123   0.221241   0.773334  -0.253211  -0.104781   0.961720   217.57        16.72     14        8.60642e+10   -1.27439e+11     0.21449         0.38366        3.58058      0.030017
       757        757    37.93279698    20.99334736    25.66378636   217.73   121.94   148.83  3.16124e+08      16.77    21.60       9.89    25.22   0.061363      -0.1738      -0.7328      -0.6578   1.000000  -0.440561   0.429071   0.788546   0.934807   0.203736   0.903253  -0.377659   0.809469   0.874298   0.005727   0.485355   215.08        16.74     14        1.00546e+11   -1.38602e+11     0.29491         0.49458        6.71239      0.045688
       750        750    38.07886580    20.82148775    26.07130312   282.51   -89.19   -54.19  3.13201e+08       4.89    36.58       4.05    55.79   0.060858      -0.3306      -0.7221       0.6077   1.000000   0.893264  -0.396234  -0.212316   0.951743   0.164872  -0.150618   0.974747   0.708485   0.418207   0.905711   0.069213  8613.47       0.1237     14        4.87339e+11   -3.37013e+11     0.18644         0.20768        4.47033      0.049066
       732        732    37.67349528    21.12037602    25.19135224   144.57    86.11    87.13  3.05684e+08      16.51    20.64      13.33    24.35   0.045472      -0.1724       -0.578      -0.7976   1.000000   0.128007  -0.126046   0.983731   0.852245  -0.472661   0.864248   0.172242   0.692179   0.871898   0.487020  -0.051052   217.85        16.51     14        9.06205e+10   -1.11582e+11     0.60053         1.61991       12.05113      0.025785
       731        731    38.16133297    20.49529613    25.85438390    96.23   175.67    34.62  3.05266e+08      16.51    21.04       9.56    22.95   0.035548     -0.07515       0.1117       0.9909   1.000000   0.982205   0.174573  -0.069260   0.782337  -0.046542   0.583523   0.810762   0.711771  -0.181952   0.793111  -0.581265   217.70        16.51     14        8.03619e+10   -1.20111e+11     0.22160         1.36335        6.40548      0.027793
