#  npart(1)  nvpart(2)      Xc(3)          Yc(4)          Zc(5)      VXc(6)   VYc(7)   VZc(8)    Mvir(9)      Rvir(10) Vmax(11)   Rmax(12) sigV(13) lambda(14)      Lx(15)       Ly(16)       Lz(17)     a(18)     Eax(19)    Eay(20)    Eaz(21)     b(22)     Ebx(23)    Eby(24)    Ebz(25)     c(26)     Ecx(27)    Ecy(28)    Ecz(29) ovdens(30)    Redge(31) nbins(32)     Ekin(33)       Epot(34)   mbp_offset(35)  com_offset(36)   r2(37)      lambdaE(38)
   2369999    2369999    39.93406789    22.53487774    26.25879125   103.74    87.28    20.79  9.89714e+11     207.66   188.30      39.53   190.64   0.040275     0.009035       0.6196       0.7849   1.000000   0.980796  -0.079416  -0.178136   0.868820   0.192596   0.250328   0.948811   0.775253   0.030759   0.964899  -0.260816   354.73        207.7     36        1.79853e+16   -3.06327e+16     0.02958         6.69468       13.70190      0.044417
     49912      49912    39.99545861    22.53470649    26.26836355   313.21   153.58  -130.35  2.08433e+10      40.77    64.55       9.87    83.14   0.056662      -0.6971       0.6544       0.2931   1.000000  -0.039132  -0.127973   0.991005   0.797668   0.959405  -0.282027   0.001465   0.711362   0.279303   0.950833   0.133814   987.14        14.65     25        7.20384e+13    -7.9395e+13     0.06791         0.65073        2.70688      0.031709
     41205      41205    40.04316406    22.53939931    26.23154978   220.36   150.06   -42.59  1.72073e+10      35.29    53.14       3.72    71.06   0.069104      -0.5346       0.3949       0.7472   1.000000   0.895541  -0.180385   0.406778   0.911996  -0.379274   0.168662   0.909783   0.776774   0.232719   0.969027  -0.082629  1256.41        9.964     25        4.34397e+13   -4.36647e+13     0.03957         1.69769        2.01011      0.007623
     10976      10976    39.97116112    22.55268816    26.26826433   -95.10   -81.63     4.41  4.58359e+09      15.08    55.58       2.69    54.05   0.015700      -0.5676      -0.8091      -0.1526   1.000000   0.849615   0.415753   0.324507   0.962167  -0.301765   0.887833  -0.347404   0.892523  -0.432542   0.197235   0.879776  4287.34        1.248     21        6.69585e+12    -1.1893e+13     0.04156         0.13417        1.86948      0.020425
      4462       4462    40.16595025    22.49270292    26.21100515   -39.84   170.17    42.55  1.86334e+09      25.68    26.73       2.45    25.42   0.027925       -0.541       0.8156       0.2051   1.000000  -0.051049   0.964178   0.260298   0.983143   0.113220  -0.253370   0.960721   0.881363   0.992258   0.078515  -0.096230   353.33        25.67     19        6.01944e+11   -1.08503e+12     0.04425         1.54513        1.59777      0.035548
      4445       4445    40.03831366    22.45398990    26.16114448   111.05    94.32   -86.38  1.85624e+09      25.62    26.16       3.13    26.41   0.017945       0.9092     -0.04464       -0.414   1.000000  -0.612007   0.743268   0.270184   0.754657   0.718934   0.665224  -0.201521   0.700251   0.329517  -0.070911   0.941483   354.40        25.61     19        6.47414e+11   -9.50443e+11     0.09894         0.25360        2.12516      0.018140
      4349       4349    40.04613706    22.61521520    26.18833461   -95.04    41.88   -25.41  1.81615e+09      25.44    21.93       3.73    22.55   0.048067      -0.9876      -0.1359     -0.07811   1.000000   0.987983   0.118073  -0.099745   0.875204  -0.038900   0.814501   0.578856   0.835457   0.149590  -0.568020   0.809306   353.99        25.44     19        4.61828e+11   -7.67093e+11     0.11738         1.06882        2.49765      0.049675
      2717       2717    39.98576447    22.39026855    26.20238152    98.52     4.01   -28.12  1.13462e+09      21.76    26.68       2.31    23.67   0.006727      -0.6582       0.2616       0.7059   1.000000  -0.123135   0.945486   0.301485   0.785678   0.916325  -0.008321   0.400348   0.656871  -0.381032  -0.325556   0.865349   353.40        21.75     17        3.17761e+11   -5.73792e+11     0.12636         0.49259        1.52870      0.009425
      2184       2184    39.96639344    22.47501777    26.21009959    25.00   -72.41   -35.92  9.12041e+08      14.17    27.59       2.11    27.21   0.022393       0.1959       0.1244      -0.9727   1.000000   0.766043  -0.245483  -0.594068   0.820957   0.603680   0.592209   0.533722   0.737107  -0.220793   0.767480  -0.601851  1029.27        4.883     17        3.37664e+11   -5.77436e+11     0.11152         0.10040        1.41493      0.030479
      1808       1808    40.04939815    22.49791555    26.18972472   137.74   111.55   -94.71  7.55023e+08      19.08    20.38       1.79    21.12   0.009677       0.6469       0.6226      -0.4404   1.000000   0.831768  -0.475025  -0.287250   0.826212   0.546427   0.609371   0.574530   0.770375  -0.097874  -0.634837   0.766422   348.97        19.05     16        1.68406e+11   -2.33662e+11     0.13382         0.43631        1.16356      0.009631
      1617       1617    39.87030660    22.56880451    26.32425863    21.49    98.90  -111.50  6.75261e+08      12.41    27.23       1.72    25.24   0.009724      -0.8957     -0.05078      -0.4417   1.000000  -0.197371   0.294882   0.934927   0.879821   0.966378  -0.101797   0.236118   0.800292   0.164800   0.950096  -0.264875  1133.14        3.886     16        2.15173e+11   -4.23237e+11     0.03698         0.05698        1.14081      0.015587
      1511       1511    39.99016525    22.65250341    26.34822447    81.78   207.77    51.80  6.30995e+08      17.91    21.29       1.49    20.16   0.019641      -0.1392      -0.6611       0.7372   1.000000   0.554815   0.559687   0.615574   0.872300  -0.761788   0.044310   0.646310   0.755491  -0.334456   0.827518  -0.450946   352.77         17.9     16        1.28211e+11   -2.05889e+11     0.07842         0.20119        1.29536      0.024724
      1410       1410    39.86096789    22.56364081    26.26188442    -6.33   150.86   182.45  5.88818e+08      10.28    26.83       1.72    25.10   0.026658       0.2352       0.9184       -0.318   1.000000   0.813029  -0.301590   0.498023   0.838200  -0.446705   0.225484   0.865801   0.730898   0.373413   0.926391  -0.048603  1738.11        2.099     16        1.85501e+11   -3.40133e+11     0.04923         0.20074        1.11046      0.038450
      1249       1249    39.97115121    22.35419064    26.36328526   145.34   182.64    20.12  5.21584e+08      16.87    19.03       2.53    17.69   0.012371      0.09396      -0.3918       0.9152   1.000000  -0.126187   0.985335  -0.114851   0.941065   0.728572   0.170628   0.663377   0.896870  -0.673245  -0.000033   0.739419   348.53        16.86     15        8.15918e+10   -1.54616e+11     0.10092         0.67756        2.18309      0.017731
      1106       1106    40.01681614    22.61180037    26.08824470    79.72   -11.60    77.01  4.61867e+08      16.25    19.97       2.06    18.09   0.022542      -0.7509       0.4561      -0.4777   1.000000   0.010181   0.849405  -0.527643   0.926718  -0.551668   0.444872   0.705515   0.896627   0.834002   0.283901   0.473119   345.70        16.22     15        7.55726e+10   -1.46035e+11     0.12724         0.06742        1.33678      0.035170
      1056       1056    39.90774274    22.55562157    26.23426081   -52.41   193.96   151.24  4.40987e+08       4.98    28.83       1.45    26.55   0.011217       0.8729     -0.09909      -0.4777   1.000000   0.395416  -0.424244   0.814656   0.865087   0.637135  -0.512169  -0.575970   0.775173   0.661593   0.746794   0.067781 11470.97        0.154     15        1.55423e+11    -3.0357e+11     0.10892         0.02970        1.00846      0.014712
      1041       1041    39.82253773    22.49874993    26.05911314   158.45    -0.86   138.97  4.34723e+08      16.12    17.27       2.27    16.37   0.017561      -0.7019       0.3522      -0.6191   1.000000  -0.504477   0.727041  -0.465741   0.903517  -0.829808  -0.259202   0.494199   0.838034   0.238582   0.635788   0.734066   332.98        16.05     15        5.82507e+10    -1.0908e+11     0.19861         0.77020        1.13490      0.024629
       978        978    39.81742001    22.48990445    26.38663846   -37.31    72.28   -57.63  4.08414e+08      15.49    15.47       2.39    15.13   0.064940       0.3748       0.3688       0.8506   1.000000  -0.103898  -0.587168   0.802770   0.824743   0.974243  -0.222502  -0.036653   0.780570   0.200140   0.778285   0.595161   352.38        15.49     15        4.67412e+10   -7.86534e+10     0.10937         0.58510        1.51833      0.075305
       878        878    39.88477711    22.56597907    26.27946240    -1.07   -38.92   -26.10  3.66654e+08       5.52    28.35       1.09    25.93   0.009473     -0.04586      -0.2289       0.9724   1.000000  -0.454309   0.871230   0.185908   0.861216   0.890402   0.437508   0.125586   0.793898  -0.028078  -0.222588   0.974508  6985.40       0.2805     14        1.23215e+11    -2.3971e+11     0.05909         0.05579        0.72901      0.013957
       868        868    39.94935272    22.56600899    26.31506987   181.21   138.96   -88.04  3.62478e+08       7.12    21.85       1.95    20.47   0.016956       -0.812       0.5737       0.1071   1.000000  -0.136546  -0.058225   0.988921   0.834526   0.933803  -0.340821   0.108869   0.797216   0.330706   0.938323   0.100908  3228.94       0.7817     14        7.59679e+10   -1.44968e+11     0.04438         0.15452        1.33517      0.022077
       867        867    40.02979266    22.53925286    26.21353704   183.43    99.74   -32.48   3.6206e+08      12.09    19.65       1.50    19.04   0.046139      -0.7346       0.4926      -0.4665   1.000000  -0.039202  -0.289860   0.956266   0.760132   0.941059   0.311056   0.132864   0.697800  -0.335964   0.905111   0.260581   658.00        6.516     14        6.56439e+10   -9.94275e+10     0.13726         0.41244        0.96614      0.054847
       829        829    39.88404042    22.54260058    26.25705203   262.21    15.14   222.15  3.46191e+08       4.78    24.63       1.19    22.98   0.010166       0.6451       -0.622       0.4437   1.000000   0.869768  -0.283630   0.403805   0.889846  -0.248391   0.455439   0.854914   0.835011   0.426387   0.843878  -0.325675 10152.78       0.1671     14        9.13736e+10   -1.74976e+11     0.06732         0.07245        0.79187      0.012507
       826        826    39.92543648    22.48441906    26.13828785   186.76   134.52   120.30  3.44939e+08      12.82    18.52       1.97    17.11   0.011744      -0.6004       0.5958      -0.5335   1.000000   0.220361   0.060128   0.973563   0.808820  -0.025873   0.998107  -0.055787   0.775008   0.975075   0.012896  -0.221500   525.42        8.655     14        5.04822e+10   -9.38599e+10     0.11904         0.08736        1.25005      0.017101
       785        785    39.85292306    22.59698083    26.30619209   -65.49    71.34   -67.18  3.27817e+08       9.68    20.44       1.60    19.07   0.017559      -0.5997       -0.483       0.6381   1.000000  -0.432978   0.651520   0.622938   0.808915   0.630895  -0.274558   0.725665   0.752778   0.643818   0.707205  -0.292164  1161.60        2.955     14        5.95843e+10   -1.12677e+11     0.12320         0.17540        1.02970      0.025856
       746        746    40.13492973    22.52801858    26.23294571   -37.45   174.60    84.45   3.1153e+08      14.17    12.05       3.58    12.02   0.059851       -0.347       0.8082       0.4759   1.000000   0.686182  -0.190529  -0.702035   0.980414   0.565359  -0.467602   0.679498   0.800104   0.457737   0.863161   0.213143   351.55        14.16     14        2.24891e+10   -3.89037e+10     0.14391         0.40753        1.81719      0.062401
       732        732    39.98447886    22.56812468    26.26239184   -26.29   -70.97   -12.96  3.05684e+08       7.32    22.37       1.42    20.57   0.005036      -0.4337       0.8983      0.07034   1.000000   0.570491   0.758848  -0.314150   0.771180   0.727794  -0.644348  -0.234801   0.709724   0.380600   0.094685   0.919880  2500.99        1.038     14        6.46959e+10   -1.23642e+11     0.13335         0.10223        0.94876      0.007289
       696        696    40.03047016    22.57739603    26.24648867   163.11   159.93   -94.89   2.9065e+08      10.16    18.06       1.51    17.27   0.009700      -0.6085        0.507       0.6106   1.000000   0.972640   0.201596   0.115458   0.762888  -0.232303   0.838428   0.493025   0.705015   0.002588  -0.506357   0.862320   889.43        4.052     14        4.33303e+10    -7.4588e+10     0.08347         0.08127        0.95262      0.012667
       655        655    40.03824089    22.53183072    26.37246177   122.77   104.58   106.53  2.73529e+08      13.59    15.20       1.81    14.21   0.016537       0.3635       0.9313      0.02461   1.000000   0.521157   0.013279   0.853358   0.642684   0.843621  -0.159411  -0.512730   0.581299   0.129226   0.987123  -0.094281   349.75        13.58     13          2.761e+10   -4.54717e+10     0.08671         0.83631        1.55555      0.020062
       653        653    39.95931163    22.60703274    26.06488348    12.86   118.32   110.63  2.72694e+08      13.67    17.71       1.24    15.61   0.011990      -0.1178       0.9825       0.1443   1.000000  -0.196477  -0.297583   0.934260   0.783596  -0.275848   0.931124   0.238572   0.722017   0.940906   0.210839   0.265032   342.39        13.65     13        3.32286e+10   -6.74597e+10     0.14878         0.12935        0.75536      0.020259
       653        653    39.96006274    22.49397639    26.36246418   177.73   -16.53    12.60  2.72694e+08      12.83    18.83       1.43    17.30   0.032694       0.7459       0.4784       0.4634   1.000000  -0.090705   0.095968   0.991243   0.762711   0.994904  -0.035270   0.094455   0.698985   0.044026   0.994759  -0.092279   414.64        10.97     13        4.08198e+10   -7.71081e+10     0.09334         0.28393        0.84358      0.055092
       614        614    40.00720981    22.44680654    26.07299769   101.16    98.28    97.20  2.56407e+08      13.23    16.99       1.39    15.71   0.012312      0.00289       0.9974      0.07188   1.000000  -0.293324   0.170344   0.940715   0.932517   0.894504  -0.298351   0.332940   0.874031   0.337377   0.939133  -0.064859   355.30        13.21     13        3.16512e+10   -5.91624e+10     0.09516         0.39173        1.17149      0.019512
       588        588    39.87270277    22.54300497    26.41356946     8.09    72.05    24.54  2.45549e+08      13.82    18.97       0.85    16.21   0.014307       0.3851        0.755       0.5307   1.000000  -0.050719   0.131844   0.989972   0.761520   0.997170  -0.048397   0.057533   0.713762   0.055497   0.990088  -0.129016   298.75         13.7     13        3.22696e+10   -6.35292e+10     0.10444         0.21300        0.72645      0.025791
       560        560    39.88924788    22.45853128    26.26562335   337.80    58.38   148.56  2.33857e+08       7.65    16.08       0.88    15.30   0.037303      -0.9968      0.01285      -0.0794   1.000000   0.658637   0.734636   0.162810   0.844906   0.505390  -0.592196   0.627602   0.773214  -0.557474   0.331079   0.761321  1673.41        1.623     13        2.73609e+10    -5.0292e+10     0.09371         0.50100        0.55686      0.045011
       547        547    39.79420103    22.54060840    26.19535799   175.95    44.93   -45.45  2.28428e+08       8.39    19.90       1.19    17.83   0.012414      -0.5082       0.8176      -0.2705   1.000000   0.938578  -0.341948  -0.046300   0.837200   0.161083   0.315519   0.935147   0.776670   0.305163   0.885166  -0.351221  1240.00        2.401     13        3.63234e+10   -7.04094e+10     0.05466         0.26401        0.74084      0.019578
       545        545    39.83977852    22.49267564    26.23062285    24.60   -70.88   -85.50  2.27593e+08       9.15    14.15       1.93    15.02   0.013480      -0.6994       0.4566       0.5499   1.000000   0.971412  -0.237394  -0.001558   0.916125   0.234074   0.958879  -0.160502   0.784031   0.039596   0.155549   0.987034   952.36         3.41     13        2.56606e+10     -3.892e+10     0.08438         0.32029        1.22338      0.013897
       495        495    39.96588509    22.46310004    26.37949112   115.79    34.73    -8.91  2.06713e+08      12.07    17.98       1.31    16.08   0.009544      -0.8426      -0.5305      -0.0922   1.000000   0.343892  -0.502518   0.793230   0.800875  -0.526214   0.596515   0.606028   0.690135   0.777713   0.625816   0.059295   377.01        11.36     13        2.67109e+10   -5.11266e+10     0.12506         0.07130        1.13596      0.016882
       490        490    40.05032756    22.53495283    26.22851490   268.09   208.61   -33.64  2.04625e+08       5.98    18.13       1.15    18.42   0.026504      -0.6899       0.2315       0.6859   1.000000   0.423562   0.808929   0.407712   0.941371   0.899335  -0.429461  -0.082217   0.813211  -0.108589  -0.401494   0.909402  3064.63       0.6927     13         3.4732e+10   -5.71574e+10     0.04112         0.05848        0.70766      0.031957
       480        480    39.92467088    22.62208091    26.33485939   261.03   -99.32    43.06  2.00449e+08       7.67    15.30       1.34    14.03   0.019882       0.1897       -0.731      -0.6554   1.000000  -0.334794   0.921069   0.198858   0.893940   0.927992   0.285662   0.239224   0.808442  -0.163535  -0.264629   0.950383  1427.34        1.905     13        1.97362e+10   -3.71486e+10     0.14631         0.21334        0.87171      0.024409
       425        425    40.00393642    22.47202608    26.38962178   148.08   193.28   -73.23  1.77481e+08      10.40    14.78       1.27    13.32   0.006916       0.5142      -0.4186      -0.7486   1.000000  -0.342810  -0.384897   0.856934   0.960506   0.354211   0.791918   0.497394   0.824162   0.870067  -0.474047   0.135142   506.98        7.274     12        1.57459e+10   -3.10118e+10     0.04172         0.20436        1.07923      0.010455
       412        412    39.93696394    22.50356451    26.35991994   -60.58   -51.46    81.78  1.72052e+08       7.89    13.27       1.92    13.30   0.030080      -0.9218     -0.08756      -0.3776   1.000000   0.573182  -0.011442   0.819348   0.818926  -0.531208   0.756150   0.382171   0.810982   0.623923   0.654298  -0.427334  1122.99        2.493     12        1.52227e+10   -2.50946e+10     0.14279         0.43653        1.26642      0.032869
       412        412    39.97886570    22.52570074    26.26933847   351.03   221.69    40.05  1.72052e+08       3.96    17.64       1.33    17.92   0.044197       0.0433      0.08105       0.9958   1.000000  -0.499633   0.767444  -0.401742   0.764228   0.525394   0.637212   0.563845   0.666148   0.688714   0.070643  -0.721583  8888.08       0.1581     12        2.76237e+10   -4.34128e+10     0.12069         0.16813        0.89214      0.043266
       376        376    39.81863120    22.55437559    26.21074274   -54.00    29.47   -92.25  1.57018e+08       8.93    10.56       2.06    12.88   0.031484      -0.1252        -0.97       0.2086   1.000000   0.825895  -0.528787   0.195661   0.957554   0.504217   0.537387  -0.676004   0.795516   0.252316   0.656963   0.710448   706.56        4.486     12        1.30312e+10   -1.56844e+10     0.14382         0.46432        1.34184      0.020793
       355        355    39.83041835    22.41324170    26.15660662   219.11    -2.13   120.48  1.48248e+08      11.08    11.38       1.71    10.49   0.027197       0.4481       -0.721       0.5286   1.000000   0.252479   0.964124  -0.081969   0.830330   0.504792  -0.058972   0.861224   0.740871   0.825493  -0.258819  -0.501571   350.15        11.07     12        8.16157e+09   -1.41933e+10     0.13742         0.36688        1.08829      0.031937
       344        344    40.03098880    22.56492742    26.28659485    78.70    85.30   -38.49  1.43655e+08       9.81    15.84       1.22    14.10   0.009622       0.4555      -0.2669      -0.8493   1.000000   0.903970   0.232726   0.358716   0.748078  -0.427565   0.481865   0.764850   0.661269  -0.005148   0.844775  -0.535096   487.86        7.135     12        1.42736e+10   -2.85871e+10     0.09875         0.35235        1.04061      0.016908
       335        335    39.81591075    22.57592050    26.23490781     3.72   100.74    87.96  1.39896e+08       8.62    17.73       0.93    15.47   0.010429       0.3896       0.4044       0.8274   1.000000   0.681571  -0.526659   0.508027   0.831704  -0.689205  -0.228737   0.687514   0.651458   0.245881   0.818725   0.518877   702.08        4.353     12        1.67393e+10   -3.42898e+10     0.06245         0.07753        0.54016      0.019525
       333        333    39.96273903    22.54237406    26.24183024   257.24    43.58  -220.38  1.39061e+08       2.74    19.34       0.83    20.55   0.042786      -0.6194       0.5508      -0.5595   1.000000   0.868723   0.491733  -0.059323   0.795214  -0.494957   0.857430  -0.140823   0.728409  -0.018382   0.151698   0.988256 21755.83            0     12        2.93737e+10   -4.49806e+10     0.06197         0.14368        0.53308      0.042832
       318        318    40.15018823    22.46274952    26.22740550   -44.32   173.10     7.75  1.32797e+08      10.64    11.21       1.69     9.85   0.031813       0.6409      -0.6684      -0.3774   1.000000   0.107363  -0.192168   0.975472   0.879448   0.991342   0.095287  -0.090338   0.797480  -0.075589   0.976725   0.200734   354.01        10.64     12        6.44657e+09   -1.32834e+10     0.09604         0.25903        1.07995      0.043513
       317        317    39.89356643    22.57609093    26.11951784    19.12    -3.72    96.78   1.3238e+08       8.70    14.29       1.32    12.71   0.008213      -0.4199      -0.3106      -0.8528   1.000000   0.177240  -0.618655   0.765409   0.812424  -0.153121   0.750917   0.642399   0.745599   0.972183   0.231060  -0.038364   646.16        4.774     12        1.06954e+10   -2.16701e+10     0.09686         0.18231        1.14158      0.012909
       305        305    39.93040034    22.54066022    26.30707274   376.61   122.14    39.49  1.27368e+08       3.03    17.28       0.92    16.54   0.030505      -0.5635         0.81       0.1626   1.000000   0.821878   0.321635  -0.470178   0.861304   0.413050   0.231938   0.880679   0.733704  -0.392309   0.918017  -0.057774 14708.27      0.07305     11        1.74183e+10     -3.296e+10     0.08248         0.01242        0.59632      0.034999
       304        304    39.99686169    22.68123162    26.29714632   -51.18    21.43   -78.47  1.26951e+08       8.41    11.29       1.56    10.54   0.035795       0.2006       0.5326      -0.8223   1.000000   0.503311   0.802775   0.319735   0.867510  -0.462395  -0.062372   0.884478   0.850346   0.729979  -0.593011   0.339807   685.23        4.353     11        7.05555e+09   -1.31246e+10     0.14511         0.29353        1.34136      0.042901
       295        295    39.89041388    22.59313566    26.39138521   118.54   -16.35    -8.29  1.23192e+08      10.73    15.75       0.89    13.87   0.011383      -0.8567       0.2241       0.4645   1.000000   0.311245   0.753811   0.578701   0.897224  -0.950200   0.236808   0.202586   0.707436   0.015670  -0.612936   0.789977   320.39        10.69     11        1.18524e+10   -2.47247e+10     0.08435         0.13497        0.73666      0.023124
       288        288    39.94055566    22.53317536    26.22523831   -23.05   237.94   291.58  1.20269e+08       2.07    18.24       1.03    17.07   0.011815      -0.6649      -0.6361      -0.3915   1.000000  -0.439159  -0.310779   0.842945   0.864996   0.368126   0.793634   0.484385   0.821361   0.819526  -0.523032   0.234125 43774.12            0     11        1.75295e+10    -3.3016e+10     0.13037         0.08210        0.73478      0.011835
       284        284    40.00656952    22.35010941    26.14241715   143.61   258.47    48.37  1.18599e+08      10.27     8.09       2.92     8.12   0.056977      -0.7933      -0.5997      -0.1049   1.000000  -0.605069   0.786493  -0.123774   0.841735  -0.004829   0.151833   0.988394   0.828419   0.796158   0.598645  -0.088071   350.96        10.26     11         3.9098e+09   -6.84999e+09     0.21518         0.46043        2.52159      0.056238
       270        270    39.87762911    22.51362271    26.15376211   196.41   -53.07    28.67  1.12752e+08       5.58    13.98       1.17    12.78   0.005903      -0.4191      -0.7105       0.5653   1.000000   0.056829   0.549188   0.833765   0.898410  -0.840236   0.477359  -0.257159   0.789912   0.539234   0.685945  -0.488575  2079.57       0.9523     11        9.21177e+09   -1.77552e+10     0.14190         0.25624        1.01302      0.007701
       267        267    40.00500742    22.54359240    26.43565089    41.99    17.58   122.48    1.115e+08      10.07    11.88       1.38    10.41   0.032407      0.07641       0.7699       0.6335   1.000000   0.639434   0.077240   0.764956   0.938576   0.747719   0.169161  -0.642106   0.844605  -0.178997   0.982557   0.050413   350.38        10.06     11         6.0415e+09    -1.1536e+10     0.24595         0.68816        0.85469      0.046047
       263        263    39.90969229    22.54408203    26.24489812   257.42   -28.20   -64.74  1.09829e+08       2.08    22.19       0.49    20.34   0.008982      -0.2966       0.9544     -0.03338   1.000000   0.731172  -0.343768   0.589246   0.849221  -0.246344   0.672421   0.697972   0.805095   0.636162   0.655495  -0.406970 39154.29            0     11        2.27088e+10   -4.45094e+10     0.03739         0.11199        0.42844      0.011731
       262        262    39.91669132    22.52328606    26.34522890   127.71    -0.33   -94.31  1.09412e+08       5.65    15.07       0.97    13.87   0.017384       0.3988       0.8791       0.2612   1.000000  -0.674783   0.193641   0.712159   0.882435   0.336952   0.939354   0.063851   0.700664   0.656606  -0.283049   0.699108  1950.09        1.027     11        1.05177e+10     -2.036e+10     0.03416         0.16491        0.82273      0.025228
       256        256    39.78710535    22.57226869    26.18326835   139.34     6.65   -28.06  1.06906e+08      10.35    14.69       0.66    12.94   0.009510      0.04609       0.1925       0.9802   1.000000   0.798819  -0.595481   0.085388   0.781112   0.586583   0.739541  -0.330150   0.689505   0.133450   0.313818   0.940058   309.05         10.3     11        8.94875e+09   -1.74829e+10     0.05027         0.48075        0.54968      0.017811
       254        254    39.81481623    22.39318452    26.28924108   170.67    84.62   -79.67  1.06071e+08       9.93    11.25       1.88    10.29   0.017441       0.2176      -0.4811       0.8492   1.000000  -0.273504   0.673382   0.686842   0.957181   0.291974   0.738498  -0.607760   0.804672   0.916486  -0.034315   0.398592   347.35        9.923     11        5.61265e+09   -1.09879e+10     0.17942         0.19266        1.15965      0.025590
       246        246    40.02998227    22.38642322    26.21700009    81.77    99.53     1.77   1.0273e+08       9.94    17.12       0.71    14.86   0.011111       0.3278      -0.6336       0.7008   1.000000   0.180410   0.899904  -0.397019   0.969134  -0.383342   0.436055   0.814190   0.741152   0.905815   0.005306   0.423640   335.75        9.921     11        1.13442e+10   -2.34879e+10     0.09185         0.15108        0.40933      0.025308
       245        245    39.95494506    22.60672069    26.21434817    53.63   -49.64    53.54  1.02312e+08       6.35    16.71       0.77    14.30   0.011178      -0.2457      -0.2271      -0.9423   1.000000   0.186502   0.726923  -0.660909   0.775107   0.422645   0.547918   0.721912   0.705096   0.886898  -0.413968  -0.205042  1282.74        1.756     11        1.04539e+10   -2.35052e+10     0.11269         0.16944        0.65578      0.021182
       234        234    39.92565227    22.54222003    26.11622252   -43.50   -12.87    55.16  9.77187e+07       7.40    10.59       1.20     9.66   0.021260       0.2628      -0.6966       0.6676   1.000000  -0.147400   0.115510   0.982309   0.812360  -0.055622   0.990617  -0.124833   0.738468   0.987512   0.073038   0.139592   774.65        3.388     11        4.56359e+09   -8.54363e+09     0.12216         0.70247        1.04463      0.025143
       233        233    39.92718794    22.56723104    26.15704850  -106.87   -27.11    66.07  9.73011e+07       5.05    12.06       1.29    11.67   0.026879       -0.529        -0.73       0.4326   1.000000   0.387128  -0.011661   0.921952   0.955164   0.887865   0.274372  -0.369345   0.844230  -0.248651   0.961553   0.116570  2429.22        0.737     11        6.62231e+09   -1.17566e+10     0.07274         0.12963        0.66131      0.029950
       231        231    39.87255155    22.58906651    26.28955254  -110.72    63.19    67.88  9.64659e+07       5.28    12.68       1.21    11.80   0.023766      -0.1787       0.9485      -0.2616   1.000000   0.596255   0.802229   0.030155   0.915581   0.688714  -0.491862  -0.532676   0.758715   0.412496  -0.338379   0.845782  2098.67       0.8931     11         6.7133e+09   -1.26742e+10     0.14232         0.19965        0.78549      0.029448
       224        224    40.02799595    22.57141825    26.24070563    73.50    93.19   -25.07  9.35427e+07       4.34    16.93       0.71    15.29   0.012172       -0.631      -0.7437      -0.2208   1.000000   0.945231   0.231475  -0.230124   0.809380   0.300587  -0.342519   0.890128   0.699191  -0.127221   0.910549   0.393338  3678.32       0.4183     11        1.09299e+10   -2.14372e+10     0.09100         0.11627        0.45594      0.018710
       223        223    39.95047568    22.51802729    26.24151635   317.66   102.67   258.04  9.31251e+07       1.94    15.62       1.28    16.76   0.032918      -0.9682       0.1252       0.2164   1.000000   0.049442   0.067384   0.996501   0.939931   0.829970   0.552254  -0.078523   0.833546  -0.555613   0.830949  -0.028622 40717.60            0     11        1.30851e+10    -1.9249e+10     0.10083         0.12861        0.61488      0.026057
       216        216    39.79016255    22.49047315    26.21166632   229.38   146.03    32.60  9.02019e+07       9.06    11.03       1.35     9.56   0.025540       0.9382     -0.07092      -0.3387   1.000000   0.959479   0.200588  -0.197899   0.813037   0.199244   0.013665   0.979855   0.741505  -0.199251   0.979580   0.026855   389.03        8.263     10         4.1194e+09   -8.59361e+09     0.09663         0.28724        1.13318      0.038399
       214        214    40.03671819    22.62555101    26.18814086   -97.11    40.03   -35.12  8.93667e+07       8.40    10.06       1.41    10.54   0.035071       -0.809      0.02015       0.5875   1.000000  -0.532551   0.828613  -0.172598   0.826296  -0.628085  -0.250193   0.736826   0.788036   0.567360   0.500804   0.653680   484.00        6.156     10        4.96845e+09   -7.06973e+09     0.14802         0.40159        0.83632      0.035114
       213        213    39.83698045    22.57125103    26.29762437   -75.29    33.34    14.85  8.89491e+07       6.04    11.51       1.18    10.58   0.032585       0.9698      0.05296      -0.2382   1.000000   0.576295  -0.603441  -0.551129   0.919241   0.509618  -0.261846   0.819589   0.698232   0.638885   0.753190  -0.156624  1295.55        1.654     10        4.98085e+09   -9.36247e+09     0.12817         0.26756        1.01309      0.040139
       209        209    40.11851759    22.60939659    26.18734418    61.67    56.45   183.81  8.72786e+07       9.34     8.86       1.96     8.17   0.020132      -0.9448       0.3246      0.04386   1.000000  -0.090669  -0.543408   0.834558   0.807661   0.982163   0.089822   0.165191   0.740878   0.164728  -0.834650  -0.525571   343.86        9.319     10        2.91636e+09   -5.54412e+09     0.18032         0.57899        1.69942      0.024337
       207        207    39.84485377    22.37300231    26.19277359    99.63   200.52    84.29  8.64434e+07       9.45     9.81       1.08     8.78   0.035332      -0.1833      -0.6693        -0.72   1.000000   0.456738   0.875777   0.156219   0.835093   0.344528  -0.336040   0.876572   0.760230   0.820177  -0.346542  -0.455212   329.07        9.409     10        3.33383e+09   -6.50356e+09     0.21636         0.23110        0.53824      0.047636
       205        205    39.86615605    22.51375988    26.18072205   -68.54    73.88    56.71  8.56082e+07       6.82    11.89       1.38    10.82   0.027983      -0.3308       0.8814      -0.3371   1.000000   0.181385  -0.028161   0.983009   0.812510   0.979071   0.098995  -0.177822   0.684313  -0.092306   0.994689   0.045528   868.04        2.785     10        5.01004e+09   -9.72245e+09     0.19885         0.16694        0.86893      0.039453
       205        205    40.00139374    22.57322841    26.20254916   -23.98   141.26   141.74  8.56082e+07       4.40    15.09       0.82    13.27   0.010213      -0.9923     -0.08221      0.09244   1.000000  -0.571402  -0.293205   0.766505   0.760983  -0.699143   0.663031  -0.267562   0.642596   0.429766   0.688782   0.583850  3215.78       0.4858     10        7.53428e+09   -1.54556e+10     0.13326         0.12944        0.70246      0.015008
       205        205    40.02466046    22.57906242    26.20765800   -24.43   127.53   226.70  8.56082e+07       5.56    10.77       1.21    10.17   0.031569    -0.006053      -0.9913      -0.1316   1.000000  -0.379817  -0.001609   0.925060   0.908016   0.565232   0.791209   0.233453   0.856918  -0.732292   0.611543  -0.299605  1597.79        1.235     10        4.42981e+09   -8.17577e+09     0.16993         0.19175        0.77341      0.035846
       202        202    40.07434557    22.53892054    26.26113146   168.67   161.22    -8.83  8.43554e+07       8.22    11.29       1.07    10.01   0.013693      -0.2907      -0.9308       0.2217   1.000000   0.853649   0.491471  -0.172452   0.726674  -0.332137   0.768699   0.546614   0.651416   0.401208  -0.409339   0.819435   486.74        5.994     10         4.2224e+09   -7.62045e+09     0.18705         0.25414        0.65036      0.018276
       194        194    39.95649824    22.52446951    26.21766253    44.26    76.88   320.48  8.10146e+07       2.93    12.24       1.49    12.01   0.023477      -0.4628       0.8164      -0.3454   1.000000  -0.551269   0.227752   0.802640   0.876955   0.676150   0.685563   0.269862   0.763095  -0.488799   0.691472  -0.531924 10309.82       0.1009     10        5.84688e+09     -1.126e+10     0.06890         0.05049        0.20320      0.024591
       187        187    40.08522285    22.55350689    26.39096120    77.75    58.13    -0.49  7.80914e+07       8.89    10.57       1.57     9.33   0.031653       0.6426      -0.7626      0.07421   1.000000   0.808523   0.182129   0.559572   0.745617  -0.527664   0.645330   0.552377   0.652099  -0.260504  -0.741875   0.617866   356.47        8.849     10        3.39734e+09   -6.94366e+09     0.24328         0.18022        0.94571      0.048478
       184        184    40.00467943    22.48795311    26.19140561   155.36    43.08  -187.82  7.68386e+07       5.80    11.33       1.00    10.17   0.019432         0.61       0.7895      0.06714   1.000000  -0.580731   0.803847   0.128770   0.897308  -0.332691  -0.378701   0.863656   0.795595   0.743013   0.458711   0.487356  1266.78        1.623     10        3.97131e+09   -8.24871e+09     0.08267         0.13159        0.84946      0.026818
       170        170    39.93871683    22.52501918    26.24201614   161.05   263.07  -184.09  7.09922e+07       2.17    19.78       0.54    18.65   0.018282       0.5932       0.7943      -0.1308   1.000000  -0.005440   0.945722   0.324933   0.841905   0.793917   0.201650  -0.573614   0.718908   0.608002  -0.254849   0.751922 22312.71            0     10        1.23496e+10    -2.2968e+10     0.05565         0.10593        0.32656      0.026325
       160        160    39.93370528    22.61691140    26.27548562  -123.37   144.85    52.74  6.68162e+07       4.66    11.41       1.04    11.26   0.026639      -0.6709      -0.4257       0.6072   1.000000   0.676164   0.684384   0.272803   0.784428  -0.734820   0.599663   0.316929   0.691310   0.053311  -0.414757   0.908369  2121.90       0.7787     10        4.23516e+09   -7.32127e+09     0.09228         0.34614        0.87888      0.032194
       158        158    39.79815721    22.51657242    26.20921875    56.93    69.52   111.51   6.5981e+07       5.74    12.48       1.10    11.24   0.036897       0.2097       -0.129       0.9692   1.000000   0.832551  -0.093999   0.545914   0.868186   0.375554   0.820218  -0.431511   0.717182  -0.407207   0.564275   0.718176  1118.82         1.82     10        4.17055e+09   -8.10993e+09     0.07629         0.09429        0.67617      0.056644
       154        154    39.81460445    22.54834142    26.19364353   220.12    69.82    94.51  6.43106e+07       4.83    10.12       1.30     9.26   0.024299       0.6239       0.7528      -0.2101   1.000000   0.904899  -0.354317  -0.235835   0.896662   0.304256   0.925950  -0.223708   0.794333   0.297635   0.130679   0.945694  1830.23       0.9364     10        2.75472e+09   -5.38368e+09     0.10807         0.34616        1.11722      0.028680
       153        153    39.81306125    22.52174719    26.39576723   204.68   106.87    42.50   6.3893e+07       8.58    10.02       0.99     8.72   0.016957       0.4308      -0.6927       0.5784   1.000000  -0.650330  -0.145584   0.745571   0.867556   0.705632   0.247724   0.663865   0.800584  -0.281344   0.957830  -0.058374   324.67        8.545     10        2.43188e+09   -5.11068e+09     0.11745         0.10361        0.83947      0.027099
       149        149    39.79394270    22.53637385    26.22152941    -2.81   -25.28   -80.03  6.22226e+07       6.26     7.81       0.84     8.41   0.039618       -0.671       -0.012      -0.7413   1.000000  -0.617115   0.756606  -0.216141   0.865716   0.780942   0.622567  -0.050400   0.761035  -0.096430   0.199896   0.975060   815.87         2.72      9        2.20256e+09   -3.34733e+09     0.22855         0.47183        0.61838      0.036289
       146        146    40.07339125    22.67277804    26.21297290    -7.89   160.05   139.95  6.09698e+07       6.74     8.39       1.67     7.78   0.040928       0.8874       -0.273      -0.3715   1.000000   0.541773   0.032880   0.839882   0.863055   0.789846   0.321807  -0.522095   0.832058  -0.287446   0.946234   0.148376   638.79        3.743      9        1.84525e+09   -3.62032e+09     0.21299         0.11278        1.00374      0.049457
       144        144    40.06441382    22.38243284    26.16884209   105.08   196.37    84.74  6.01346e+07       8.20     9.34       1.01     8.72   0.062913      -0.2064       0.5208      -0.8283   1.000000   0.947552   0.144448  -0.285097   0.914006  -0.237948   0.914374  -0.327568   0.866734   0.213369   0.378226   0.900788   349.73        8.198      9        2.28741e+09   -4.09912e+09     0.15758         0.25948        0.45542      0.085897
       139        139    39.95879258    22.58898290    26.29721340  -182.81   103.78   -31.04  5.80466e+07       4.22     9.32       1.50    10.10   0.027189       0.1845       0.8485        0.496   1.000000   0.665789  -0.502131  -0.551897   0.842084   0.706386   0.662401   0.249487   0.741885   0.240302  -0.555957   0.795717  2485.60       0.6017      9        2.95866e+09   -4.99055e+09     0.13215         0.26684        0.38943      0.029199
       134        134    40.09988968    22.60209488    26.34813958   100.36   149.17    46.90  5.59586e+07       8.14     9.63       0.91     8.42   0.024113      -0.8826      -0.4481       0.1422   1.000000   0.824605  -0.297204   0.481348   0.717381   0.199801   0.949047   0.243698   0.670951  -0.529250  -0.104781   0.841971   332.92        8.122      9        1.98156e+09   -3.71264e+09     0.07970         0.87540        0.74982      0.034452
