#  npart(1)  nvpart(2)      Xc(3)          Yc(4)          Zc(5)      VXc(6)   VYc(7)   VZc(8)    Mvir(9)      Rvir(10) Vmax(11)   Rmax(12) sigV(13) lambda(14)      Lx(15)       Ly(16)       Lz(17)     a(18)     Eax(19)    Eay(20)    Eaz(21)     b(22)     Ebx(23)    Eby(24)    Ebz(25)     c(26)     Ecx(27)    Ecy(28)    Ecz(29) ovdens(30)    Redge(31) nbins(32)     Ekin(33)       Epot(34)   mbp_offset(35)  com_offset(36)   r2(37)      lambdaE(38)
      4224       4224    37.80901197    20.89581531    25.57066945    22.57    26.38    29.88  1.76395e+09      29.68    61.24      19.95    67.89   0.029310       0.1071      -0.9388       0.3273   1.000000  -0.405726   0.851958  -0.330989   0.850900   0.028877   0.373903   0.927018   0.716967   0.913538   0.366558  -0.176304   216.59        29.67     18        4.06539e+12   -5.55907e+12     0.63242         3.07281       12.19811      0.021084
      2650       2650    37.72351005    20.61096590    26.07530318    54.00    37.99     5.95  1.10664e+09      25.40    52.33      13.54    59.47   0.019238      -0.9204      -0.1812      -0.3465   1.000000   0.595760   0.668913  -0.444551   0.707514   0.727692  -0.683799  -0.053697   0.592221   0.339902   0.291505   0.894143   216.86        25.39     17        1.95685e+12   -2.57179e+12     0.58185         3.03257        9.93682      0.013092
      1356       1356    37.27982088    20.49581292    26.19686647   102.53    47.01    -5.08  5.66267e+08      20.34    43.47       9.12    48.92   0.035509      -0.3734      -0.6881      -0.6221   1.000000   0.654751  -0.285844   0.699710   0.840806   0.137710   0.955352   0.261416   0.663310   0.743194   0.074805  -0.664882   215.98        20.33     15        6.77498e+11   -9.14121e+11     0.19789         0.67129        8.04756      0.026218
      1212       1212    37.40619196    20.20543102    26.27870273    97.97    92.27   -12.49  5.06133e+08      19.60    38.83      15.88    42.95   0.051557      -0.1409      -0.9875      0.07082   1.000000   0.817055  -0.457755   0.350545   0.872796   0.568191   0.536061  -0.624338   0.734212   0.097880   0.709295   0.698084   215.61        19.58     15        4.66742e+11   -6.35277e+11     0.72783         0.93155       11.63669      0.035286
      1013       1013    37.60350191    21.15366584    25.42195544    40.52    13.87    26.75   4.2303e+08      18.43    33.97      14.58    43.66   0.020932      -0.3464      -0.1131       0.9312   1.000000   0.762667  -0.616614   0.195258   0.721177   0.645802   0.742659  -0.177192   0.534197  -0.035751   0.261237   0.964612   216.87        18.43     15         4.0325e+11   -4.01652e+11     0.52352         4.26081       16.50748      0.001618
       979        979    37.38486761    20.24362509    26.25391837    91.91    64.79   -10.46  4.08832e+08      18.24    34.84      14.79    40.33   0.041101      0.06066      -0.7458      -0.6633   1.000000  -0.472632   0.778207  -0.413538   0.889218   0.766291   0.594662   0.243260   0.723482  -0.435222   0.201918   0.877389   216.25        18.23     15        3.32444e+11     -4.083e+11     0.36881         1.66601       13.38773      0.022536
       840        840    37.41195987    21.58801939    24.82447978    35.33    41.96    35.34  3.50785e+08      17.31    32.81      13.70    35.33   0.020012      -0.7593      -0.6193       0.1998   1.000000  -0.269691   0.795394  -0.542785   0.816040  -0.928805  -0.066101   0.364626   0.770366   0.254142   0.602478   0.756593   216.92        17.31     14        2.18931e+11   -3.21705e+11     0.37213         1.11704       12.26708      0.014503
       811        811    37.21586953    20.33302354    25.89823103   118.64    74.14     9.76  3.38675e+08      17.15    33.74      13.62    37.86   0.028274     -0.07648       0.9677       0.2402   1.000000  -0.286719   0.776229   0.561481   0.978650   0.287433  -0.489386   0.823337   0.615982   0.913879   0.397454  -0.082797   215.45        17.13     14        2.42703e+11   -3.18258e+11     0.24791         0.56470        9.70780      0.018111
       800        800    37.18937763    20.51800175    25.44537825    79.94    56.94    28.27  3.34081e+08      17.07    34.43      11.01    38.04   0.039972       0.9101     -0.07438       0.4076   1.000000   0.848604  -0.215466  -0.483163   0.959814   0.277130   0.959015   0.059066   0.854881   0.450634  -0.184022   0.873536   215.70        17.05     14        2.41667e+11   -3.28977e+11     0.39790         0.89605        7.97178      0.027834
       760        760    36.88952069    19.91218056    24.96586724    89.49    80.24     8.06  3.17377e+08      16.75    32.46      10.62    38.15   0.054012       0.4035      -0.8356      -0.3728   1.000000  -0.245521   0.077357   0.966300   0.884359   0.128885   0.990566  -0.046552   0.847600   0.960785  -0.113112   0.253175   216.76        16.75     14        2.30971e+11   -2.89347e+11     0.29863         2.93606        7.59305      0.032070
       670        670    37.23586776    20.26093914    25.69978031    89.01    82.05     8.18  2.79793e+08      16.07    30.27      12.88    35.52   0.045179       0.6361      -0.1076        0.764   1.000000  -0.137120  -0.120179   0.983237   0.845714   0.392037   0.904979   0.165286   0.678678   0.909673  -0.408130   0.076976   216.30        16.06     14        1.76522e+11   -2.18812e+11     0.65714         1.87762       14.47655      0.025370
       662        662    37.97381785    20.24159365    25.85601223    40.13    49.40    36.16  2.76452e+08      16.01    31.57      12.51    35.02   0.021670       0.8862       -0.459     -0.06278   1.000000  -0.137411   0.988353   0.065399   0.698591   0.775845   0.148442  -0.613212   0.654689   0.615778   0.033522   0.787206   216.02           16     13        1.69537e+11    -2.2793e+11     0.57445         1.32321        8.70389      0.014446
       623        623    37.21053947    20.70641561    25.45951837    87.48    52.78    29.48  2.60166e+08      15.67    29.02      13.17    31.08   0.029780      0.02865       0.9966      0.07788   1.000000  -0.027379   0.923234   0.383261   0.878694  -0.196825  -0.380878   0.903433   0.649954   0.980056  -0.050701   0.192144   216.90        15.67     13        1.25618e+11   -1.70144e+11     0.99690         1.00561       14.42054      0.018223
       604        604    36.84892435    19.93461681    24.95607477   115.52    72.79    17.55  2.52231e+08      15.51    30.35      12.12    35.20   0.012272      -0.1976       0.8853        0.421   1.000000   0.967539   0.044169  -0.248831   0.908035   0.242888   0.109457   0.963859   0.829515  -0.069808   0.993010  -0.095176   216.90        15.51     13        1.56292e+11   -1.91477e+11     0.48814         1.51567       10.78921      0.006850
       561        561    37.01982557    21.02641607    26.16349811    89.94    56.59   -17.53  2.34274e+08      15.08    28.00      11.83    30.51   0.017552       0.8769       0.2201      -0.4274   1.000000  -0.276425   0.663290  -0.695439   0.738276   0.128997   0.742695   0.657088   0.720074   0.952339   0.091926  -0.290862   219.43        14.91     13        1.09073e+11    -1.5573e+11     0.30773         0.94834       13.45377      0.011975
       517        517    37.06784317    20.33136081    25.34496057   112.97    79.97    41.29    2.159e+08      14.80    27.25      11.69    33.87   0.021042       0.1576       0.2979       0.9415   1.000000   0.289811   0.432655   0.853709   0.896255   0.552243   0.652930  -0.518373   0.782894   0.781689  -0.621685   0.049704   213.88        14.75     13        1.23836e+11     -1.351e+11     0.58609         0.50979       13.24450      0.007583
       471        471    37.09492489    20.36753914    25.38613473   108.02    75.10    27.11   1.9669e+08      14.28    27.27      11.41    30.98   0.029585       0.3612      -0.4045      -0.8402   1.000000  -0.176050   0.984258  -0.015581   0.885373   0.129061   0.038770   0.990879   0.844806   0.975884   0.172433  -0.133854   216.82        14.28     13        9.43936e+10   -1.23209e+11     0.46501         0.30877        8.20524      0.018387
       469        469    36.92736481    19.82222060    25.24196615   103.58    85.75    -0.66  1.95855e+08      14.40    29.74       7.43    35.57   0.022555        0.127       0.9702       0.2063   1.000000   0.837005   0.065910  -0.543211   0.883853   0.398290   0.607335   0.687393   0.672467  -0.375217   0.791707  -0.482091   210.54        14.34     13        1.23932e+11    -1.4895e+11     0.69413         0.71388        4.30279      0.013173
       450        450    37.63144351    21.10916947    25.42818309    30.89    47.18    33.81  1.87921e+08      14.06    26.22      11.20    32.39   0.025219     -0.07864       0.7166       0.6931   1.000000  -0.590879   0.806510  -0.020064   0.799761   0.616540   0.435380  -0.655990   0.702081   0.520327   0.399982   0.754503   216.93        14.06     12        9.86044e+10   -1.06383e+11     0.78461         0.89510       12.62870      0.008458
       407        407    37.68754387    20.18697651    26.34891820    50.24    68.43     4.16  1.69964e+08      13.86    27.19      11.12    30.48   0.061803      -0.9729       -0.189       0.1332   1.000000   0.532607  -0.357607   0.767103   0.841657   0.842359   0.312033  -0.439394   0.707984  -0.082231   0.880200   0.467424   204.96        13.74     12        7.89526e+10   -1.04284e+11     0.54709         0.94665        8.03925      0.041059
       402        402    37.93175227    20.44984471    25.86396030    19.62    46.07    33.65  1.67876e+08      13.55    25.43      10.62    29.24   0.039118      -0.7973       0.3976      -0.4541   1.000000  -0.237982   0.913773   0.329216   0.937085   0.475806  -0.185815   0.859698   0.801139   0.846742   0.361236  -0.390558   216.37        13.55     12        7.17645e+10   -9.11597e+10     0.57542         0.91097       12.08744      0.022769
       385        385    36.89224545    19.88949574    24.95718728    82.83    91.89    31.23  1.60776e+08      13.41    25.78      11.10    32.29   0.061007      -0.7183        0.411      -0.5614   1.000000  -0.002332   0.972487   0.232945   0.893934   0.633709  -0.178763   0.752633   0.872701   0.773568   0.149375  -0.615857   213.86        13.37     12        8.38249e+10   -8.64645e+10     0.79964         0.61377        6.95538      0.013607
       373        373    37.09477630    20.38748943    25.38829015   107.96    50.20    38.81  1.55765e+08      13.21    25.09      10.60    27.44   0.025061      -0.0457      -0.2407       0.9695   1.000000   0.131458   0.909559   0.394235   0.838268   0.038920  -0.402115   0.914762   0.752028   0.990557  -0.104910  -0.088261   216.84        13.21     12        5.86367e+10   -8.21533e+10     0.70362         1.23504        9.54790      0.017090
       371        371    37.96455495    20.18690342    25.85782337    49.18    69.92    25.06   1.5493e+08      13.23    26.23       8.33    29.61   0.042095      -0.8195       0.5672     -0.08161   1.000000   0.128665  -0.430815   0.893221   0.846028   0.901616  -0.324253  -0.286267   0.737575   0.412958   0.842175   0.346710   214.55        13.21     12        6.79112e+10    -9.2063e+10     0.31286         0.89560        5.92297      0.029273
       367        367    37.22241856    20.80848072    25.49123511    90.66    45.16    10.76   1.5326e+08      13.19    28.43       4.74    31.98   0.052423      -0.2107       0.2776      -0.9373   1.000000  -0.223294   0.906683   0.357864   0.831639   0.744805  -0.078135   0.662692   0.759100   0.628813   0.414513  -0.657855   214.13        13.17     12        7.83589e+10   -1.05014e+11     0.54206         1.05834        3.25195      0.038659
       362        362    36.89109174    20.01019595    25.03806657   102.13    58.92     3.50  1.51172e+08      13.10    26.43       6.52    30.67   0.046230      -0.1539      -0.9357       0.3174   1.000000  -0.315216  -0.476865   0.820511   0.939700  -0.218561   0.877825   0.426210   0.801035   0.923510   0.044983   0.380929   215.99        13.09     12        7.11212e+10   -8.97877e+10     0.50968         0.67064        5.84667      0.028816
       349        349    37.61549510    20.20063236    26.29020290    71.52    77.76     8.97  1.45743e+08      12.95    24.71      10.77    26.53   0.009724      -0.3375       0.1393        0.931   1.000000   0.924909   0.009025   0.380083   0.931250  -0.376846  -0.110532   0.919657   0.782590  -0.050311   0.993832   0.098830   215.25        12.93     12        5.12714e+10   -7.10543e+10     0.95027         0.88947        8.19673      0.006437
       324        324    37.23969053    20.47528375    26.22988709   142.62    69.36   -27.96  1.35303e+08      12.64    25.99       8.54    28.62   0.023882      -0.4494       0.7187      -0.5306   1.000000  -0.515429   0.831037  -0.209070   0.846940   0.825702   0.416372  -0.380592   0.659519   0.229235   0.368797   0.900800   214.86        12.63     12        5.53991e+10   -7.61138e+10     0.22217         0.41089        6.38720      0.017215
       303        303    37.73945038    20.62605831    26.07010322    11.89    -5.41    -2.87  1.26533e+08      12.35    25.67       7.05    35.42   0.122807      -0.6577       0.7483      0.08641   1.000000   0.715711   0.643928   0.270396   0.707671   0.195242  -0.556208   0.807783   0.477012  -0.670550   0.525346   0.523807   215.57        12.34     11        7.93573e+10   -7.33465e+10     0.43962         1.72466        6.19254      0.050395
       300        300    37.57226224    20.89202740    25.83779922    60.65    18.27     9.03   1.2528e+08      12.39    23.67       9.56    25.99   0.037517      -0.3126      -0.9003      -0.3027   1.000000  -0.453046   0.742050  -0.494076   0.772558  -0.874151  -0.261004   0.409557   0.599319   0.174956   0.617445   0.766911   211.56        12.34     11        4.23099e+10   -5.92328e+10     0.42333         0.67453        6.53513      0.026129
       294        294    37.98880303    19.97609831    25.80542812    59.02    80.50    26.00  1.22775e+08      12.24    24.30       7.92    25.46   0.035265      -0.8465     -0.05016       0.5301   1.000000   0.684981  -0.628038  -0.369282   0.832941   0.676290   0.359580   0.642911   0.754629  -0.270986  -0.690123   0.671041   214.81        12.22     11        3.97875e+10   -5.85755e+10     0.77368         0.44084        5.75013      0.026252
       292        292    37.12476325    20.38113268    25.44075374   110.00    62.13    10.89   1.2194e+08      12.31    24.03       7.74    26.06   0.018163       -0.784       0.4385       0.4393   1.000000   0.631216  -0.392749  -0.668816   0.912397   0.546808  -0.386209   0.742862   0.846116   0.550061   0.834620   0.029023   210.04        12.24     11        4.14049e+10   -5.88902e+10     0.49577         0.88856        5.50942      0.013167
       287        287    37.36777208    20.27534417    26.23683592   118.54    55.50   -12.92  1.19852e+08      12.18    22.75      10.01    26.72   0.067572       0.8572       0.4973       0.1338   1.000000  -0.243638   0.794947   0.555607   0.835843  -0.569874  -0.580885   0.581220   0.777129   0.784783  -0.175019   0.594545   212.86        12.12     11        4.27825e+10   -4.98305e+10     0.36698         0.79583        9.11760      0.031481
       277        277    37.59148329    21.25921787    25.29816139    26.21    17.47    41.64  1.15676e+08      11.99    22.36       9.45    24.65   0.052350       0.5789       0.6514      -0.4904   1.000000   0.541149  -0.514280  -0.665338   0.890905   0.765131  -0.027151   0.643302   0.834179   0.348902   0.857193  -0.378799   215.47        11.97     11        3.51375e+10   -4.82455e+10     0.12621         0.23890       10.71738      0.034189
       258        258    37.62475905    20.28073483    25.78362248    61.57    71.37    40.51  1.07741e+08      11.82    22.43      10.13    24.78   0.039813     -0.09211      -0.4998       0.8612   1.000000   0.924974  -0.278869   0.258177   0.578347  -0.228801   0.133785   0.964236   0.442624   0.303436   0.950965  -0.059942   209.61        11.72     11        3.30695e+10   -4.07583e+10     1.52661         0.59012        6.92153      0.021226
       240        240    36.95058627    21.09180205    26.14307294   101.04    35.62   -13.01  1.00224e+08      11.41    21.13       9.29    27.18   0.124704      -0.4927       0.6812      -0.5415   1.000000  -0.676648   0.708482  -0.200502   0.851855   0.011411   0.282366   0.959239   0.597141   0.736218   0.646779  -0.199147   216.62         11.4     11        3.70303e+10   -3.62758e+10     0.73534         0.62490       10.35061      0.022000
       237        237    37.77515678    20.59160371    26.05193128    29.43    40.49    19.66  9.89715e+07      11.39    21.15       9.01    25.81   0.065402      -0.6455       0.5551       0.5245   1.000000  -0.478692  -0.480418   0.734883   0.958551   0.750974  -0.657670   0.059233   0.815280   0.454854   0.580232   0.675602   214.92        11.37     11        3.29541e+10   -3.81613e+10     0.37675         0.55666       10.19892      0.030670
       227        227    37.31009974    20.99592163    25.54593206    64.49    25.93     7.99  9.47955e+07      11.22    23.34       7.06    25.32   0.044171       0.4717      0.06325       0.8795   1.000000   0.366780   0.906984  -0.207006   0.730804  -0.102462   0.260544   0.960010   0.641561   0.924648  -0.330902   0.188494   215.39        11.21     11        3.03908e+10   -4.33728e+10     0.59715         0.37942        5.02591      0.033891
       221        221    37.20824124    20.88791010    26.10207430    79.30    35.70    -5.75  9.22899e+07      11.14    22.20       7.04    24.60   0.032263       0.2785      -0.9361      -0.2147   1.000000   0.598028   0.307166   0.740278   0.877677   0.712141   0.220123  -0.666634   0.872920  -0.367719   0.925848  -0.087106   214.25        11.12     11        2.79322e+10   -3.84604e+10     0.70141         0.36088        5.02019      0.022816
       221        221    37.60463012    20.49699186    26.21060096    78.83    49.80    -1.23  9.22899e+07      11.20    22.49       4.97    25.50   0.020992      -0.1124       0.3927      -0.9128   1.000000   0.552819   0.533335   0.640270   0.903237  -0.229764   0.836126  -0.498098   0.703310   0.800999  -0.128247  -0.584767   210.89        11.16     11         3.0016e+10   -4.12435e+10     0.33736         1.03844        2.54763      0.015371
       220        220    36.94628257    21.44389555    25.56364015    57.17    27.14    24.65  9.18723e+07      11.08    22.09       7.61    23.75   0.043191      -0.5415       0.6242      -0.5632   1.000000   0.293348   0.610168   0.735963   0.756768   0.921871   0.023335  -0.386795   0.709083   0.253183  -0.791928   0.555651   216.77        11.08     11        2.59156e+10   -3.63875e+10     1.04505         0.49565        3.95802      0.030518
       219        219    37.26871828    20.57297149    25.68111161    92.04    55.46     7.36  9.14547e+07      11.08    20.40       9.32    23.17   0.115542       0.2199      -0.6279       0.7466   1.000000   0.759460   0.450318   0.469504   0.703948   0.079532  -0.780554   0.620008   0.489738  -0.645675   0.433531   0.628614   215.92        11.06     11        2.45447e+10   -2.99396e+10     0.45814         0.88580       10.19883      0.058859
       219        219    37.21696757    20.33692095    25.95788350   127.02    75.45    -9.35  9.14547e+07      11.13    20.34       9.18    24.48   0.016584       0.6753       0.6056        0.421   1.000000   0.238760   0.304368   0.922146   0.851941  -0.200614   0.944585  -0.259832   0.787165   0.950130   0.122958  -0.286590   212.76        11.07     11        2.73974e+10   -3.12132e+10     1.15026         0.81918       10.15563      0.007123
       214        214    36.69091709    21.23351665    25.84736733   100.87    70.35    -8.88  8.93667e+07      11.10    22.02       6.24    23.86   0.046409      -0.7766     -0.09025      -0.6235   1.000000   0.640666   0.603666   0.474484   0.908829  -0.690563   0.182864   0.699774   0.818096  -0.335664   0.775982  -0.534024   209.46        11.06     10        2.54455e+10   -3.68094e+10     0.27913         0.46376        4.08684      0.035157
       212        212    37.18350408    20.24251947    25.58528924    90.18    88.59    25.28  8.85315e+07      11.00    23.13       5.62    24.96   0.025253       -0.942      -0.3355     -0.01028   1.000000   0.389996   0.708488   0.588174   0.823442   0.736555  -0.623364   0.262494   0.792807  -0.552620  -0.330851   0.764950   213.73        10.97     10        2.75701e+10   -3.89254e+10     0.56763         0.82061        4.04090      0.019208
       199        199    37.70303308    20.62049666    26.08872671    76.79     6.14   -32.97  8.31026e+07      10.80    21.50       5.96    26.11   0.072566       0.6757       0.6418      -0.3626   1.000000  -0.250872   0.834221  -0.491059   0.732512  -0.928389  -0.063681   0.366113   0.619478   0.274148   0.547741   0.790457   211.73        10.76     10        2.83219e+10   -3.12292e+10     0.85901         1.19514        4.44693      0.029487
       195        195    38.14043351    19.79026530    25.72966011    47.99    73.66    33.26  8.14322e+07      10.65    21.18       5.37    24.30   0.049433      -0.1269       0.1944       0.9727   1.000000  -0.032407   0.917388  -0.396672   0.713235   0.088929   0.397953   0.913086   0.512730   0.995511  -0.005685  -0.094479   216.09        10.65     10        2.40479e+10   -3.04335e+10     0.58181         1.18041        3.83207      0.030176
       188        188    37.83434487    20.22834584    25.97809025    54.64    66.30     6.98   7.8509e+07      10.51    20.79       8.13    21.29   0.032890       0.5876      -0.7476      -0.3095   1.000000  -0.433084   0.630272  -0.644357   0.790953   0.481268   0.766140   0.425923   0.731039   0.762115  -0.125648  -0.635132   216.78        10.51     10        1.77856e+10   -2.71761e+10     0.33665         0.37533        5.58077      0.025087
       186        186    36.90615188    19.85959178    24.93027924    73.08    91.33    29.51  7.76738e+07      10.47    19.41       8.50    25.40   0.044865       0.9481       0.1858      -0.2582   1.000000  -0.102426   0.763447   0.637698   0.852033  -0.877909   0.232065  -0.418834   0.559225   0.467744   0.602740  -0.646467   217.07        10.47     10        2.50489e+10   -2.39453e+10     0.78640         1.31704        9.48457      0.011834
       185        185    37.62058278    20.19329775    26.30967479    70.36    90.28    -7.83  7.72562e+07      10.48    19.90       8.52    22.59   0.081334      -0.8694       0.4826      -0.1058   1.000000  -0.137752   0.469414   0.872167   0.908214  -0.163974   0.857603  -0.487473   0.817247   0.976799   0.210163   0.041165   215.41        10.46     10        1.97054e+10   -2.40621e+10     0.81525         0.49842        7.71783      0.042871
       180        180    37.37508205    20.20803411    26.26029535   124.95   107.20     4.01  7.51682e+07      10.36    20.07       8.32    22.86   0.043757       0.7464      -0.2466       0.6181   1.000000  -0.069099   0.349181   0.934504   0.905831  -0.657309   0.688724  -0.305947   0.754277   0.750447   0.635399  -0.181930   216.93        10.36     10        1.96349e+10   -2.53464e+10     0.64832         0.24494        6.02000      0.026987
       178        178    37.36756765    20.72391455    26.32428417    89.22    39.21   -11.87   7.4333e+07      10.45    20.98       6.72    22.19   0.024634       0.8376      -0.5302       0.1314   1.000000  -0.211650   0.518433   0.828512   0.953442   0.219633   0.851264  -0.476562   0.852791   0.952347  -0.081105   0.294035   209.11        10.39     10        1.83031e+10   -2.59054e+10     0.72055         0.44429        4.85985      0.017801
       176        176    37.18203266    20.44931973    25.46787720    74.45    72.48    20.96  7.34978e+07      10.32    20.92       5.21    23.20   0.035794       0.1504      -0.2687      -0.9514   1.000000   0.504250   0.702167   0.502687   0.926400  -0.677157  -0.039735   0.734765   0.748594  -0.535902   0.710903  -0.455441   214.57         10.3     10         1.9778e+10   -2.69602e+10     0.67409         0.79730        3.72177      0.025269
       171        171    37.23189852    20.85806940    25.50389512    81.55    26.04     7.65  7.14098e+07      10.42    19.71       8.33    22.05   0.042989      -0.1377         0.22       0.9657   1.000000   0.348894   0.763342   0.543674   0.578557  -0.500133  -0.338952   0.796855   0.526853   0.792553  -0.549927   0.263514   202.30         10.3     10        1.73553e+10   -2.25655e+10     0.44830         0.21638        5.99374      0.026738
       170        170    37.61676597    20.96600237    25.77479913    56.22    15.37    11.08  7.09922e+07      10.37    20.09       6.38    22.57   0.029902      -0.8492      -0.5267       0.0377   1.000000  -0.106668   0.908054  -0.405043   0.876441   0.993763   0.084048  -0.073283   0.713213   0.032502   0.410333   0.911356   204.44        10.28     10        1.80867e+10   -2.40905e+10     0.44264         0.82759        5.68710      0.020027
       170        170    37.43497795    20.19513735    26.29070659    69.56   103.16    -5.42  7.09922e+07      10.22    19.29       8.65    23.90   0.060316      -0.4149       -0.817      -0.4006   1.000000   0.851750   0.458409  -0.253739   0.876886  -0.504572   0.587165  -0.632964   0.702960  -0.141170   0.667157   0.731418   213.24        10.18     10        2.02745e+10   -2.13969e+10     1.30442         0.57864        5.71055      0.017344
       168        168    37.48387177    20.18963671    26.28983334    71.51    90.52     3.82   7.0157e+07      10.14    18.84       8.53    23.28   0.082853      -0.5684      0.00111      -0.8227   1.000000  -0.545051   0.765891   0.341072   0.699145   0.825846   0.420308   0.375925   0.608574  -0.144563  -0.486571   0.861597   215.68        10.12     10        1.90077e+10   -1.88685e+10     0.90502         0.80116        7.84821      0.008458
       165        165    37.23502169    20.86912525    25.45520618    70.37    28.00    35.09  6.89042e+07      10.19    21.01       5.68    23.87   0.055766       0.4662       0.7635       0.4469   1.000000   0.320353   0.676895  -0.662712   0.720046   0.769807   0.221678   0.598545   0.580760   0.552060  -0.701906  -0.450063   208.95        10.15     10        1.96288e+10   -2.57375e+10     0.35318         0.73852        4.95646      0.038483
       164        164    36.76802269    20.03022103    24.97845593   116.33    38.15    19.36  6.84866e+07      10.05    20.28       7.18    22.26   0.047127       0.7989       0.4246        0.426   1.000000  -0.289593  -0.310288   0.905460   0.816174   0.905483   0.217791   0.364234   0.640515  -0.310219   0.925358   0.217890   216.60        10.05     10        1.69671e+10   -2.19746e+10     1.78922         0.61501        5.59801      0.029417
       160        160    37.58867077    21.27118992    25.32133173    25.04     0.85    25.31  6.68162e+07      10.00    19.21       8.32    20.39   0.031073      -0.5625      -0.6591       0.4991   1.000000   0.720566  -0.526922  -0.450708   0.927354   0.381959   0.844135  -0.376223   0.877214   0.578699   0.098942   0.809517   214.61        9.976     10         1.3892e+10   -1.99361e+10     0.50533         0.60344        5.28129      0.021786
       157        157    37.51990503    21.03378523    24.64264047    39.35    52.22    42.15  6.55634e+07      10.01    19.24       8.25    19.55   0.038337      -0.3052       -0.911      -0.2774   1.000000   0.055422  -0.613606   0.787665   0.698236  -0.405615   0.707013   0.579317   0.576809   0.912362   0.351596   0.209704   210.10        9.945     10        1.25355e+10    -1.9414e+10     0.59811         0.54822        6.20946      0.029233
       155        155    37.29915158    20.44736701    26.21479331   100.67    65.57   -14.58  6.47282e+07       9.89    19.35       5.20    24.36   0.065583       0.4295      -0.4919       0.7573   1.000000   0.978047   0.093518  -0.186221   0.749797  -0.071968   0.990245   0.119311   0.616654   0.195562  -0.103290   0.975237   214.89        9.873     10        1.92125e+10    -2.0171e+10     1.02982         0.44909        4.70240      0.018798
       151        151    37.42252236    20.51143850    25.39210781    63.48    64.15    47.64  6.30578e+07      10.00    19.29       6.44    21.97   0.080240       0.8622       0.4907      -0.1261   1.000000   0.524541   0.613398  -0.590424   0.892063   0.585193  -0.763460  -0.273273   0.704603   0.618389   0.202169   0.759422   202.47         9.89     10          1.522e+10   -2.04751e+10     0.91175         0.82363        3.00334      0.055588
       150        150    37.75722071    20.62052082    25.39298119    30.73    42.47    60.21  6.26402e+07       9.80    17.77       7.92    18.58   0.022483     -0.00645      -0.9301      -0.3672   1.000000   0.444270  -0.203921   0.872376   0.617512   0.524704   0.848494  -0.068875   0.504606   0.726161  -0.488338  -0.483959   213.75        9.755      9        1.08081e+10   -1.56598e+10     0.96503         0.53883        8.86123      0.014914
       149        149    37.93426013    20.29261719    26.71213214    65.60    64.71    -1.81  6.22226e+07       9.73    18.23       7.53    20.34   0.037879      -0.5809      -0.6904       0.4311   1.000000   0.638564  -0.127084   0.759003   0.894805   0.673738  -0.384309  -0.631176   0.742411   0.371905   0.914416  -0.159785   216.95        9.727      9        1.28772e+10   -1.73492e+10     0.91378         0.40556        8.62816      0.024197
       145        145    37.84956751    20.56900535    25.95232199    38.36    45.98    36.15  6.05522e+07       9.76    18.25       7.26    21.54   0.085361      -0.4873       0.6661       0.5646   1.000000   0.740105   0.356547   0.570192   0.831952  -0.667676   0.490877   0.559686   0.769489   0.080340   0.794930  -0.601358   208.88        9.702      9        1.40521e+10   -1.68111e+10     0.57094         0.30258        6.33115      0.044091
       143        143    37.53508156    21.33846911    24.80214801    23.67    42.96    44.83   5.9717e+07       9.63    18.68       7.66    19.06   0.040899       0.2789       0.1108      -0.9539   1.000000   0.728661  -0.117375  -0.674742   0.931019   0.598323   0.588500   0.543762   0.807234  -0.333261   0.799932  -0.499045   214.42        9.612      9         1.0843e+10   -1.65903e+10     0.42246         0.53405        5.46063      0.030710
       143        143    38.16867460    20.09520475    25.77636522    28.07    53.39    38.46   5.9717e+07       9.35    17.98       7.43    20.62   0.042285        0.212      -0.1057      -0.9715   1.000000   0.875377  -0.186536  -0.446003   0.951547   0.220482   0.975072   0.024931   0.893641   0.430235  -0.120159   0.894684   234.14         8.67      9        1.26962e+10   -1.56479e+10     0.97659         0.68015        8.39274      0.022424
       140        140    37.41799560    21.14956212    25.41714055    68.48    30.26    21.50  5.84642e+07       9.54    17.76       7.64    20.10   0.041882    -0.004174           -1   -0.0004985   1.000000   0.188935  -0.378806   0.905986   0.846696   0.867646   0.496468   0.026641   0.776145  -0.459885   0.781041   0.422469   216.22        9.531      9        1.18158e+10   -1.52539e+10     0.20908         0.88364        8.59137      0.024723
       135        135    37.70548208    19.52250918    25.48531076    76.32    91.78    29.40  5.63762e+07       9.83    18.34       7.48    19.85   0.021085       0.2837       0.8533       0.4376   1.000000   0.198753  -0.672518   0.712893   0.905183   0.038029   0.732150   0.680081   0.756938   0.979311   0.108058  -0.171093   190.68        9.621      9        1.11101e+10   -1.53919e+10     0.53454         0.59889        6.58408      0.014620
       135        135    38.20213286    20.13664861    25.86861043     8.88    35.56    23.19  5.63762e+07       9.44    18.50       7.28    20.37   0.024150       0.6431      -0.6884       0.3355   1.000000   0.762120  -0.596638  -0.251388   0.844783  -0.189819  -0.577131   0.794285   0.669868   0.618985   0.557622   0.553096   215.14        9.428      9        1.17003e+10   -1.64401e+10     0.77279         0.49669        3.84307      0.017268
       134        134    36.90243749    21.42002211    25.66018552    62.13    26.40     8.17  5.59586e+07       9.46    16.69       7.18    20.29   0.055330      -0.2096       0.8736      -0.4392   1.000000   0.259010   0.936165   0.237714   0.843716   0.961801  -0.272563   0.025442   0.692482  -0.088610  -0.222044   0.971002   212.37        9.402      9        1.15188e+10   -1.32087e+10     0.50635         0.94310        8.31689      0.023821
       124        124    37.32288576    21.40552251    24.58036929    50.49    56.26    38.32  5.17825e+07       9.20    18.60       5.72    20.06   0.033624      -0.4517       -0.384      -0.8053   1.000000   0.446758  -0.446779   0.775111   0.920378   0.498553   0.843716   0.198967   0.755340   0.742868  -0.297544  -0.599680   213.29        9.181      9        1.04176e+10   -1.50478e+10     0.47481         0.28250        3.17646      0.025543
       121        121    37.66374208    20.57215882    26.10954228    85.77    59.29    10.26  5.05297e+07       9.22    18.56       4.36    20.84   0.018787       0.5397       0.8331      -0.1207   1.000000   0.481046  -0.205937   0.852165   0.764398   0.819772   0.450204  -0.353963   0.622136  -0.310754   0.868853   0.385390   207.18         9.16      9        1.09719e+10   -1.47699e+10     0.22924         0.60487        3.02151      0.013257
       118        118    37.34483271    20.43299038    25.42828011    65.52    78.30    34.44  4.92769e+07       9.01    16.86       6.98    17.40   0.022424      -0.7901      -0.5588       0.2518   1.000000   0.829162   0.490698  -0.267778   0.639558  -0.426853   0.865078   0.263510   0.590939   0.360953  -0.104191   0.926746   216.12        9.005      9        7.45945e+09   -1.16269e+10     0.45956         0.68400        7.99624      0.016807
       117        117    37.96695919    20.15245446    25.84492361    53.75    84.36    41.21  4.88593e+07       9.06    16.97       7.26    19.28   0.048793      -0.6349       0.7357       0.2361   1.000000  -0.298975   0.633791   0.713388   0.950329  -0.115118   0.718168  -0.686282   0.865116   0.947292   0.287305   0.141753   210.80        9.008      9        9.08156e+09   -1.16519e+10     0.91010         0.91153        4.20251      0.029044
       115        115    37.02574568    20.66619198    24.98330217    93.47    61.49    38.70  4.80241e+07       9.10    17.85       7.33    19.61   0.023746       0.6174        0.498      -0.6089   1.000000   0.075598   0.101118   0.991998   0.685125  -0.052311   0.993877  -0.097323   0.458164   0.995765   0.044535  -0.080424   204.49        9.009      9        9.23076e+09   -1.18933e+10     0.89581         0.22181        5.33301      0.014669
       113        113    37.96876389    20.30717852    26.75819175    58.70    54.33     0.97  4.71889e+07       8.89    16.70       6.94    18.04   0.016217      -0.8044       0.4896       0.3365   1.000000   0.526776   0.359780   0.770107   0.866174   0.595728   0.489991  -0.636410   0.568265  -0.606314   0.794019   0.043784   215.41         8.88      9        7.68018e+09   -1.09915e+10     0.29302         0.55606        6.18281      0.011238
       112        112    37.44452443    21.57198804    24.89650470    20.56    40.39    15.70  4.67713e+07       8.85    16.20       7.20    19.06   0.043630       0.2269       0.7899      -0.5697   1.000000  -0.497987   0.856586  -0.135164   0.883350  -0.037129   0.134661   0.990196   0.633737   0.866389   0.498124  -0.035255   216.72        8.845      9        8.49568e+09   -1.04027e+10     0.87457         0.35397        8.02453      0.023092
       112        112    37.04898686    21.00181426    26.14435244    67.12    52.99    -3.75  4.67713e+07       8.92    16.84       7.18    17.94   0.093082       0.8831       0.4442       0.1511   1.000000  -0.583588   0.580230   0.568118   0.803946   0.182814  -0.587775   0.788099   0.559384   0.791204   0.563785   0.236944   211.50        8.875      9         7.5307e+09   -1.10832e+10     0.76491         0.52736        4.19216      0.067515
       112        112    37.20341665    20.47264001    25.46529226    55.77    69.91    20.78  4.67713e+07       8.86    17.36       7.04    22.53   0.117992      -0.9633       0.2598      0.06737   1.000000   0.474625   0.706456   0.525024   0.931187   0.665131  -0.678541   0.311741   0.688755  -0.576482  -0.201250   0.791939   215.52        8.855      9        1.18726e+10   -1.15965e+10     0.33380         0.35189        3.97601      0.023780
       112        112    37.01930094    21.02556895    26.14490074    76.61    49.44    14.40  4.67713e+07       8.93    17.11       5.64    18.73   0.005999       0.1049       0.9492       0.2968   1.000000   0.022958  -0.224726   0.974152   0.872208   0.856960  -0.497404  -0.134941   0.700482   0.514871   0.837907   0.181161   210.46        8.891      9        8.20622e+09   -1.20281e+10     1.03212         0.83949        4.02560      0.004517
       110        110    37.11627829    20.32810712    25.45341396    89.73    94.32    26.98  4.59361e+07       8.84    16.16       7.15    19.42   0.045431       0.8223     -0.07229      -0.5645   1.000000   0.376198   0.413935   0.828935   0.830258   0.039156   0.886755  -0.460579   0.716241   0.925712  -0.205727  -0.317387   213.74        8.804      9         8.6657e+09   -1.01656e+10     0.84820         0.56282        7.99177      0.021697
       109        109    37.88421204    20.61207195    26.16196955    12.37    19.58    -9.45  4.55185e+07       8.88    16.35       7.33    18.73   0.059796     -0.07562      -0.7106       0.6996   1.000000   0.401691   0.321286   0.857566   0.757270   0.371557   0.798719  -0.473280   0.557792   0.837012  -0.508747  -0.201461   208.77        8.799      9        7.98297e+09   -9.83909e+09     1.27100         0.82201        6.69093      0.032138
       106        106    37.69634127    19.55070562    25.51265954    78.53    86.82    20.09  4.42657e+07       8.71    16.17       6.79    17.51   0.045072      -0.9178      0.03034       0.3958   1.000000  -0.061416   0.997929  -0.019141   0.925518   0.725365   0.057798   0.685934   0.808667  -0.685620  -0.028243   0.727412   214.92        8.697      9         6.7881e+09   -1.02206e+10     0.55849         0.59753        7.75272      0.033554
       105        105    37.87153532    20.46586813    26.30998616    45.76    46.41    -5.58  4.38481e+07       8.67    16.47       7.02    16.77   0.036893       0.8632       0.3989       0.3093   1.000000  -0.414505  -0.482728   0.771466   0.865625   0.908339  -0.271378   0.318237   0.716367   0.055737   0.832663   0.550968   216.22         8.66      9        6.16506e+09   -9.37358e+09     0.83606         0.81733        5.14490      0.026738
       105        105    38.17755998    20.38889754    25.38442329    34.49    35.10    56.32  4.38481e+07       8.68    16.95       5.20    18.50   0.046225       0.1992       0.9751     -0.09779   1.000000  -0.284921   0.779549   0.557785   0.821669   0.008491  -0.579829   0.814694   0.792838   0.958514   0.236859   0.158586   215.17         8.67      9        7.50661e+09    -1.0869e+10     0.32821         1.16093        1.46798      0.034323
       104        104    37.93039314    20.46636146    25.86813031    24.25    31.00    23.24  4.34305e+07       8.64    15.79       6.87    19.98   0.074098       0.6745      -0.2728       -0.686   1.000000   0.078918   0.805146   0.587803   0.962347   0.546870  -0.527965   0.649759   0.629447   0.833490   0.270174  -0.481976   216.14        8.632      9        8.66801e+09   -9.71241e+09     0.62679         0.38060        7.75584      0.030886
