#  npart(1)  nvpart(2)      Xc(3)          Yc(4)          Zc(5)      VXc(6)   VYc(7)   VZc(8)    Mvir(9)      Rvir(10) Vmax(11)   Rmax(12) sigV(13) lambda(14)      Lx(15)       Ly(16)       Lz(17)     a(18)     Eax(19)    Eay(20)    Eaz(21)     b(22)     Ebx(23)    Eby(24)    Ebz(25)     c(26)     Ecx(27)    Ecy(28)    Ecz(29) ovdens(30)    Redge(31) nbins(32)     Ekin(33)       Epot(34)   mbp_offset(35)  com_offset(36)   r2(37)      lambdaE(38)
   1987577    1987577    39.81556638    22.40704025    26.22958971   101.10    96.29    19.43  8.30015e+11     203.72   187.04      36.85   178.54   0.021787      0.06323       0.5413       0.8384   1.000000   0.895371  -0.425281  -0.132083   0.947867   0.208715   0.138754   0.968083   0.797391   0.393381   0.894362  -0.212999   315.07        203.7     35        1.32295e+16   -2.41684e+16     0.09761         6.69654       14.16197      0.024745
     75268      75268    39.57723879    22.44172632    26.18830398   218.22    33.32   102.42   3.1432e+10      68.41    64.66       9.79    64.79   0.066456      -0.5631        0.604       -0.564   1.000000   0.561740   0.732457   0.384649   0.871978   0.826936  -0.511153  -0.234306   0.814600  -0.024996  -0.449699   0.892830   315.04        68.41     26        6.59803e+13   -1.09548e+14     0.11718         2.97703        4.21499      0.072893
     73274      73274    39.63051280    22.51377445    26.22495064   233.98   -16.77    47.97  3.05993e+10      67.97    59.46       7.30    63.43   0.047608      -0.7269       0.2821       0.6261   1.000000   0.884252  -0.115423   0.452522   0.979197  -0.366851   0.427951   0.826001   0.885108   0.288997   0.896402  -0.336073   312.78        67.92     26        6.15549e+13   -9.97957e+13     0.03435         1.86236        3.66885      0.050091
     22207      22207    39.84439871    22.43981607    26.22134691   267.75   255.08    34.84  9.27367e+09      25.45    62.78       5.91    81.47   0.021701     -0.05314       -0.951      -0.3045   1.000000  -0.283605   0.957633  -0.050072   0.975174   0.689141   0.167225  -0.705068   0.892811   0.666823   0.234467   0.707370  1805.84         4.44     23         3.0773e+13   -3.25718e+13     0.03973         0.81440        2.54287      0.009998
      5185       5185    39.74829837    22.48458396    26.25812233   238.67   -75.17    86.19  2.16526e+09      28.15    29.84       4.29    29.80   0.026015      -0.1491      -0.9741      -0.1697   1.000000   0.782555  -0.611898   0.114840   0.810478   0.328326   0.562332   0.758937   0.773263   0.528970   0.556205  -0.640958   311.69        28.12     19        9.61236e+11    -1.6364e+12     0.07639         0.53603        2.89442      0.033075
      4417       4417    40.17284445    22.26760003    26.16110338    17.91   165.44    33.77  1.84454e+09      26.60    27.08       3.16    25.43   0.027371      -0.6352       0.7696      0.06462   1.000000  -0.453929   0.793332  -0.405676   0.952266   0.563563   0.608272   0.558928   0.861043  -0.690177  -0.025090   0.723205   314.65        26.59     19        5.96611e+11   -1.07662e+12     0.11672         0.25856        1.63777      0.033481
      4399       4399    40.09853621    22.50953997    26.25547111     2.05   102.40   -57.27  1.83703e+09      26.56    22.00       5.41    21.92   0.048052      -0.9016      -0.2389      -0.3605   1.000000  -0.483148   0.319407   0.815198   0.893958   0.851501   0.388096   0.352602   0.821986  -0.203752   0.864500  -0.459483   314.82        26.55     19        4.41149e+11   -7.77659e+11     0.14708         0.65099        2.81367      0.049379
      4021       4021    39.70928448    22.51066623    26.24709098   284.34   -13.21    -0.11  1.67917e+09      23.80    31.12       2.55    29.93   0.013157      -0.6294       0.7622       0.1518   1.000000   0.845455  -0.318464   0.428703   0.906788  -0.102662   0.690855   0.715667   0.858520   0.524086   0.649076  -0.551393   399.95        18.75     18        7.51875e+11   -1.30227e+12     0.06915         0.62917        1.59915      0.017907
      2605       2605    39.70686727    22.46228885    26.31361502   202.71   146.19     3.91  1.08785e+09      22.70    28.93       2.87    26.85   0.020259       0.9767      -0.1058       0.1865   1.000000   0.883887   0.182603  -0.430582   0.866082   0.256335   0.580908   0.772553   0.786881  -0.391199   0.793222  -0.466649   298.64        22.62     17        3.92168e+11   -7.40145e+11     0.09119         0.23900        1.86554      0.033050
      1935       1935    39.69333974    22.49429960    26.22976028   238.90   -28.60   108.34  8.08058e+08      14.31    23.15       2.94    22.68   0.015794      -0.5869      -0.6809        0.438   1.000000   0.799368  -0.590554  -0.110711   0.896526  -0.164710  -0.392582   0.904848   0.839000   0.577825   0.705071   0.411087   885.89        5.088     16        2.07891e+11    -3.7119e+11     0.11131         0.48212        1.53638      0.018866
      1913       1913    39.74372309    22.37735453    26.12307261   222.78    48.73   175.27  7.98871e+08      17.63    23.50       1.72    22.44   0.012998       0.7648      -0.4641      -0.4468   1.000000   0.341531   0.164667   0.925333   0.970760   0.639294   0.680993  -0.357143   0.911788  -0.688955   0.713536   0.127310   467.73        11.88     16        2.01093e+11   -3.69351e+11     0.14912         0.20819        1.12111      0.017698
      1912       1912    39.68300856    22.44958208    26.17737580   280.36    33.20    44.03  7.98453e+08      19.99    20.97       2.60    19.84   0.020177       0.6756      -0.7096       0.1999   1.000000   0.936191  -0.071706   0.344101   0.833348  -0.094318   0.891818   0.442454   0.767815  -0.338602  -0.446676   0.828148   320.68        19.64     16        1.57116e+11   -2.96154e+11     0.06742         0.07491        2.27229      0.026606
      1800       1800    39.87463244    22.39166824    26.22820426   135.06   108.59   250.09  7.51682e+08      10.47    28.27       2.19    27.31   0.012959       -0.782      -0.5383      -0.3141   1.000000   0.776670  -0.340658  -0.529845   0.795250   0.470866  -0.244749   0.847575   0.730329   0.418413   0.907772   0.029685  2102.37        1.569     16        2.80369e+11   -5.07172e+11     0.11105         0.31622        1.48991      0.016776
      1630       1630    39.94384182    22.38694722    26.28346997    73.49    74.40   -89.44   6.8069e+08      19.36    27.41       1.89    24.69   0.003707       0.3542       0.5944       -0.722   1.000000   0.736399  -0.023421   0.676142   0.851086  -0.616182   0.389441   0.684584   0.800779   0.279351   0.920754  -0.272352   301.10        19.31     16        2.07537e+11   -4.07064e+11     0.07919         0.13345        1.65467      0.006758
      1268       1268    39.78501841    22.39123866    26.22596107   354.82   140.16   -11.55  5.29518e+08       6.03    27.89       1.63    26.24   0.010144       0.8011      -0.5346       -0.269   1.000000   0.806471   0.591055   0.016089   0.921249  -0.533993   0.716389   0.449041   0.880755   0.253882  -0.370730   0.893366  7753.41        0.245     15        1.82347e+11   -3.50708e+11     0.08272         0.07607        1.11416      0.012189
      1241       1241    39.76277000    22.16361345    26.30294963   159.41   100.60    64.49  5.18243e+08      17.47    18.88       3.75    17.11   0.009233        0.225      -0.4853       0.8449   1.000000   0.441424   0.887703   0.130875   0.896868   0.785699  -0.452836   0.421446   0.874262  -0.433383   0.083208   0.897360   312.16        17.46     15        7.58672e+10   -1.53131e+11     0.05725         0.38763        2.38889      0.013069
      1192       1192    39.61501316    22.51061651    26.21145700   226.95   -57.15    34.44  4.97781e+08      13.77    23.30       1.74    24.68   0.024240      -0.7661      -0.6365        0.089   1.000000   0.731747  -0.006669   0.681544   0.650376   0.239112   0.938909  -0.247537   0.550355  -0.638257   0.344100   0.688639   612.54         7.08     15         1.5161e+11   -1.99449e+11     0.07207         0.83445        1.12683      0.024954
      1188       1188    39.78582960    22.43507007    26.24088110   187.33   119.30   215.33   4.9611e+08       8.72    29.71       1.64    27.76   0.013154       0.3392       0.2704       -0.901   1.000000   0.819711  -0.537688   0.197399   0.812578   0.065231   0.430027   0.900457   0.696912   0.569051   0.725237  -0.387571  2404.32        1.142     15         1.9115e+11    -3.6392e+11     0.07601         0.12117        1.09304      0.020547
      1101       1101    39.87858410    22.59267068    26.04267978   122.19    42.18    -3.12  4.59779e+08      16.72    19.51       2.74    17.54   0.018867      -0.6639       0.5312      -0.5264   1.000000   0.321683   0.700076  -0.637506   0.893883  -0.713593   0.621790   0.322742   0.844740   0.622338   0.351099   0.699588   315.76        16.68     15        7.07202e+10   -1.41852e+11     0.13188         0.39861        1.76127      0.028259
      1085       1085    39.84681174    22.42829859    26.15501936   -55.88     6.93    19.37  4.53097e+08       9.17    23.01       2.76    21.07   0.011431      -0.2843       0.9314       0.2274   1.000000   0.659778   0.515280  -0.546972   0.908597   0.734634  -0.289117   0.613778   0.854513  -0.158129   0.806783   0.569295  1883.24        1.535     15        1.00585e+11    -2.0112e+11     0.15423         0.22918        1.52611      0.015300
      1031       1031    39.63083094    22.50589428    25.91468472   131.99    -5.33    83.12  4.30547e+08      16.43    17.47       2.69    15.86   0.019650      -0.7218       0.3826      -0.5768   1.000000   0.325661   0.726360   0.605266   0.927044   0.622467  -0.646566   0.441007   0.915577   0.711674   0.233139  -0.662696   311.70        16.41     15        5.41443e+10   -1.05087e+11     0.29376         0.19455        1.41893      0.026366
      1019       1019    39.70297203    22.35722606    26.09484452   135.71    60.03   -39.53  4.25536e+08      16.36    18.23       2.13    16.83   0.014680       0.3545        0.518       0.7785   1.000000   0.753397   0.184013   0.631294   0.821363  -0.637782  -0.029232   0.769662   0.752537  -0.160082   0.982489  -0.095337   311.65        16.35     15        6.02655e+10   -1.07402e+11     0.17042         0.41376        1.03876      0.019133
       997        997    39.78210920    22.35506132    26.19016756   224.42    46.61    14.05  4.16348e+08      14.17    27.51       1.31    24.77   0.008930      -0.7239       0.1028       0.6822   1.000000   0.823059   0.324238   0.466309   0.826832  -0.487239   0.824979   0.286370   0.725255  -0.291843  -0.462904   0.836987   469.99        9.497     15        1.27709e+11   -2.60801e+11     0.11175         0.17335        1.13876      0.018598
       985        985    39.91017368    22.42162047    26.34685688   -55.73    40.42   135.31  4.11337e+08      13.36    16.91       3.93    17.42   0.072415       0.6969       0.3542       0.6236   1.000000   0.148907   0.822162  -0.549432   0.978537   0.960286  -0.252813  -0.118049   0.849203   0.235959   0.510034   0.827157   553.59        7.604     15        6.24179e+10   -9.41738e+10     0.26808         0.15207        2.74082      0.072413
       984        984    39.65468175    22.49296201    26.21129184   229.42     8.99    50.51   4.1092e+08      16.22    21.21       1.50    20.61   0.018242      -0.8247      -0.4292      -0.3684   1.000000  -0.596041   0.785215   0.167847   0.802244   0.061232  -0.163980   0.984561   0.713459   0.800616   0.597117   0.049659   309.08         16.2     15        8.73139e+10   -1.35475e+11     0.13069         0.06611        0.97379      0.024777
       976        976    39.74695594    22.45784847    26.07582477    38.70    99.11    49.24  4.07579e+08      16.17    24.59       1.20    22.03   0.008134      0.03083      -0.9264       0.3754   1.000000   0.221498  -0.489860   0.843194   0.825088  -0.699872   0.522260   0.487261   0.742670   0.679056   0.698055   0.227160   309.39        16.16     15        9.88814e+10   -1.92684e+11     0.06406         0.11380        1.03333      0.015521
       910        910    39.93038654    22.35491616    26.20696669    69.67   204.86   165.72  3.80017e+08      13.21    20.40       1.91    18.94   0.016702      -0.6527      -0.3648       0.6639   1.000000   0.763790  -0.493042  -0.416574   0.853113   0.435949  -0.081892   0.896238   0.834827   0.475997   0.866143  -0.152393   529.19        7.864     14        6.81787e+10   -1.30474e+11     0.10555         0.25305        1.19421      0.025177
       868        868    39.65614971    22.40873067    26.16343724   216.26    36.88   138.44  3.62478e+08      15.59    19.27       1.79    17.70   0.018787      -0.5668      -0.5687      -0.5961   1.000000   0.936316  -0.348153  -0.045842   0.837679   0.261352   0.778086  -0.571207   0.758279   0.234536   0.522849   0.819525   306.78        15.58     14         5.6806e+10   -1.09723e+11     0.08533         0.21489        1.06046      0.029731
       762        762    39.98765957    22.46114879    26.25991145   -74.76   136.45    50.28  3.18212e+08      14.89    15.88       1.98    14.36   0.026874      -0.9608      -0.2023       0.1895   1.000000   0.948815  -0.111188  -0.295613   0.910496   0.056141   0.980452  -0.188578   0.828899   0.310802   0.162330   0.936510   309.20        14.87     14        3.28029e+10   -6.23761e+10     0.16571         0.43039        1.29754      0.035393
       723        723    39.76986835    22.45529571    26.12222415    62.24   156.46   196.01  3.01926e+08      10.87    19.57       1.31    17.80   0.023298       0.4968       0.1491        0.855   1.000000  -0.010508   0.141758   0.989846   0.835455   0.991634  -0.125883   0.028555   0.756822   0.128653   0.981865  -0.139250   754.46        4.539     14        4.78463e+10   -9.34788e+10     0.12917         0.05637        0.84235      0.034319
       714        714    40.12407533    22.29042450    26.12463329    38.44   176.25    74.73  2.98167e+08      14.75    12.06       4.00    11.97   0.070488      -0.2073       0.8464       0.4906   1.000000  -0.414140  -0.186372   0.890928   0.840346   0.798080  -0.545009   0.256971   0.793107   0.437671   0.817454   0.374450   298.22        14.67     14        2.13782e+10    -3.8062e+10     0.20166         0.15887        2.72476      0.074056
       657        657    39.92791170    22.42090564    25.98186704    38.99   151.95    18.27  2.74364e+08      14.17    18.21       1.33    15.77   0.018189      0.05806       0.9308       0.3609   1.000000   0.628523  -0.517513  -0.580637   0.829987   0.496898  -0.307148   0.811635   0.789195   0.598373   0.798649  -0.064101   309.45        14.16     13        3.40953e+10   -6.88622e+10     0.11053         0.17913        1.13492      0.029385
       652        652    39.97519507    22.31503044    26.25065704   -26.32   224.63    52.35  2.72276e+08      14.18    13.59       2.10    12.60   0.015144      -0.1521      -0.4514      -0.8792   1.000000   0.977589  -0.196925  -0.074438   0.853571   0.136573   0.862305  -0.487624   0.844866   0.160214   0.466530   0.869875   306.72        14.14     13        2.16196e+10   -4.07715e+10     0.18396         0.26900        1.84969      0.018301
       650        650    39.54338972    22.47375565    26.08959431   205.56   -25.67   104.39  2.71441e+08      14.21    16.04       2.07    14.64   0.031344      -0.9909     -0.02573       0.1317   1.000000   0.446413  -0.176479   0.877252   0.849801   0.328789   0.944132   0.022620   0.777667   0.832234  -0.278333  -0.479497   303.78        14.19     13        2.90818e+10   -5.67224e+10     0.01592         0.30371        1.18070      0.045696
       625        625    39.59553975    22.65806347    26.22025421   229.14    19.05   100.40  2.61001e+08      13.90    14.39       1.63    12.96   0.021337      0.02396      -0.7619      -0.6472   1.000000   0.880692  -0.141276   0.452131   0.895741  -0.097132   0.880347   0.464279   0.768508  -0.463623  -0.452803   0.761592   312.12        13.89     13        2.19134e+10   -4.31377e+10     0.11973         0.63466        1.38686      0.028037
       622        622    39.84307668    22.34139043    26.00899548   138.92    61.02    -2.41  2.59748e+08      13.85    16.86       1.66    15.33   0.016504      0.01829       0.9874      -0.1575   1.000000  -0.145847  -0.029005   0.988882   0.901507   0.970011   0.192266   0.148703   0.885613  -0.194442   0.980914   0.000093   314.13        13.84     13        3.05359e+10   -5.84235e+10     0.10721         0.38512        0.99297      0.024932
       589        589    39.70063482    22.45629142    26.28171592   -41.21    86.90   -35.88  2.45967e+08      12.15    20.04       1.30    18.32   0.012242      -0.1811      -0.5841       0.7912   1.000000   0.517351  -0.516606  -0.682251   0.821731   0.738928   0.671803   0.051636   0.743787   0.431663  -0.530848   0.729292   439.79        8.706     13        4.12763e+10    -7.5597e+10     0.18068         0.26064        0.81888      0.020298
       559        559    39.84624601    22.40929850    26.18804112   208.76   186.32   281.45  2.33439e+08       4.66    19.42       1.45    18.81   0.032296       0.1626       0.8899       0.4262   1.000000  -0.474160  -0.281089   0.834363   0.981215   0.511000   0.683860   0.520782   0.883115   0.716974  -0.673294   0.180622  7387.31       0.1989     13        4.12845e+10   -7.57698e+10     0.08576         0.07814        0.94865      0.035036
       534        534    39.80071372    22.44324016    26.18904527    70.74   177.49   276.56  2.22999e+08       5.52    18.43       1.92    17.18   0.010127      -0.8683      -0.4958     -0.01076   1.000000   0.115309  -0.567528   0.815240   0.839283  -0.962137   0.140244   0.233717   0.777783   0.246973   0.811322   0.529869  4246.95       0.4098     13        3.29268e+10    -6.2748e+10     0.13718         0.21548        1.30696      0.011639
       505        505    39.88838242    22.51302563    26.08385551   120.92    69.61   200.80  2.10889e+08      11.25    13.82       1.65    12.55   0.038691      -0.3098      0.06634       0.9485   1.000000  -0.125308   0.841396  -0.525691   0.966178   0.957168   0.241929   0.159062   0.890474  -0.261014   0.483242   0.835673   474.96        7.465     13        1.65959e+10   -3.24974e+10     0.13045         0.29256        1.03495      0.049009
       480        480    39.67467396    22.50244857    26.20870116   117.49    47.28   -18.10  2.00449e+08       9.53    18.71       1.39    17.43   0.009042       0.1342      -0.7157       0.6854   1.000000   0.809326  -0.184822   0.557524   0.905918  -0.487632   0.317709   0.813189   0.789839   0.327425   0.930001  -0.167005   743.96        4.035     13        3.04321e+10   -5.63635e+10     0.13889         0.18473        1.19744      0.014159
       452        452    39.77334408    22.25791438    26.40735465   181.23   126.37    34.56  1.88756e+08      12.51    14.54       1.60    13.45   0.021123      -0.1639      -0.8515      -0.4981   1.000000   0.820106   0.510521  -0.258445   0.904120   0.405647  -0.200150   0.891846   0.742813  -0.403579   0.836246   0.371236   309.76        12.49     12        1.70751e+10   -3.23802e+10     0.05910         0.29577        0.97175      0.030916
       448        448    39.77795266    22.40503282    26.13282616    83.86    82.94   157.20  1.87085e+08       8.81    18.11       1.25    16.69   0.016002      -0.6709      -0.6044      -0.4296   1.000000   0.397316   0.173932   0.901048   0.850169   0.834711  -0.476479  -0.276089   0.838526   0.381309   0.861810  -0.334496   878.17        3.161     12        2.60617e+10   -5.04854e+10     0.10326         0.30952        1.07220      0.025054
       420        420    39.82116096    22.40718975    26.21404999   233.13    19.18  -331.47  1.75392e+08       2.34    23.86       1.20    35.36   0.045906      -0.3653       0.4217      -0.8299   1.000000   0.383163   0.812367   0.439598   0.853774  -0.372142  -0.299816   0.878420   0.786929   0.845397  -0.500171   0.187437 43732.32            0     12         1.0962e+11   -8.11427e+10     0.09617         0.04087        0.86044      0.042699
       392        392    39.72351457    22.40928312    26.21626080    15.33    32.31   110.45    1.637e+08       9.89    19.87       1.03    17.97   0.012510     -0.09927       0.8923       0.4403   1.000000   0.883570  -0.262136   0.388059   0.942126  -0.459047  -0.648729   0.606982   0.733660  -0.092633   0.714448   0.693530   542.50        5.746     12        2.64201e+10   -5.25604e+10     0.06712         0.03902        0.59638      0.024542
       392        392    39.88526081    22.37045043    26.32484985    86.49   112.44  -140.10    1.637e+08       7.44    18.14       1.41    16.40   0.012351       0.6839       0.4636       0.5634   1.000000  -0.353954   0.643959  -0.678257   0.886212  -0.166437   0.670260   0.723222   0.767985   0.920334   0.368875  -0.130063  1276.29        1.836     12        2.20033e+10   -4.47826e+10     0.01877         0.06724        0.86622      0.019613
       375        375    39.90069496    22.31305414    26.14691860   104.69   219.30   109.80    1.566e+08      12.79    13.38       1.46    12.81   0.017270       0.7586       0.5795       0.2978   1.000000   0.664672  -0.382598  -0.641740   0.902117   0.639468  -0.152882   0.753464   0.845222   0.386385   0.911178  -0.143042   240.42        12.61     12         1.2842e+10   -2.27797e+10     0.08855         0.56808        1.23931      0.024824
       373        373    39.88660585    22.31972072    26.10437081    85.44   102.53    -0.37  1.55765e+08      11.84    17.68       1.21    15.78   0.010600      -0.1266      -0.9593       0.2525   1.000000   0.591358  -0.396175  -0.702382   0.699855   0.018651   0.877487  -0.479238   0.650016   0.806193   0.270301   0.526298   300.96        11.82     12        1.93929e+10   -3.90835e+10     0.10587         0.23968        1.01840      0.020752
       361        361    39.68367993    22.40291108    26.12327656    71.26    81.40    92.74  1.50754e+08      11.61    17.54       0.89    15.57   0.008323       -0.753      -0.4328       0.4956   1.000000   0.630555   0.027800   0.775647   0.817662   0.737638  -0.332334  -0.587745   0.742835   0.241434   0.942752  -0.230061   308.82        11.61     12        1.82648e+10   -3.66019e+10     0.09978         0.20731        0.75638      0.016090
       338        338    39.87985591    22.52532926    26.09980356    20.23    85.82   -53.68  1.41149e+08      11.65    14.31       1.44    13.13   0.007067       0.4753      -0.7731       0.4201   1.000000   0.518968   0.009997   0.854735   0.925593   0.286719   0.939967  -0.185081   0.847723   0.805273  -0.341120  -0.484946   286.81        11.59     12         1.2172e+10   -2.32605e+10     0.14025         0.20378        1.22388      0.011362
       333        333    39.68206783    22.48525700    26.22064040   109.09    62.63   -84.84  1.39061e+08       6.94    14.86       1.54    13.75   0.011842      -0.4655       0.8693      -0.1661   1.000000  -0.469023   0.756476   0.455808   0.944890   0.364895  -0.304008   0.880017   0.806978   0.804281   0.579071  -0.133448  1333.67         1.64     12         1.3154e+10   -2.57396e+10     0.06209         0.34267        1.34309      0.015896
       327        327    39.57657860    22.45622845    26.03854298   161.43   -44.17    55.24  1.36556e+08      11.21    10.94       1.96    10.02   0.026015      0.09892      -0.7822       0.6152   1.000000  -0.101784   0.246302   0.963834   0.900789   0.135997   0.963214  -0.231782   0.831044   0.985467  -0.107487   0.131537   310.88         11.2     12        6.84969e+09   -1.29465e+10     0.18486         0.65354        1.27790      0.031455
       323        323    39.83032581    22.45589651    26.22908758   136.71   323.64   -58.56  1.34885e+08       4.36    16.46       0.85    17.72   0.011105       0.4643      -0.8251       -0.322   1.000000   0.763305   0.496142  -0.413774   0.930724  -0.484855   0.863216   0.140621   0.790376   0.426944   0.093284   0.899454  5220.99       0.2631     12        2.11785e+10   -3.22534e+10     0.10726         0.17021        0.56842      0.011426
       322        322    39.72522583    22.42783552    26.16302563   141.33    45.43   109.65  1.34468e+08      11.42    17.88       0.92    16.11   0.017990      -0.2997      -0.9507     -0.07958   1.000000   0.944773  -0.263685   0.194614   0.955555  -0.189998   0.043157   0.980836   0.735119   0.267030   0.963643   0.009326   289.84        11.38     12        1.74443e+10   -3.34416e+10     0.13293         0.20450        0.78019      0.036110
       322        322    40.06177754    22.35111536    26.23907223    -3.94   187.25    66.54  1.34468e+08      11.12     8.83       0.99     8.60   0.093999      -0.5022       0.6897       0.5217   1.000000   0.764647  -0.358716   0.535386   0.861252  -0.571134   0.007638   0.820821   0.755471   0.298531   0.933416   0.199035   314.20        11.11     12        4.97787e+09   -8.56222e+09     0.20842         0.68819        0.63271      0.088116
       321        321    40.10694683    22.50023510    26.24950191    -2.28   109.73   -37.57   1.3405e+08       9.19    10.83       1.10    11.64   0.047182      -0.7663      -0.5691       0.2981   1.000000   0.492136  -0.575625  -0.653038   0.880750   0.771252  -0.059575   0.633736   0.760935   0.403699   0.815541  -0.414633   554.98        5.215     12        9.07518e+09   -1.36052e+10     0.09545         0.41796        0.45475      0.045341
       319        319    40.16534251    22.24508864    26.21781835    11.02   154.75     8.53  1.33215e+08      11.90    10.94       1.30     9.69   0.020898        0.541      -0.8339      -0.1093   1.000000   0.803660   0.343018  -0.486281   0.960180   0.502739   0.045877   0.863220   0.793322  -0.318409   0.938208   0.135579   253.68        11.72     12        6.25008e+09   -1.31258e+10     0.16881         0.54880        1.12435      0.028337
       314        314    39.79477039    22.47287453    26.23863612    50.81   172.67   208.94  1.31127e+08       6.90    14.37       1.35    14.41   0.020191       0.3121       0.9425       0.1194   1.000000  -0.288962   0.907486  -0.304911   0.884235   0.153721   0.358348   0.920846   0.738448   0.944918   0.219218  -0.243049  1281.42        1.696     11        1.36193e+10   -2.37461e+10     0.08940         0.14047        0.83946      0.025702
       313        313    40.03040619    22.57856938    26.37536808    -0.53   110.52   -41.68  1.30709e+08      11.01    10.75       3.02     9.75   0.024745       0.2314       0.4343      -0.8706   1.000000   0.783895  -0.539507   0.307313   0.926799  -0.270526   0.148725   0.951155   0.833661   0.558860   0.828742   0.029366   314.39        11.01     11        6.21044e+09   -1.24181e+10     0.13139         0.34145        1.88147      0.031253
       308        308    39.87425294    22.27012243    26.16162929   132.56   207.43    61.52  1.28621e+08       9.00    13.18       1.20    12.05   0.019379      0.01209       0.8308      -0.5565   1.000000  -0.033774   0.688615   0.724340   0.805152  -0.874029   0.331137  -0.355558   0.692863   0.484698   0.645103  -0.590686   567.17        4.997     11        9.34225e+09   -1.86712e+10     0.14780         0.38103        0.73519      0.027562
       305        305    39.76281127    22.54265308    26.29360970    72.65   111.12   140.09  1.27368e+08       8.26    15.53       1.54    13.92   0.011927      -0.7008        0.479       0.5286   1.000000  -0.087475  -0.800359   0.593105   0.953873  -0.755712   0.441231   0.483957   0.797280   0.649036   0.405883   0.643437   725.54        3.587     11        1.23432e+10   -2.47738e+10     0.16454         0.24876        0.94669      0.018948
       303        303    39.79365871    22.41432186    26.17634136   171.94    78.40   -77.59  1.26533e+08       4.74    21.67       0.72    18.83   0.012746      -0.4492      -0.8923      0.04425   1.000000   0.574010  -0.296775   0.763176   0.791521   0.517398  -0.590934  -0.618947   0.686939   0.634675   0.750147  -0.185651  3811.25       0.3919     11        2.24425e+10   -4.77322e+10     0.06394         0.08574        0.61083      0.022026
       301        301    39.84576545    22.45907212    26.15310891   247.24   177.58   223.83  1.25698e+08       6.35    12.84       1.67    12.79   0.030167       0.7292      -0.3278      -0.6006   1.000000   0.671941   0.364066   0.644943   0.878188  -0.650149  -0.127084   0.749103   0.806415  -0.354685   0.922662  -0.151304  1572.09        1.274     11         1.0285e+10   -1.72132e+10     0.22644         0.65487        0.86292      0.031800
       297        297    40.02062733    22.52040019    26.19969531   -18.37    78.52   -74.68  1.24028e+08      10.78    12.08       1.34    10.77   0.019629     0.005753     -0.06387       0.9979   1.000000   0.901142   0.208825   0.379915   0.886949  -0.149883   0.972372  -0.178963   0.791359  -0.406790   0.104328   0.907545   317.56         10.7     11        7.19228e+09   -1.36817e+10     0.16135         0.36226        1.13907      0.026437
       296        296    39.63469030    22.33899883    26.37211004    96.39     6.91   -34.63   1.2361e+08      10.88    11.55       1.70    10.66   0.040443      0.07099      -0.9957     -0.05877   1.000000   0.752586   0.090084  -0.652303   0.781970  -0.192596   0.977394  -0.087226   0.642955   0.629699   0.191276   0.752923   308.29        10.87     11        7.02402e+09   -1.26887e+10     0.14413         0.34656        1.43777      0.051287
       289        289    39.84157417    22.37847977    26.23017920   250.30  -168.93   -19.21  1.20687e+08       2.89    18.76       1.24    20.33   0.025284       0.1095      0.04849      -0.9928   1.000000   0.320744  -0.423253   0.847337   0.930075   0.778572  -0.391647  -0.490346   0.809335   0.539397   0.816988   0.203914 15982.10            0     11        2.49475e+10   -3.51946e+10     0.08994         0.07003        0.81697      0.022782
       276        276    39.71559463    22.53915959    26.24788740    64.00    62.86  -121.85  1.15258e+08       6.70    13.68       1.50    12.51   0.012376      -0.4049      -0.9089      0.09961   1.000000   0.255079   0.009724   0.966871   0.960256  -0.614561   0.773621   0.154353   0.807539   0.746491   0.633574  -0.203310  1229.94        1.716     11        9.01445e+09   -1.83463e+10     0.08820         0.15756        0.86750      0.016955
       270        270    39.89948050    22.45468462    26.31603395   209.61   101.85   124.02  1.12752e+08       7.97    10.00       2.23    10.87   0.009791       0.2122      -0.5944       0.7757   1.000000   0.541542   0.686764   0.484859   0.775443   0.840336  -0.458562  -0.289060   0.731352  -0.023823  -0.563983   0.825443   715.02        3.512     11        6.66484e+09   -9.68135e+09     0.29207         0.46027        1.53549      0.008502
       270        270    39.96380829    22.36728792    25.97805963    83.28   165.89   132.86  1.12752e+08      10.50    10.53       2.05     9.45   0.009614     -0.01826       0.5008      -0.8654   1.000000  -0.649596  -0.061405   0.757796   0.910892   0.759924  -0.082918   0.644701   0.828176   0.023247   0.994663   0.100527   312.65        10.49     11        5.03138e+09   -9.89774e+09     0.16750         0.50142        1.76048      0.012172
       259        259    39.79631382    22.03600735    26.09839424   164.25   214.84    22.82  1.08159e+08      10.37     8.13       2.45     7.86   0.079660      -0.8933      -0.3941       -0.216   1.000000  -0.540745   0.804865   0.244515   0.890817  -0.213287  -0.412368   0.885698   0.765471   0.813698   0.426785   0.394653   311.11        10.36     11        3.34506e+09   -6.22605e+09     0.31073         0.15609        1.60752      0.080399
       253        253    39.70417620    22.49808661    26.26204853    -8.50   135.80   -57.88  1.05653e+08       6.92    14.28       0.95    12.88   0.018623     -0.00762       -0.176       0.9844   1.000000   0.704726  -0.688449  -0.171460   0.921089   0.247484   0.012049   0.968817   0.900310   0.664916   0.725184  -0.178872  1021.67        2.135     11        8.76381e+09   -1.72782e+10     0.11571         0.14628        0.81583      0.027026
       251        251    39.93387652    22.50905366    26.12523873   122.80   143.14   201.39  1.04818e+08       8.69     8.69       3.20     8.87   0.056634       0.4829     -0.01781       0.8755   1.000000  -0.516316  -0.506536   0.690535   0.802808  -0.384481   0.857601   0.341607   0.670035   0.765240   0.089121   0.637546   512.75        5.339     11        4.12308e+09   -6.77004e+09     0.27742         0.37165        2.84983      0.051746
       247        247    39.64623910    22.52270961    26.26222722   249.65    26.23    88.61  1.03147e+08       9.85    12.36       1.42    12.41   0.041018      -0.8518      -0.3191       0.4155   1.000000   0.374536  -0.052107   0.925747   0.801315   0.603103  -0.744660  -0.285916   0.776694   0.704265   0.665407  -0.247477   346.46        8.957     11        7.94792e+09   -1.26226e+10     0.10674         0.39443        0.81245      0.053885
       246        246    39.95245377    22.51724339    26.17541513    27.75    63.78  -110.35   1.0273e+08       8.27    10.28       2.26     9.76   0.026853      0.03561      -0.5298       0.8474   1.000000   0.860200   0.383865   0.335714   0.895853  -0.494755   0.787744   0.366983   0.756822  -0.123585  -0.481775   0.867537   582.10        4.478     11        4.89501e+09   -9.43434e+09     0.17291         0.45025        0.45838      0.031990
       246        246    39.82448021    22.43489538    26.02279024   117.41    73.76    52.18   1.0273e+08      10.22    12.38       1.40    10.82   0.020622       -0.178       0.8358      -0.5193   1.000000  -0.012015  -0.197107   0.980308   0.723739  -0.590158   0.792815   0.152175   0.669845   0.807198   0.576709   0.125850   308.89        10.21     11        6.01383e+09   -1.27826e+10     0.21187         0.13822        0.86647      0.033340
       240        240    39.86123615    22.43194049    26.34801430   174.05    99.45  -119.51  1.00224e+08       7.31    12.90       1.64    11.43   0.004711       0.1061      -0.9872       0.1195   1.000000   0.608637  -0.276010   0.743895   0.797792   0.497952   0.862801  -0.087284   0.713617   0.617742  -0.423548  -0.662572   824.53        2.792     11        6.54902e+09   -1.34071e+10     0.23346         0.22648        1.05951      0.006645
       235        235    39.69595374    22.49416588    26.19489338   209.22   -66.72    69.76  9.81363e+07       6.31    13.81       1.00    12.74   0.007607       0.5811        0.188       0.7918   1.000000   0.992189   0.057973  -0.110455   0.887703   0.115393  -0.090154   0.989220   0.856200  -0.047390   0.994239   0.096139  1252.22        1.588     11        7.96504e+09   -1.52859e+10     0.08734         0.15913        0.84233      0.010523
       234        234    39.88638794    22.34566311    26.14859234   181.37   145.02   -49.47  9.77187e+07       8.08    14.79       1.03    12.99   0.019794       0.2903      -0.6029       0.7432   1.000000  -0.438486   0.828752   0.347706   0.685392   0.793240   0.538749  -0.283760   0.594879   0.422493  -0.151389   0.893633   593.64        4.291     11        8.24708e+09   -1.62878e+10     0.13990         0.21037        0.62604      0.032614
       229        229    39.73695256    22.15618106    26.10040498    66.31   127.09    54.97  9.56307e+07      10.25     9.24       2.22     8.88   0.026116      -0.1321      -0.9545      -0.2674   1.000000   0.333725   0.844327   0.419213   0.927789   0.727689  -0.513438   0.454808   0.794887  -0.599246  -0.153276   0.785755   284.87        10.17     11        3.77284e+09    -6.9365e+09     0.14316         0.43719        1.42226      0.031058
       219        219    39.56098501    22.32770133    26.19093969   121.91    95.87     5.05  9.14547e+07       9.78    11.33       1.78    10.29   0.023751       0.9161       0.1954        -0.35   1.000000   0.965024   0.261713  -0.015332   0.739016  -0.104261   0.436787   0.893502   0.589116  -0.240538   0.860653  -0.448797   313.49        9.781     11        4.84226e+09   -9.48541e+09     0.14788         0.11218        1.07996      0.034953
       214        214    39.81978877    22.34508858    26.21645067    99.02   149.52   -48.60  8.93667e+07       7.25    19.28       0.66    16.87   0.019825       0.9783      0.07363      -0.1935   1.000000  -0.180353   0.825803  -0.534342   0.735882  -0.363628   0.448786   0.816312   0.521131   0.913919   0.341527   0.219345   751.36        3.042     10        1.27204e+10   -2.62281e+10     0.10575         0.11230        0.55281      0.043852
       209        209    39.97488036    22.50604700    25.96601016   138.22    92.92   144.95  8.72786e+07      10.03     9.12       1.97     8.71   0.031755      -0.7057       0.6072       0.3651   1.000000   0.917865  -0.317596   0.238028   0.959337  -0.046255   0.510043   0.858904   0.849701   0.394189   0.799368  -0.453460   277.77        9.941     10        3.30758e+09   -5.91702e+09     0.30649         0.52324        1.69586      0.037167
       205        205    39.94164149    22.43153614    26.28658485   -85.88   204.35    35.61  8.56082e+07       6.05     9.04       3.23     9.59   0.103644       -0.935     -0.08601       -0.344   1.000000   0.195043   0.132840   0.971757   0.922414   0.964797  -0.204205  -0.165732   0.859851   0.176422   0.969873  -0.167992  1237.85        1.541     10        3.93253e+09   -6.20478e+09     0.11503         0.16769        2.04458      0.089676
       202        202    39.91227882    22.26986265    26.18909922   137.37   230.85    53.27  8.43554e+07       9.39    11.30       1.39    10.35   0.023807      -0.7671       0.2267      -0.6001   1.000000  -0.627312   0.770335   0.114296   0.817887   0.031691  -0.121392   0.992099   0.793895   0.778123   0.625978   0.051738   326.72        9.058     10        4.52254e+09   -8.73429e+09     0.03851         0.20042        0.79584      0.035448
       187        187    39.85754083    22.42796264    26.19461667   -67.81   125.29  -196.61  7.80914e+07       3.68    12.82       1.50    12.78   0.018718      0.08841      -0.3779       0.9216   1.000000   0.884506   0.075433  -0.460391   0.963746   0.437536   0.208342   0.874732   0.728664  -0.161902   0.975143  -0.151275  5037.08       0.2301     10        6.37936e+09   -1.07105e+10     0.15012         0.17554        0.96787      0.019105
       179        179    39.61611728    22.43784831    26.13000763    91.16    91.89     1.82  7.47506e+07       7.32    10.20       0.98     9.25   0.013892       0.3466       0.7323      -0.5862   1.000000   0.955376  -0.266404  -0.127614   0.904213   0.281911   0.693274   0.663248   0.733551  -0.088220  -0.669627   0.737440   612.15        3.767     10        3.19543e+09   -6.38621e+09     0.15229         0.48119        0.60078      0.017933
       172        172    39.60520899    22.38769545    26.26653139    98.09    86.52   140.57  7.18274e+07       8.80    10.07       1.44     9.15   0.027946       0.6158       0.7715         0.16   1.000000  -0.357920  -0.131555   0.924439   0.950376   0.930789  -0.129081   0.342009   0.683913   0.074334   0.982869   0.168651   337.86         8.21     10        3.00891e+09   -5.77084e+09     0.14291         0.10580        0.49999      0.038312
       167        167    39.59853927    22.50398100    26.25224398   268.94   -42.61    83.49  6.97394e+07       8.33    11.25       1.21    10.05   0.018028       0.8383       0.5293      -0.1307   1.000000   0.853818  -0.116613  -0.507343   0.713588   0.369365   0.822469   0.432567   0.606346   0.366831  -0.556727   0.745312   387.59        6.769     10        3.52376e+09   -7.20717e+09     0.15139         0.13846        0.69450      0.028590
