#  npart(1)  nvpart(2)      Xc(3)          Yc(4)          Zc(5)      VXc(6)   VYc(7)   VZc(8)    Mvir(9)      Rvir(10) Vmax(11)   Rmax(12) sigV(13) lambda(14)      Lx(15)       Ly(16)       Lz(17)     a(18)     Eax(19)    Eay(20)    Eaz(21)     b(22)     Ebx(23)    Eby(24)    Ebz(25)     c(26)     Ecx(27)    Ecy(28)    Ecz(29) ovdens(30)    Redge(31) nbins(32)     Ekin(33)       Epot(34)   mbp_offset(35)  com_offset(36)   r2(37)      lambdaE(38)
    378416     378416    38.29974107    21.01555914    26.05851457    89.30   111.77   -20.94  1.58027e+11     132.20   146.31      86.02   167.64   0.055716      -0.8526      -0.5035        -0.14   1.000000   0.282308  -0.637772   0.716623   0.832042  -0.059137   0.734019   0.676550   0.745429   0.957499   0.233375  -0.169504   219.51        132.2     31        2.22065e+15   -3.08149e+15     0.12110         8.93788       50.55489      0.039964
    235456     235456    38.15125462    21.19782522    25.89882803   110.48    61.76    57.89  9.83267e+10     112.86   120.23      90.92   140.24   0.040008       0.6001      -0.6063       0.5218   1.000000   0.447879   0.068567   0.891461   0.731486   0.020721   0.995991  -0.087018   0.552491   0.893854  -0.057445  -0.444663   219.51        112.9     29        9.66899e+14   -1.27986e+15     0.19119        15.85821      101.88925      0.025694
     37171      37171    38.11771954    21.20635724    25.80596811   134.57   130.41    57.34  1.55227e+10      61.04    75.71      24.58    99.31   0.031781      -0.1814      -0.1941      -0.9641   1.000000   0.439907  -0.068438   0.895432   0.849752   0.444024   0.883262  -0.150632   0.779531  -0.780592   0.463858   0.418941   219.11        61.02     24         7.6549e+13   -8.12341e+13     0.10223         3.05644       17.58516      0.011633
     28982      28982    37.86762287    20.68973744    25.21354884   146.86   125.02    39.45  1.21029e+10      56.14    69.69      17.95    76.15   0.038655       -0.984       0.1783     0.004999   1.000000   0.404930   0.607467   0.683385   0.812156  -0.510020   0.770388  -0.382599   0.714982   0.758888   0.193615  -0.621774   219.50        56.14     24        3.50913e+13   -5.22172e+13     0.17134         0.99616        6.47419      0.033276
     27856      27856    38.07492225    21.14402092    25.80440195   213.80     0.82   143.36  1.16327e+10      51.48    77.51      19.65    89.27   0.026320       -0.464      -0.2867       0.8381   1.000000   0.749899  -0.136632   0.647289   0.801762   0.360436   0.904848  -0.226574   0.625612  -0.554741   0.403214   0.727792   273.61         41.3     24        4.63536e+13   -6.14672e+13     0.13691         1.76248       17.54828      0.021206
     23799      23799    37.64031849    21.81626985    25.78870458   124.70    71.42     4.09  9.93849e+09      52.58    60.28      33.55    65.23   0.092114      -0.8239       0.4736      -0.3113   1.000000   0.453081   0.818433   0.353391   0.842777   0.610648  -0.573738   0.545833   0.784109   0.649481  -0.031509  -0.759724   219.44        52.58     23        2.11466e+13   -3.20413e+13     0.20900         5.19473       24.09841      0.074534
     20973      20973    38.04033412    21.40388482    25.96744059   177.64     8.02   -52.71  8.75835e+09      50.41    58.92      20.29    61.91   0.049409      -0.9006       0.3828       0.2059   1.000000  -0.064556   0.453253   0.889041   0.951997   0.549896   0.759591  -0.347327   0.880374   0.832735  -0.466458   0.298278   219.49        50.41     23        1.67843e+13   -2.79652e+13     0.23826         1.29942       11.56223      0.044999
     13282      13282    38.63681896    20.67662674    26.02765367    50.53   124.63    44.93  5.54658e+09      43.29    46.90      34.84    59.50   0.064915      -0.8899       0.1592       0.4275   1.000000  -0.049821   0.929369   0.365776   0.960714   0.576299  -0.272362   0.770518   0.886881   0.815719   0.249184  -0.522025   219.50        43.28     22         9.8177e+12   -1.14464e+13     0.06945         2.67961        6.88169      0.033018
     11916      11916    37.79407211    21.89291525    25.16271299    68.26    31.64    47.19  4.97614e+09      41.75    48.60      14.42    50.33   0.032243       0.7617       0.3966      -0.5123   1.000000  -0.251932   0.624076   0.739634   0.801046   0.502550   0.737521  -0.451116   0.790230   0.827027  -0.258052   0.499435   219.41        41.75     21        6.30282e+12   -1.09954e+13     0.09814         1.01182        7.48355      0.030474
     11903      11903    37.83792483    21.75633854    25.29665673    61.17    40.77    53.64  4.97071e+09      41.75    47.54      20.73    52.11   0.028746       0.8855       0.3321       -0.325   1.000000   0.438809  -0.343869   0.830181   0.899033   0.046015   0.931268   0.361418   0.851684   0.897401   0.120393  -0.424472   219.29        41.74     21        6.74837e+12   -1.00223e+13     0.20330         1.91095       14.70865      0.022716
      8268       8268    38.37298304    20.96484202    26.02388625    58.38   257.18   137.38  3.45273e+09      36.96    42.72      18.52    52.58   0.053623      -0.5999       0.7162      -0.3567   1.000000   0.743193   0.141630  -0.653916   0.770162   0.667915  -0.214621   0.712619   0.710692   0.039416   0.966374   0.254102   219.46        36.96     20        4.77353e+12    -5.9032e+12     0.26679         4.02679       13.20069      0.033719
      7934       7934    37.81637259    21.61084897    25.88116792   150.84    45.23   -29.64  3.31325e+09      36.46    43.17      19.11    44.34   0.028187      -0.8149       0.3052      -0.4928   1.000000   0.105439  -0.593323  -0.798029   0.963021   0.927711  -0.230296   0.293795   0.861189   0.358098   0.771318  -0.526150   219.41        36.46     20        3.25716e+12   -5.55484e+12     0.23046         0.89490       11.21778      0.026163
      7704       7704    38.71240004    20.72476297    26.60358591    81.19   130.58    -6.14   3.2172e+09      36.10    42.47      23.07    48.83   0.057508       0.4432       -0.894      0.06587   1.000000   0.793104  -0.608469  -0.027417   0.792957  -0.047470  -0.106625   0.993166   0.691364   0.607233   0.786382   0.113449   219.45         36.1     20        3.83558e+12   -4.94745e+12     0.35781         4.44491       16.59406      0.038052
      7116       7116    38.58377049    20.85821551    26.51621749   112.53   118.24   -45.52  2.97165e+09      35.17    41.95      17.00    45.95   0.009396       0.3173       0.3369       0.8864   1.000000   0.990340  -0.097251  -0.098837   0.973182   0.042476  -0.465763   0.883890   0.819842   0.131994   0.879550   0.457132   219.22        35.17     20        3.13741e+12   -4.69623e+12     0.18472         0.77475       11.90539      0.007866
      6286       6286    38.02773917    21.23419891    25.83523000    57.70    -8.90   207.22  2.62504e+09      33.74    38.86      16.49    42.83   0.068423       0.5122      -0.7136       0.4779   1.000000  -0.217519  -0.494363   0.841600   0.759302   0.804357  -0.579219  -0.132345   0.672708   0.552897   0.648159   0.523636   219.29        33.74     20        2.40799e+12   -3.77198e+12     0.26706         1.96088        7.20135      0.059415
      6003       6003    38.60645006    20.62203351    26.03832255    32.98   166.28    49.38  2.50686e+09      33.24    39.17       7.27    45.30   0.040863      -0.6211      -0.3881      -0.6809   1.000000   0.817167  -0.524411  -0.239229   0.863829   0.565767   0.809101   0.158947   0.793142   0.110206  -0.265234   0.957865   219.10        33.23     19        2.57239e+12   -3.53676e+12     0.23178         0.83954        5.01307      0.031009
      5421       5421    38.29670964    21.00333544    26.10675718   -23.63   305.89   -34.90  2.26382e+09      19.31    51.66      12.60    63.69   0.060658     -0.03518      -0.9271      -0.3731   1.000000  -0.695627   0.712609  -0.091058   0.913467   0.013059   0.139273   0.990168   0.850127   0.718285   0.687598  -0.106188  1008.49        4.204     19        4.59139e+12   -5.19688e+12     0.23158         0.63139        7.43018      0.030787
      5382       5382    37.91321361    21.58262313    25.19844767    61.05    82.63    92.54  2.24753e+09      32.03    37.34      12.36    39.85   0.025834      -0.2251       0.4811      -0.8473   1.000000  -0.447639  -0.066339   0.891750   0.945422   0.662153  -0.694811   0.280698   0.888160   0.600977   0.716126   0.354951   219.48        32.03     19        1.78476e+12   -2.86427e+12     0.28540         0.44853        8.70934      0.022710
      4962       4962    38.36412713    20.80315867    26.38375907   175.04   191.67   -53.62  2.07214e+09      31.19    36.36      14.29    42.04   0.004924      -0.8332    -0.009645      -0.5529   1.000000  -0.512089   0.848986   0.130338   0.863540  -0.541617  -0.436942   0.718145   0.607052   0.666645   0.297161   0.683579   219.18        31.18     19        1.83138e+12   -2.39207e+12     0.73353         1.24691        8.81358      0.003339
      4891       4891    38.30792160    20.90174271    26.04356569   -19.07   178.60   155.94  2.04249e+09      31.05    38.85      14.20    46.38   0.019206      -0.5697      -0.4579       0.6825   1.000000   0.159532   0.495406   0.853887   0.934693   0.128482   0.847188  -0.515524   0.856472   0.978796  -0.191952  -0.071503   218.91        31.04     19        2.19713e+12      -2.82e+12     0.10083         2.05490        9.68421      0.013895
      4693       4693    38.24448096    21.12080926    25.98697475   138.31    47.75   -80.36   1.9598e+09      30.60    41.09       8.26    44.78   0.035316      0.05254      -0.7982       0.6001   1.000000   0.817754   0.034293   0.574545   0.929519  -0.121037   0.986148   0.113412   0.806589  -0.562697  -0.162285   0.810577   219.50         30.6     19        1.96537e+12   -2.95531e+12     0.06264         1.57325        5.62331      0.033325
      4684       4684    38.33635511    20.94586459    26.12355644    33.50   154.00  -185.93  1.95604e+09      26.75    42.28      10.78    47.41   0.039169       0.2615     0.003159      -0.9652   1.000000  -0.551496   0.541354  -0.634656   0.948215  -0.359986   0.531875   0.766498   0.821300   0.752504   0.651188  -0.098447   327.89        17.91     19        2.19831e+12    -3.0811e+12     0.21348         0.20458        7.71569      0.032697
      4176       4176    38.33586985    20.90897190    26.14646623    18.25   158.13  -176.11   1.7439e+09      29.44    34.84      10.86    43.43   0.123301      -0.2134     0.007195      -0.9769   1.000000  -0.130290   0.899921  -0.416134   0.867341   0.942243   0.243002   0.230497   0.798892  -0.308550   0.362068   0.879604   219.41        29.44     18        1.64492e+12    -2.5222e+12     0.15085         1.76822        9.65906      0.120726
      3836       3836    38.52092911    20.55871532    25.82144085   119.88   166.48    61.45  1.60192e+09      28.62    32.57      10.90    35.01   0.033035      -0.7405       0.6395      -0.2068   1.000000   0.624442   0.685190  -0.374949   0.817864  -0.761977   0.428902  -0.485215   0.747879  -0.171648   0.588691   0.789924   219.31        28.62     18        9.81911e+11   -1.57883e+12     0.23741         0.91711        6.00827      0.028639
      3578       3578    37.62682878    21.79891199    25.78933154   127.49    88.49    40.64  1.49418e+09      15.06    42.37       9.81    54.25   0.063486      -0.6833       0.5872       -0.434   1.000000   0.388670   0.487117   0.782082   0.948644   0.040703   0.838913  -0.542742   0.859115   0.920477  -0.242780  -0.306234  1403.91        2.355     18        2.19848e+12   -2.36947e+12     0.14522         0.68663        7.15335      0.022909
      3513       3513    38.68970876    21.21216031    25.42597338    46.07    14.52    44.18  1.46703e+09      27.80    31.48      13.74    37.10   0.025704       0.5349       0.2938      -0.7922   1.000000   0.101087   0.981302   0.163793   0.952420  -0.465006  -0.098942   0.879761   0.819669   0.879517  -0.165097   0.446309   219.19        27.79     18        1.00958e+12   -1.34016e+12     0.27073         1.47183        9.72909      0.017846
      3227       3227    37.77704506    21.97610781    25.38673986    36.37     6.60    27.07   1.3476e+09      27.03    29.41      21.71    31.81   0.049310       0.1062      -0.9865      -0.1246   1.000000   0.300632   0.953545   0.019288   0.782195   0.438361  -0.156110   0.885138   0.713221   0.847030  -0.257645  -0.464929   218.98        27.02     18        6.81847e+11   -1.03819e+12     0.11380         0.72728       19.57649      0.038158
      3013       3013    37.86963700    20.76480833    25.21743704   109.67    82.72     7.53  1.25823e+09      26.40    32.42      10.21    36.39   0.024482       0.9876      0.09719       0.1231   1.000000   0.283718  -0.341226   0.896141   0.920669   0.235745   0.930682   0.279742   0.729552   0.929477  -0.131893  -0.344494   219.40         26.4     18        8.33183e+11   -1.21283e+12     0.11156         1.22005        2.78506      0.020699
      3006       3006    38.27615800    21.05523167    26.05422479   115.25   156.12  -142.39  1.25531e+09      21.08    35.78       8.94    49.27   0.091249      -0.3271      -0.7516      -0.5728   1.000000   0.765712  -0.491906  -0.414384   0.697532   0.087297  -0.558826   0.824678   0.586854   0.637232   0.667640   0.384958   430.32        10.75     18        1.52339e+12   -1.41918e+12     0.39843         0.45985        6.51921      0.036196
      2771       2771    37.95438928    21.50338618    25.36328039    84.39    72.92   101.57  1.15717e+09      25.68    30.66       8.74    31.64   0.038297       0.5253       0.7621       0.3785   1.000000   0.061495   0.956220   0.286115   0.958232   0.015438  -0.287534   0.957646   0.818467   0.997988  -0.054474  -0.032444   219.31        25.68     17        5.79297e+11   -9.90612e+11     0.20120         0.45708        5.89176      0.036140
      2760       2760    38.32135746    21.15450170    25.97161968    36.21   144.54  -136.10  1.15258e+09      25.65    28.86       5.13    35.13   0.021899      -0.3377       0.9142       0.2239   1.000000   0.292800   0.820108  -0.491622   0.832107  -0.572024   0.562239   0.597223   0.782432   0.766196   0.106352   0.633745   219.22        25.64     17         7.1119e+11   -9.45723e+11     0.22192         0.40667        3.46241      0.015658
      2740       2740    37.87032503    21.75922451    25.08340035    56.59    70.75    85.91  1.14423e+09      25.58    30.17      11.47    31.67   0.016725      -0.6731      -0.5629      -0.4796   1.000000  -0.099737   0.178802   0.978817   0.846296  -0.439204   0.874791  -0.204552   0.776334   0.892834   0.450301   0.008718   219.34        25.58     17        5.73716e+11   -9.58883e+11     0.13519         0.42652        7.74955      0.015417
      2392       2392    37.82744635    21.92723144    24.99277043    55.53    63.17    72.15  9.98902e+08      24.52    29.97       9.01    30.75   0.034737       -0.638        0.368       0.6764   1.000000   0.592273   0.332804   0.733795   0.904926  -0.212828   0.942985  -0.255898   0.866600   0.777121   0.004611  -0.629334   217.48        24.49     17        4.72238e+11   -7.96433e+11     0.32666         0.67279        4.86018      0.032943
      2333       2333    38.05420774    21.34806132    25.58099191   144.98    93.13   148.65  9.74264e+08      24.25    29.39       9.22    30.71   0.022890      -0.1332      -0.5122       0.8485   1.000000   0.123344  -0.583296   0.802840   0.946306   0.216971   0.805295   0.551745   0.811608   0.968354  -0.106139  -0.225887   219.33        24.25     17        4.59277e+11   -7.53015e+11     0.26909         0.70182        5.07221      0.021068
      2326       2326    38.32706094    20.98133186    26.18872004    91.27   107.92     9.72   9.7134e+08      21.77    27.39      17.26    41.30   0.087047       0.8308      -0.4973         0.25   1.000000   0.225447   0.405915   0.885667   0.808389  -0.150775   0.912655  -0.379904   0.605727   0.962518   0.047888  -0.266957   302.20        15.81     17         8.2829e+11   -6.54467e+11     0.26626         4.43776       19.51417      0.058572
      2252       2252    37.59195194    21.87826080    25.69292004   153.70    57.81   -24.73  9.40438e+08      23.96    28.14      11.74    31.35   0.024160       0.4308       0.2266       0.8735   1.000000  -0.343289  -0.252196   0.904737   0.866978   0.872388   0.271272   0.406632   0.831930  -0.347981   0.928875   0.126888   219.47        23.96     17        4.62089e+11   -6.75406e+11     0.22465         0.57692        6.51981      0.019514
      2196       2196    38.15612908    21.16937924    25.87081528   169.59   -25.14    81.91  9.17052e+08      21.09    34.18       6.43    46.69   0.063702      -0.3239      -0.9456      0.02966   1.000000   0.405173   0.156929   0.900671   0.803359   0.907582  -0.187718  -0.375575   0.760921   0.110133   0.969606  -0.218484   313.94        14.74     17        9.99577e+11   -9.12841e+11     0.17141         0.88376        4.53808      0.031564
      2067       2067    38.31909100    21.03637057    26.04953115   241.04   203.90   -12.36  8.63182e+08      19.62    44.02       5.44    60.78   0.054013       0.7252      -0.4245      -0.5422   1.000000   0.577410  -0.053067   0.814728   0.787623   0.152219   0.987386  -0.043567   0.726875   0.802139  -0.149173  -0.578205   366.57        11.75     17         1.5943e+12   -1.48273e+12     0.10735         0.49732        3.72815      0.031109
      2049       2049    38.29209997    20.96263426    26.17072728    -0.22   216.65    21.32  8.55665e+08      23.22    27.82      13.27    39.44   0.091125       0.5672     -0.07919      -0.8198   1.000000   0.369735   0.148411   0.917208   0.870228   0.707745  -0.684570  -0.174530   0.814910   0.601991   0.713679  -0.358147   219.48        23.22     17        6.65438e+11   -6.12523e+11     0.16659         0.85416        8.81356      0.039660
      1964       1964    38.40228053    20.89763968    26.28711386   161.66   204.12   -78.44  8.20169e+08      22.92    25.55      15.17    29.55   0.061608      -0.1192      -0.2318      -0.9654   1.000000   0.222744  -0.415598   0.881852   0.880562   0.973078   0.039857  -0.227003   0.718357   0.059194   0.908675   0.413288   218.48        22.91     16        3.58117e+11   -4.84538e+11     0.62272         0.95881        6.02844      0.042967
      1931       1931    38.33464306    21.02870164    26.15037216   -10.45    86.43  -184.55  8.06388e+08      22.76    25.97      17.59    33.59   0.079996      0.01383      -0.2188       0.9757   1.000000  -0.689195   0.705473  -0.165282   0.794180   0.524541   0.643141   0.557876   0.731634  -0.499866  -0.297789   0.813299   219.47        22.76     16           4.55e+11   -5.05196e+11     0.32119         4.09037       12.05455      0.035628
      1900       1900    38.31192298    20.99444508    25.94700539   157.28    -7.34    68.31  7.93442e+08      22.64    30.55       4.70    31.15   0.008655      -0.9343      -0.1506        0.323   1.000000   0.193582  -0.192857   0.961942   0.951343  -0.367728   0.894746   0.253387   0.796460   0.909561   0.402784  -0.102288   219.46        22.64     16        3.84847e+11   -6.41134e+11     0.29065         0.43896        3.19675      0.008829
      1815       1815    37.58704832    21.94233502    25.76031215   136.57    45.74    -4.78  7.57946e+08      22.32    24.03      17.17    27.54   0.020945       0.9624        0.258      0.08464   1.000000   0.224790   0.854282  -0.468692   0.876852   0.974398  -0.199215   0.104223   0.805517   0.004334   0.480121   0.877192   218.89        22.31     16        2.87435e+11   -4.14402e+11     0.26997         1.68442        5.32954      0.015629
      1764       1764    38.01199036    21.33488236    25.42042146   146.90    97.06   115.09  7.36648e+08      22.09    24.80      10.42    26.14   0.025901       -0.869      -0.1173      -0.4806   1.000000  -0.084046   0.857665   0.507294   0.785461  -0.270505  -0.509615   0.816774   0.717337   0.959043  -0.068579   0.274834   219.29        22.09     16        2.51751e+11   -4.17813e+11     0.17140         0.86107        7.20970      0.022628
      1643       1643    38.15238074    21.20328419    25.76311279   116.56  -107.56   138.88  6.86119e+08      18.94    29.51       8.22    31.96   0.051102       0.8691       0.2706       -0.414   1.000000   0.415840  -0.429216   0.801780   0.779046   0.372202   0.884727   0.280578   0.731137  -0.829785   0.181748   0.527659   323.93        12.84     16        3.50386e+11   -4.96325e+11     0.54748         0.45898        6.03926      0.041609
      1622       1622    38.54956249    20.86602241    26.62069030    86.24    66.93   -48.27  6.77349e+08      21.49    26.21       5.47    27.10   0.010952       0.1057       0.7955       0.5966   1.000000   0.750451  -0.379817   0.540890   0.972508   0.103006   0.875595   0.471936   0.816876   0.652850   0.298450  -0.696214   218.90        21.49     16        2.48709e+11    -4.2368e+11     0.23991         0.64258        2.78808      0.010536
      1558       1558    38.14489637    21.31130973    26.00295990    87.36    96.42   192.49  6.50623e+08      21.21    24.02      13.07    29.83   0.038272       0.8523      -0.3927      -0.3455   1.000000   0.810842   0.023011   0.584813   0.978508  -0.122462   0.983779   0.131083   0.867219  -0.572310  -0.177904   0.800507   218.79         21.2     16        2.89483e+11   -3.57615e+11     0.26706         1.30712        2.72853      0.023760
      1527       1527    38.59787181    20.73501430    26.71652233   151.01   136.25   -41.62  6.37677e+08      21.08    24.57       7.68    25.67   0.020470      -0.4939      0.07635      -0.8662   1.000000   0.085073   0.586169   0.805710   0.935518   0.973108   0.124850  -0.193580   0.850113  -0.214063   0.800511  -0.559785   218.42        21.07     16        2.10025e+11   -3.52109e+11     0.18082         1.22767        4.11982      0.018668
      1495       1495    38.04033194    21.41592977    25.67392153   153.88   -29.56    42.12  6.24314e+08      20.92    22.99      16.19    24.74   0.023405       0.2037       0.3873      -0.8992   1.000000  -0.550219   0.009957   0.834961   0.857497   0.522975  -0.775416   0.353875   0.790304   0.650966   0.631372   0.421442   218.86        20.91     16        1.91004e+11   -3.09518e+11     0.24054         0.59662        3.99309      0.019834
      1441       1441    38.28365302    21.31861484    26.44708270   137.21    27.58   -57.01  6.01763e+08      20.65    23.20      12.75    24.51   0.036464      -0.8078      -0.5351      -0.2471   1.000000   0.841244  -0.499461   0.206994   0.826136   0.480595   0.866194   0.136879   0.729015  -0.247663  -0.015668   0.968720   219.34        20.65     16        1.80718e+11   -2.97017e+11     0.38408         0.65474        7.02543      0.031551
      1434       1434    37.59625086    21.92972820    25.59506385   134.33    85.33    62.35   5.9884e+08      20.69    23.61       9.44    25.61   0.033043       0.1197      -0.8506      -0.5121   1.000000  -0.430483   0.783549  -0.448035   0.924739   0.418236   0.613040   0.670269   0.887841   0.799852   0.101155  -0.591612   217.15        20.66     16        1.96325e+11   -3.05013e+11     0.25092         0.96135        6.43117      0.027798
      1410       1410    38.69897157    20.73353931    26.60150939   110.57   108.07    -7.20  5.88818e+08      11.16    30.69       8.93    37.93   0.024696       0.8125       -0.504       0.2931   1.000000   0.805839  -0.496180  -0.323154   0.901865  -0.087609  -0.639645   0.763662   0.848652   0.585618   0.587077   0.558921  1358.06        1.805     16        4.23539e+11   -4.81098e+11     0.17896         0.52644        5.14639      0.011297
      1335       1335    38.82413079    20.01029298    25.75560528   110.47   133.15    26.31  5.57498e+08      20.13    22.75      11.50    24.28   0.053776      -0.4472       0.3241      -0.8336   1.000000  -0.366555   0.848975   0.380629   0.908453   0.661840  -0.049602   0.748002   0.798145   0.653916   0.526099  -0.543704   219.36        20.13     15        1.64318e+11   -2.65032e+11     0.13410         0.67553        7.63516      0.046147
      1304       1304    38.35476578    20.99664855    25.97772373   145.06   272.85   136.01  5.44552e+08      19.98    22.11      15.98    30.46   0.060884       0.7731       0.4809       0.4137   1.000000  -0.260518   0.237517   0.935797   0.797323   0.693435  -0.628383   0.352538   0.605677   0.671772   0.740757  -0.000997   219.28        19.97     15        2.52695e+11    -2.3878e+11     0.24259         0.77931        7.35483      0.019806
      1302       1302    38.39528834    21.03564835    26.20551462    92.44   186.41  -147.95  5.43717e+08      19.99    23.17      10.36    27.23   0.076199      -0.5266      -0.7496        0.401   1.000000   0.656303  -0.486414  -0.576774   0.947094   0.673291   0.032569   0.738660   0.795241   0.340509   0.873121  -0.348873   218.47        19.98     15        2.01643e+11   -2.56611e+11     0.19099         1.13131        7.50024      0.049359
      1302       1302    38.32038829    20.69591149    26.51177534   180.61   167.84   -37.56  5.43717e+08      19.97    22.03      15.45    31.44   0.170400       0.8278       0.3393      -0.4468   1.000000  -0.163604   0.960910   0.223349   0.846051   0.474991  -0.121703   0.871534   0.672828   0.864649   0.248675  -0.436513   218.98        19.97     15        2.68692e+11    -2.4086e+11     0.36622         2.27423       10.59537      0.078514
      1269       1269    38.06798339    21.31312071    25.68868475   155.41    76.90   168.47  5.29936e+08      19.81    24.61       6.85    25.62   0.041877      -0.5814        0.813     -0.03265   1.000000  -0.202723  -0.085710   0.975478   0.924848   0.850964   0.477480   0.218800   0.842775  -0.484524   0.874452  -0.023860   218.77         19.8     15         1.7387e+11   -2.86383e+11     0.27902         0.70239        3.55673      0.039640
      1252       1252    37.51036248    22.04838581    25.76171828   149.44    67.03     6.03  5.22837e+08      19.72    23.77       7.47    25.90   0.038059       0.6279      -0.7332      -0.2611   1.000000   0.859414   0.179795  -0.478625   0.915954  -0.260252   0.959613  -0.106828   0.841118   0.440087   0.216373   0.871497   218.69        19.71     15        1.75386e+11   -2.59426e+11     0.32694         0.28989        5.22880      0.031489
      1234       1234    38.01396751    21.31074089    25.75715597   139.43   -21.43   155.84   5.1532e+08      19.66    23.38       6.98    26.86   0.033359      0.04364      -0.4829       0.8746   1.000000  -0.229043   0.972941   0.030417   0.847817   0.484749   0.086908   0.870325   0.777670   0.844131   0.214086  -0.491538   217.78        19.64     15        1.85835e+11   -2.53576e+11     0.22795         0.54296        4.77710      0.025099
      1200       1200    38.75236054    20.31960179    25.86006180   103.93   158.40    25.20  5.01121e+08      19.43    22.49       7.25    25.20   0.024684      -0.1201      -0.8591       0.4975   1.000000   0.286083  -0.198705   0.937376   0.790181   0.877663  -0.338242  -0.339559   0.707445   0.384532   0.919842   0.077631   219.42        19.42     15        1.59055e+11   -2.30199e+11     0.33558         0.84404        3.94380      0.019456
      1197       1197    38.38752090    20.97894951    26.15560264   -63.80   177.10    18.27  4.99869e+08      19.42    23.70       8.37    24.72   0.040682       0.5005      0.04995       0.8643   1.000000   0.792155   0.579710   0.190858   0.890874  -0.397335   0.727219  -0.559712   0.786284  -0.463266   0.367544   0.806409   218.91        19.42     15        1.52696e+11   -2.52266e+11     0.13573         0.74498        5.55234      0.038030
      1181       1181    37.98754989    21.35245284    25.32830498   146.71   100.90   108.25  4.93187e+08      19.34    21.87       5.94    24.44   0.026633       0.5058      -0.8574     -0.09516   1.000000   0.696253   0.010482   0.717720   0.897551  -0.671418  -0.344074   0.656362   0.766109  -0.253828   0.938884   0.232525   218.95        19.33     15        1.47315e+11   -2.19273e+11     0.43884         1.27442        3.31316      0.021403
      1176       1176    37.93599248    21.63366881    24.99926845    45.95    83.57    99.03  4.91099e+08      19.30    21.56       9.12    23.47   0.047832      -0.3658     -0.08619       0.9267   1.000000  -0.497502   0.864186   0.075327   0.788331   0.789287   0.414932   0.452613   0.688935  -0.359886  -0.284630   0.888520   219.36        19.29     15        1.35206e+11   -2.15256e+11     0.32686         1.59350        2.98533      0.040673
      1148       1148    38.08304581    21.21989931    25.76973402   118.02   189.40    10.36  4.79406e+08      19.15    23.05      10.19    34.00   0.080793       0.3502      -0.6328      -0.6906   1.000000   0.725635   0.634499  -0.266206   0.724331   0.493462  -0.210248   0.843974   0.694038  -0.479531   0.743779   0.465664   219.01        19.15     15        2.77173e+11   -2.25303e+11     0.43200         0.99497        7.47637      0.056439
      1113       1113    38.67590716    20.39125547    25.78418057    96.23   135.23    73.92   4.6479e+08      18.95    22.30       8.97    24.65   0.028942      -0.1332      -0.9865      0.09508   1.000000  -0.485411   0.059575   0.872254   0.869922  -0.141669   0.979131  -0.145713   0.742441   0.862732   0.194302   0.466841   219.22        18.95     15        1.41165e+11   -2.05057e+11     0.16137         0.58681        6.21915      0.023022
      1112       1112    37.87367576    21.65953223    25.10464050   120.69    88.16    84.43  4.64373e+08      18.94    20.61      14.74    22.83   0.030751       0.2776      -0.3219      -0.9052   1.000000   0.316362   0.946579   0.062480   0.821705   0.556637  -0.238563   0.795765   0.721750   0.768160  -0.216971  -0.602373   219.29        18.94     15         1.2107e+11   -1.74291e+11     0.31087         1.06025       10.19607      0.022340
      1108       1108    38.69231150    20.55987617    25.97238149    81.81   164.82    67.05  4.62702e+08      18.92    21.09      11.91    23.41   0.052772      -0.8719      -0.3486       0.3438   1.000000   0.074146   0.728794   0.680707   0.758300   0.316567  -0.664482   0.676941   0.645349   0.945668   0.165297  -0.279981   219.44        18.91     15        1.26738e+11   -1.89569e+11     0.52528         0.84446        4.22942      0.041776
      1071       1071    37.58540402    21.87935640    25.74994436   153.43    37.56     6.97  4.47251e+08      18.72    19.99      15.04    26.21   0.038314       -0.865      -0.2624      -0.4276   1.000000   0.719050  -0.583938   0.376805   0.857117  -0.154046   0.394786   0.905767   0.800233   0.677670   0.709337  -0.193918   218.92        18.71     15        1.53619e+11   -1.60429e+11     0.28732         0.99549       16.87882      0.010276
      1068       1068    38.70636538    20.65350413    26.54920755    82.02   149.95    15.48  4.45998e+08      18.74    23.94       6.72    26.75   0.030771      -0.3621       0.7901      -0.4945   1.000000  -0.281712   0.924015   0.258524   0.884078   0.256326  -0.187169   0.948296   0.810612   0.924627   0.333413  -0.184121   217.57        18.72     15        1.59528e+11   -2.23481e+11     0.18549         0.29725        3.57253      0.025377
      1067       1067    37.54846821    21.86816723    25.79151152   167.76    56.87     8.24   4.4558e+08      18.68    20.54      14.91    24.11   0.037117      -0.6321      -0.2621       0.7292   1.000000   0.611445   0.787041  -0.081864   0.935467   0.545207  -0.344053   0.764446   0.855785   0.573484  -0.512049  -0.639470   219.41        18.68     15        1.29477e+11    -1.6666e+11     0.48744         0.81005       10.69606      0.023326
      1054       1054    37.91067824    21.63040211    25.04736069    49.86    86.29    90.91  4.40152e+08      18.60    21.42      10.85    23.08   0.077669       0.2587      -0.5319       0.8063   1.000000  -0.095059   0.845400   0.525607   0.882578  -0.767675  -0.398396   0.501951   0.805889   0.633749  -0.355780   0.686864   219.49         18.6     15        1.17231e+11   -1.85893e+11     0.20163         1.35566        7.31132      0.067006
      1054       1054    38.67294406    20.73674942    26.50279838    77.65   134.56    18.40  4.40152e+08      18.70    22.04      10.74    25.52   0.015367      -0.9505     -0.09207      -0.2969   1.000000   0.339991   0.181052   0.922836   0.893717   0.888801  -0.382523  -0.252404   0.730664   0.307308   0.906033  -0.290974   216.12        18.67     15        1.43333e+11   -1.91184e+11     0.23155         0.75042        5.42662      0.011096
      1030       1030    37.82036518    21.76022570    25.01019256   113.50    92.13    77.67  4.30129e+08      18.48    20.35      14.95    23.21   0.017873      -0.2317      -0.5644      -0.7923   1.000000   0.916968   0.345019  -0.200331   0.881992  -0.385660   0.637964  -0.666534   0.786557  -0.102163   0.688450   0.718052   218.90        18.47     15        1.15847e+11   -1.58102e+11     0.49171         1.19451        3.79270      0.012336
       981        981    37.97002936    21.43448924    25.71350475   172.87   -19.48    39.99  4.09667e+08      18.17    21.39       6.87    23.26   0.012823      -0.9615       0.2601     -0.08863   1.000000   0.338791   0.920857  -0.192985   0.900913  -0.360366   0.316477   0.877484   0.763892   0.869113  -0.227739   0.439065   219.19        18.17     15        1.10776e+11    -1.7029e+11     0.34868         0.62851        2.31455      0.010937
       962        962    37.84582964    21.68598854    25.62857384   154.31    55.94    65.79  4.01732e+08      18.04    20.37      10.59    22.47   0.030444      -0.9029       -0.243      -0.3547   1.000000   0.068068   0.043003   0.996753   0.908959  -0.278327   0.960225  -0.022420   0.884163   0.958071   0.275897  -0.077330   219.49        18.04     14        1.01421e+11   -1.51861e+11     0.25657         0.50872        9.35080      0.024291
       951        951    38.26933714    21.20141970    25.95071049     5.54    85.71   -74.61  3.97139e+08      18.05    22.67       5.83    22.68   0.012938       0.6589      -0.4986       0.5633   1.000000   0.332527  -0.640849   0.691910   0.857165   0.400783   0.760140   0.511430   0.771046   0.853697  -0.107242  -0.509608   216.71        18.03     14        1.02109e+11    -1.8277e+11     0.15604         0.64792        3.85728      0.013208
       944        944    37.93758280    21.28982060    25.50338793   136.27   134.78   130.99  3.94216e+08      17.97    19.82      14.04    22.32   0.031591      -0.7489       -0.548       0.3726   1.000000  -0.443107   0.021334   0.896215   0.850946   0.472856   0.854898   0.213439   0.801785  -0.761619   0.518356  -0.388899   218.12        17.95     14        9.82194e+10   -1.38281e+11     0.30872         2.69124        9.77284      0.022844
       922        922    38.42603610    20.35661975    26.51674110   149.74   161.77     0.98  3.85028e+08      17.80    20.52       6.58    22.92   0.041014       0.4795      -0.3802      -0.7909   1.000000   0.101522   0.874417  -0.474435   0.960813   0.882324  -0.299445  -0.363093   0.780634   0.459562   0.381743   0.801919   219.03         17.8     14        1.01133e+11   -1.45649e+11     0.44779         0.64340        4.56685      0.031862
       895        895    38.66992531    20.65659349    26.05831656    24.58   157.72    52.89  3.73753e+08      17.65    19.09      13.56    22.90   0.051791       0.8507       0.3995      -0.3417   1.000000   0.713046  -0.183945   0.676557   0.831527  -0.017426   0.960022   0.279380   0.707388  -0.700901  -0.211001   0.681335   218.17        17.63     14        9.80119e+10   -1.26159e+11     0.34233         0.87076       11.99265      0.032817
       875        875    38.10057856    20.52118553    25.74973733   159.19   170.93    14.61  3.65401e+08      17.51    19.76      10.39    21.62   0.068016      -0.9479      -0.1841      -0.2599   1.000000   0.054211  -0.058246   0.996829   0.942802   0.447604   0.893797   0.027883   0.831545   0.892587  -0.444674  -0.074524   218.47         17.5     14        8.53643e+10   -1.30703e+11     0.18769         1.03906        2.49590      0.055725
       869        869    37.96554131    21.39630393    25.56946893   102.42    45.44   132.82  3.62895e+08      17.45    19.16      13.50    20.72   0.035929      -0.8612      -0.3451      -0.3733   1.000000   0.487291  -0.748894   0.449115   0.971236  -0.677358   0.000430   0.735653   0.843633   0.551119   0.662690   0.507060   219.32        17.44     14        7.78762e+10   -1.22422e+11     0.33101         1.15069        9.25701      0.029326
       854        854    37.83398638    21.28839879    25.16629383   118.88   100.26    91.51  3.56631e+08      17.35    20.29       7.99    21.55   0.024042       0.6587       -0.186        0.729   1.000000   0.728790   0.620793  -0.288931   0.911223   0.093905   0.327359   0.940222   0.760648  -0.678267   0.712357  -0.180281   219.27        17.34     14        8.28415e+10   -1.33286e+11     0.21633         0.85996        4.22021      0.021189
       830        830    38.66998243    20.44711447    25.83510777    92.22   145.20    67.04  3.46609e+08      17.24    20.23       6.67    21.54   0.029061      -0.5408      -0.4622      -0.7028   1.000000   0.010651  -0.675985   0.736839   0.922775  -0.097293   0.732684   0.673579   0.777191   0.995199   0.078864   0.057965   217.17        17.21     14        8.04132e+10   -1.27942e+11     0.47232         0.20084        2.92544      0.025500
       807        807    38.49293429    20.23985697    25.49809450   120.87   135.23    40.19  3.37004e+08      17.06    19.51       7.65    20.82   0.032048      -0.9914     -0.07217      -0.1093   1.000000  -0.687810   0.674212  -0.268989   0.892475   0.436870   0.680420   0.588365   0.869421   0.579708   0.287170  -0.762543   217.81        17.04     14        7.30284e+10   -1.18264e+11     0.19231         0.54789        6.75287      0.028070
       794        794    38.30638874    20.95771093    26.15704323   136.29   166.46   -53.12  3.31575e+08      10.17    26.14       4.60    28.74   0.028793       0.1101      -0.5587       -0.822   1.000000   0.734074   0.351768  -0.580857   0.763714  -0.619308   0.697670  -0.360158   0.716316   0.278555   0.624112   0.729994  1012.54        2.204     14        1.36965e+11   -1.96547e+11     0.22355         0.28827        3.11838      0.022709
       783        783    38.11123061    21.20085127    25.79794194    76.69   199.78    33.60  3.26982e+08       7.84    28.82       4.77    39.07   0.031041      -0.5108       0.5022      -0.6978   1.000000  -0.139169   0.990092  -0.018722   0.791093   0.709234   0.112850   0.695882   0.591186  -0.691100  -0.083567   0.717912  2175.47       0.7913     14        2.49611e+11   -2.33005e+11     0.16923         0.61246        3.31543      0.011511
       767        767    38.01500271    21.43944015    25.91450686   133.60   -12.44   -44.90    3.203e+08      16.74    22.27       3.90    22.46   0.009192      -0.2548      -0.7155       0.6504   1.000000   0.208127  -0.204356   0.956515   0.814504   0.937278  -0.237911  -0.254770   0.758027   0.279630   0.949546   0.142023   219.18        16.74     14        8.08039e+10   -1.37361e+11     0.23286         0.71705        3.40568      0.009382
       725        725    38.35836138    21.56928766    25.83715035     6.74   -14.91    36.24  3.02761e+08      16.45    18.53      10.62    19.81   0.068251       0.6963      -0.2179      -0.6839   1.000000   0.407182   0.796489   0.446999   0.801640  -0.158016  -0.420595   0.893382   0.640532   0.899574  -0.434402  -0.045401   218.28        16.44     14        5.94301e+10   -8.79929e+10     0.62006         1.89817        7.70048      0.051920
