#  npart(1)  nvpart(2)      Xc(3)          Yc(4)          Zc(5)      VXc(6)   VYc(7)   VZc(8)    Mvir(9)      Rvir(10) Vmax(11)   Rmax(12) sigV(13) lambda(14)      Lx(15)       Ly(16)       Lz(17)     a(18)     Eax(19)    Eay(20)    Eaz(21)     b(22)     Ebx(23)    Eby(24)    Ebz(25)     c(26)     Ecx(27)    Ecy(28)    Ecz(29) ovdens(30)    Redge(31) nbins(32)     Ekin(33)       Epot(34)   mbp_offset(35)  com_offset(36)   r2(37)      lambdaE(38)
   1204458    1204458    38.90498639    21.63592269    26.09036348   116.78    94.96    23.52  5.02983e+11     191.17   183.95      53.23   192.36   0.017838      -0.3242       0.3368        0.884   1.000000   0.531069  -0.435912   0.726599   0.865690  -0.417938   0.611188   0.672143   0.712949   0.737084   0.660628  -0.142399   231.06        191.2     34        9.30614e+15    -1.5422e+16     0.05677         2.14670       31.42729      0.017147
     51810      51810    38.45680789    22.20297033    25.81336961   146.27    50.37     8.83  2.16359e+10      66.98    64.83      21.26    65.38   0.052075      -0.8806       0.3255      -0.3444   1.000000  -0.243246   0.507387   0.826674   0.855765  -0.068895   0.841082  -0.536502   0.835286   0.967515   0.187456   0.169633   231.05        66.98     25        4.62379e+13   -8.24532e+13     0.18241         2.73455        6.05360      0.053009
     49135      49135    38.79119958    21.50129201    25.52441883   165.41   146.27    80.78  2.05188e+10      65.81    71.18      10.57    72.94   0.051454      -0.8381     0.001592       0.5455   1.000000   0.541767   0.293521   0.787613   0.891406  -0.312832   0.940140  -0.135180   0.724475   0.780144   0.173155  -0.601159   231.00        65.81     25        5.45837e+13   -8.74012e+13     0.18784         1.20374        4.78231      0.052113
     22599      22599    38.38704155    22.05188069    25.67146562   110.79    80.49    73.27  9.43737e+09      50.81    47.81      15.27    50.93   0.014117       0.9553       0.1528       0.2532   1.000000   0.602878  -0.496606  -0.624437   0.951889   0.797825   0.378808   0.469019   0.943267   0.003624  -0.780953   0.624580   230.92        50.81     23        1.22377e+13   -1.95043e+13     0.02122         1.54190        8.43209      0.012853
     17464      17464    38.34422414    22.09878926    25.58709448   110.88    44.92   110.53  7.29299e+09      46.62    48.87       8.08    49.87   0.030244       0.7345       0.6327      -0.2453   1.000000   0.315426  -0.278279   0.907231   0.985265  -0.319918   0.868884   0.377746   0.867640   0.893397   0.409391  -0.185042   231.00        46.62     22        9.06979e+12   -1.54425e+13     0.15522         0.28022        4.35406      0.031964
     12253      12253    38.83699826    21.67523780    25.88097108   138.94    54.57   -19.19  5.11687e+09      41.47    45.96       6.73    50.62   0.029241      -0.4331       0.8479      -0.3059   1.000000   0.024904   0.038131   0.998962   0.864894   0.384166   0.922178  -0.044777   0.818522   0.922928  -0.384882  -0.008317   230.29        41.45     21        6.55678e+12   -8.87153e+12     0.16082         0.87826        4.59553      0.025037
     12109      12109    39.14436991    21.52959687    26.45171698    62.14   130.97   -67.00  5.05673e+09      41.26    42.89      11.10    43.83   0.006758       0.7885      0.01635       0.6148   1.000000  -0.685053   0.592212  -0.424249   0.969872  -0.082460   0.515585   0.852861   0.814659   0.723811   0.619238  -0.304370   231.01        41.26     21        4.85704e+12   -8.05819e+12     0.13760         1.02295        7.55119      0.006868
     10914      10914    38.87373244    21.63664605    25.94007364   197.49   -42.57   171.35   4.5577e+09      39.86    45.31      11.06    48.29   0.022914      -0.2523       0.2431      -0.9366   1.000000   0.178363  -0.063471   0.981916   0.849520   0.896615  -0.400563  -0.188760   0.813581   0.405299   0.914068  -0.014537   230.90        39.86     21        5.31454e+12   -8.15255e+12     0.08647         0.76243        7.59033      0.023912
      9115       9115    38.91582765    21.67003849    26.10920509    -6.49    -8.44  -242.07  3.80643e+09      20.17    53.02       7.36    54.40   0.020098      -0.5098       0.3599       0.7814   1.000000   0.373212   0.597908   0.709380   0.849212   0.826545  -0.561555   0.038459   0.810218   0.421351   0.571981  -0.703777  1489.14        3.129     21        5.63168e+12   -9.43293e+12     0.07427         0.18009        5.08294      0.020673
      8951       8951    38.30809766    22.10903419    25.67861746   105.43    75.38    59.29  3.73795e+09      37.32    36.99       7.22    41.58   0.018897      0.05338      -0.3901       0.9192   1.000000   0.947739  -0.252867  -0.194546   0.945058   0.310530   0.591159   0.744380   0.834751   0.073221   0.765891  -0.638788   230.85        37.31     21        3.23061e+12   -4.37403e+12     0.20122         1.43732        4.04280      0.014767
      6726       6726    38.86749459    21.47177644    25.96669225    21.30   134.94   182.83  2.80879e+09      33.95    32.65       9.17    34.31   0.031294        0.268       0.7969       0.5414   1.000000  -0.674222   0.690199   0.262774   0.875648   0.666211   0.721957  -0.186928   0.768253   0.318729  -0.049032   0.946577   230.45        33.94     20        1.65365e+12   -2.72557e+12     0.10493         2.76976        6.24897      0.030053
      5727       5727    38.24616121    22.04637305    25.57411916   143.20    34.75    44.56   2.3916e+09      32.15    30.67       9.28    32.12   0.041133      -0.2212      -0.8256       0.5191   1.000000   0.501469   0.354375   0.789270   0.867010  -0.010078   0.914597  -0.404242   0.792161   0.865117  -0.194760  -0.462213   230.91        32.15     19        1.23339e+12   -2.03493e+12     0.16974         1.33021        6.44242      0.039044
      4861       4861    38.81256698    21.72838073    26.16614209   -34.81    93.67  -109.33  2.02996e+09      30.45    30.91       7.22    33.69   0.028457      -0.7033      -0.7093     -0.04731   1.000000   0.095374   0.582328   0.807340   0.835180  -0.762183   0.564403  -0.317060   0.717007   0.640298   0.585101  -0.497670   230.72        30.45     19        1.15229e+12    -1.7642e+12     0.06684         0.40593        2.66305      0.027060
      3959       3959    38.25599296    22.24024821    25.51460765   100.30    43.23   100.67  1.65328e+09      28.43    32.03       5.64    31.87   0.018033      -0.8196      -0.4599       0.3417   1.000000   0.019781   0.778694   0.627092   0.891219   0.999234  -0.036576   0.013898   0.827965  -0.033758  -0.626337   0.778821   230.99        28.43     18        8.39566e+11   -1.40435e+12     0.12662         0.77872        3.79862      0.019543
      3939       3939    38.65389732    21.81251553    26.06044872   196.87     8.60   118.17  1.64493e+09      28.38    31.21       5.37    30.14   0.026559       0.3999       0.8077       0.4332   1.000000   0.591479  -0.418723  -0.689074   0.954343   0.419456  -0.570068   0.706455   0.849755   0.688628   0.706890   0.161548   230.92        28.38     18        7.47152e+11   -1.37244e+12     0.11263         0.87454        3.57769      0.030416
      3870       3870    38.68381033    21.59893288    26.03866338    71.63    34.73    98.15  1.61612e+09      28.22    30.19       7.71    30.69   0.033979       -0.474      -0.3539       0.8062   1.000000   0.951674   0.097251   0.291306   0.916978  -0.180370  -0.590715   0.786462   0.834136  -0.248563   0.800998   0.544627   230.70        28.22     18        7.61242e+11   -1.26627e+12     0.19219         0.16847        4.05997      0.035496
      3816       3816    38.30251245    22.14654269    25.73775596    98.64    52.93   114.28  1.59357e+09      28.08    28.15       8.16    30.82   0.052667       -0.781       0.5993      -0.1755   1.000000   0.920554   0.376216   0.105085   0.883791  -0.288990   0.474949   0.831209   0.861314  -0.262804   0.795541  -0.545939   230.93        28.08     18        7.56758e+11    -1.1534e+12     0.29616         0.69891        3.45904      0.049324
      3761       3761    38.90490588    21.62684826    26.06860106  -213.58   282.25   -46.12   1.5706e+09       9.60    43.82       5.91    55.84   0.027891      -0.5809        0.532      -0.6161   1.000000   0.616954  -0.620888   0.483597   0.950694  -0.571750   0.068646   0.817551   0.768689   0.540805   0.780888   0.312641  5700.00       0.3891     18        2.44842e+12   -2.61102e+12     0.09904         0.20871        4.14196      0.009921
      3241       3241    39.51350964    20.92062416    25.91908217   118.17   174.67    30.78  1.35345e+09      26.61    23.76       5.91    26.19   0.045727      -0.9975      0.06961     0.007029   1.000000  -0.116042   0.981555  -0.151932   0.552445   0.496218   0.189799   0.847198   0.462518   0.860408   0.022920  -0.509090   230.41         26.6     18        4.64296e+11   -6.91446e+11     0.12326         5.95891        3.18397      0.037147
      2886       2886    38.29288105    22.15208581    25.55451997   115.36    37.77    82.18   1.2052e+09      25.65    29.46       4.82    29.22   0.008985       -0.957      0.07794       0.2795   1.000000  -0.568098   0.691936  -0.445522   0.936393  -0.355800   0.281646   0.891113   0.867890   0.742072   0.664756   0.086189   229.30        25.63     17        5.14487e+11   -8.89599e+11     0.08386         0.53628        1.83521      0.010341
      2756       2756    38.44723299    22.11824036    25.72939083    67.42    63.35   116.56  1.15091e+09      25.20    24.41       7.47    24.70   0.036490      -0.9796      -0.1866     -0.07405   1.000000   0.718085   0.600953   0.351014   0.903394   0.266237  -0.703201   0.659261   0.849450  -0.643018   0.379953   0.664954   230.89         25.2     17        3.51154e+11   -6.09359e+11     0.16956         0.47720        2.51863      0.036163
      2385       2385    38.42131435    22.27505475    25.59216718    84.04    58.98   111.39  9.95979e+08      24.01    23.57      11.47    26.13   0.032484       0.3799      -0.9248     -0.02251   1.000000   0.900733   0.430550  -0.057505   0.773053  -0.114634   0.363310   0.924589   0.749058  -0.418974   0.826216  -0.376601   230.98        24.01     17         3.3992e+11   -4.86345e+11     0.16035         2.82088        6.24305      0.027345
      2299       2299    38.81673991    21.63610142    26.15574864   211.60    53.81   170.97  9.60065e+08      22.53    31.47       4.27    30.79   0.014062      -0.7604       0.5886      -0.2746   1.000000   0.989792  -0.006590  -0.142367   0.834473   0.140180  -0.135236   0.980847   0.666241   0.025717   0.990792   0.132931   269.46        19.32     17        4.55146e+11   -7.73079e+11     0.10423         0.55748        2.84679      0.017529
      2128       2128    39.17745035    21.26649351    26.62201269   188.73   180.77   -25.10  8.88655e+08      23.14    21.11      10.84    22.81   0.041818      -0.3228      -0.7996      -0.5063   1.000000   0.939246   0.285517   0.190516   0.966683  -0.012980  -0.525104   0.850939   0.839837  -0.342998   0.801714   0.489496   230.31        23.13     17        2.31135e+11   -3.62118e+11     0.16787         0.53258        7.48159      0.036631
      2101       2101    39.06552082    21.51936701    26.11225932    14.29   202.87  -119.85   8.7738e+08      23.10    26.71       3.47    26.43   0.015569       0.9154      -0.1423       0.3764   1.000000  -0.637953   0.691647  -0.338586   0.878376   0.199958   0.573379   0.794515   0.791072   0.743662   0.439160  -0.504089   228.44        23.08     17        3.06361e+11   -5.15895e+11     0.17065         0.65300        1.78259      0.017458
      1969       1969    38.44505838    22.17264707    25.93680541   158.54     8.76     8.13  8.22257e+08      22.53    23.72       4.46    23.32   0.022848       0.3439      -0.5888      -0.7315   1.000000  -0.584326  -0.429237   0.688708   0.883171  -0.177804   0.895761   0.407428   0.825619   0.791801  -0.115616   0.599737   230.69        22.53     16        2.23586e+11   -3.99379e+11     0.10492         0.34106        3.93583      0.024729
      1913       1913    38.34270013    22.35029109    25.80658840   141.97    33.13    13.18  7.98871e+08      22.34    22.80       5.32    23.18   0.016226      -0.2916      -0.3497      -0.8903   1.000000   0.508866   0.647234  -0.567577   0.966267  -0.568897   0.747671   0.342554   0.875096   0.646074   0.148580   0.748674   230.05        22.33     16        2.14701e+11   -3.64763e+11     0.17225         1.17409        3.49221      0.016629
      1748       1748    39.28086007    21.37646791    26.05178820    53.68   190.57    41.78  7.29967e+08      21.65    21.98       3.10    21.90   0.011995      0.05853      -0.7081       0.7037   1.000000   0.707144  -0.071173   0.703478   0.909325  -0.088687   0.978136   0.188110   0.836559  -0.701485  -0.195411   0.685371   231.02        21.64     16        1.75049e+11   -3.09134e+11     0.18064         0.70988        2.06160      0.012519
      1729       1729    39.23944071    21.49363346    26.32504023    45.56   125.23   -72.87  7.22032e+08      21.61    24.70       3.21    23.78   0.023275      -0.6335      -0.4483      -0.6307   1.000000   0.898559  -0.225730  -0.376348   0.947109   0.286204  -0.348684   0.892472   0.888053   0.332684   0.909651   0.248708   229.52         21.6     16        2.04158e+11   -3.64704e+11     0.18772         0.49570        2.15523      0.026851
      1696       1696    39.12237619    21.38499000    26.01430015   120.42   115.53     3.14  7.08252e+08      21.47    27.05       3.75    25.63   0.016821      -0.6405      -0.0518       0.7662   1.000000   0.913875  -0.311108   0.260852   0.890423   0.016738   0.670825   0.741427   0.792380   0.405650   0.673205  -0.618258   229.72        21.46     16        2.32601e+11    -4.0884e+11     0.19828         0.75215        2.45393      0.020658
      1642       1642    38.93814574    21.56727411    26.15554240   190.85   288.98   105.18  6.85701e+08      13.65    30.48       3.33    29.53   0.019444      -0.4934      -0.6484       0.5798   1.000000   0.097776   0.994919   0.024003   0.895204   0.010791  -0.025177   0.999625   0.856645   0.995150  -0.097481  -0.013198   866.18         3.64     16        2.98916e+11    -5.4527e+11     0.09232         0.29369        2.20069      0.023249
      1594       1594    39.29226026    21.24267804    25.89342812    51.80   101.64    70.74  6.65656e+08      20.99    21.05       6.43    21.24   0.049994       -0.471      -0.4031      -0.7846   1.000000  -0.043404   0.947415  -0.317049   0.888614  -0.635654   0.218639   0.740365   0.794988   0.770753   0.233668   0.592738   231.03        20.99     16        1.50138e+11   -2.56051e+11     0.45553         1.17430        3.58571      0.050075
      1550       1550    39.30416253    21.47139864    26.44313604   116.69   205.86   -33.33  6.47282e+08      20.80    20.68       7.05    21.17   0.020517       0.2179       0.9626       -0.161   1.000000   0.788883  -0.335891  -0.514626   0.911629   0.001799   0.838672  -0.544634   0.828024   0.614540   0.428727   0.662219   230.96         20.8     16        1.45042e+11   -2.42323e+11     0.19276         0.58633        4.74301      0.020160
      1478       1478    39.21499318    21.40450364    26.20589356    52.62   206.88    55.76  6.17215e+08      20.50    21.57       5.59    20.98   0.026995      -0.7394      -0.6712      -0.0537   1.000000  -0.130885  -0.109743   0.985305   0.985750  -0.499235   0.865943   0.030132   0.852410   0.856524   0.487954   0.168126   230.05        20.49     16        1.35794e+11   -2.47072e+11     0.30106         0.58873        3.82173      0.029537
      1275       1275    38.63868645    21.62022074    26.39787692   218.73   140.87   -64.16  5.32442e+08      19.49    17.91       8.45    21.83   0.054705       0.6244      -0.2015      -0.7547   1.000000   0.807448   0.023056   0.589488   0.987497  -0.301700  -0.842543   0.446205   0.876042  -0.506956   0.538136   0.673354   230.74        19.49     15        1.26835e+11   -1.56767e+11     0.19624         1.37235        3.22009      0.035093
      1250       1250    39.27089584    21.15554588    25.80243740   133.09   170.48    64.99  5.22001e+08      19.36    19.80       2.48    19.43   0.020348      -0.9461      -0.1017      -0.3075   1.000000   0.923412   0.081816   0.374990   0.965830   0.009178   0.972030  -0.234679   0.821544  -0.383702   0.220147   0.896832   230.93        19.36     15        9.84992e+10   -1.78996e+11     0.38931         0.52991        1.69973      0.021760
      1191       1191    38.67708298    21.91015841    25.85524072   163.90    81.11   145.61  4.97363e+08      19.07    20.41       3.74    20.20   0.026488       0.1058       0.5426       0.8333   1.000000   0.785032   0.451495   0.424119   0.935588  -0.220986  -0.435496   0.872645   0.846286  -0.578697   0.778778   0.242104   230.16        19.06     15        1.01476e+11    -1.8173e+11     0.23105         0.47506        1.91678      0.029462
      1172       1172    39.10960025    21.54387710    26.22649399    -1.07   232.44    33.26  4.89429e+08      18.95    20.37       3.37    20.18   0.016526      -0.7475      -0.3963       0.5331   1.000000   0.454330  -0.369903   0.810405   0.937479  -0.024860   0.904097   0.426604   0.896242   0.890487   0.213965  -0.401562   230.65        18.95     15        9.96649e+10   -1.75519e+11     0.16047         0.25159        2.20907      0.018105
      1102       1102    39.05204798    21.44863264    26.04206374   170.32    71.33   -53.92  4.60197e+08      18.58    21.77       2.80    20.83   0.034064      -0.4456      -0.8271       0.3425   1.000000  -0.498903   0.795692   0.343468   0.852926   0.071031  -0.357438   0.931232   0.716846   0.863742   0.488991   0.121808   230.45        18.57     15        9.97937e+10   -1.71905e+11     0.07597         0.45707        1.76800      0.038308
      1042       1042    39.51625021    20.90123913    25.92231361   117.90   191.03    32.60   4.3514e+08      13.40    19.27       8.80    22.59   0.024437      -0.9762      -0.2083     -0.06096   1.000000  -0.306266   0.925553  -0.222606   0.949823   0.414945   0.340256   0.843829   0.658896   0.856751   0.166067  -0.488262   579.97         5.34     15        1.11028e+11   -1.39956e+11     0.40925         1.09759        4.23581      0.015637
      1041       1041    38.68979717    21.76221588    25.88350366    96.68   164.61    46.36  4.34723e+08      18.25    20.93       2.99    20.28   0.022122      -0.4441      -0.6554       0.6109   1.000000   0.608980  -0.221989   0.761488   0.934383  -0.273938   0.842103   0.464564   0.798037   0.744380   0.491511  -0.452013   229.67        18.24     15        8.94275e+10     -1.587e+11     0.26143         0.35865        1.57785      0.025583
      1006       1006    39.31678136    21.51131829    26.33867850    62.51   178.53    -6.26  4.20107e+08      18.07    16.44       6.37    17.40   0.052861       0.6693       0.7166       0.1965   1.000000   0.719692  -0.291820  -0.629988   0.946314   0.500957  -0.409989   0.762201   0.703875   0.480714   0.864147   0.148876   228.47        18.05     15        6.36275e+10   -1.02853e+11     0.22429         0.77904        3.34430      0.047372
      1002       1002    38.87639208    21.67857679    26.02839525   249.03    35.22  -111.64  4.18436e+08       9.92    25.22       3.78    26.39   0.018593      0.08442      -0.6494      -0.7557   1.000000  -0.501533   0.744956  -0.439892   0.797834  -0.326312   0.308020   0.893669   0.721946   0.801240   0.591746   0.088606  1377.38        1.663     15        1.45718e+11   -2.27767e+11     0.16994         0.15485        2.65257      0.017923
       987        987    38.79963511    21.72810213    26.04327711    69.65    81.55  -193.93  4.12172e+08      17.96    20.20       4.74    21.53   0.018486      -0.2386      -0.6961       0.6771   1.000000   0.734579  -0.639830  -0.225859   0.794477  -0.018371  -0.351500   0.936007   0.677843   0.678275   0.683422   0.269959   228.45        17.94     15        9.55683e+10   -1.46289e+11     0.22846         0.31798        2.45414      0.019140
       981        981    38.54796359    22.30303397    25.82629201   176.86    79.59   -42.99  4.09667e+08      17.88    17.33       5.12    18.17   0.013332      -0.9301       0.2194      -0.2946   1.000000   0.020622   0.701507   0.712364   0.875367  -0.869353   0.364469  -0.333747   0.825228   0.493761   0.612413  -0.617374   229.85        17.87     15        6.76112e+10   -1.08671e+11     0.30776         0.69679        3.54674      0.012470
       907        907    38.96538173    21.53644726    26.13580890   270.62   -65.23   -65.15  3.78764e+08      14.26    20.02       3.57    23.10   0.033253       0.9345      -0.0629      -0.3503   1.000000  -0.365746  -0.569554   0.736097   0.814512   0.514644   0.535219   0.669837   0.779861   0.775481  -0.623818  -0.097364   419.40        7.855     14        1.01025e+11   -1.32883e+11     0.20492         0.40578        1.80185      0.026459
       895        895    38.83023316    21.67537305    26.06007092   295.91  -137.68   101.13  3.73753e+08       9.91    21.77       4.43    24.98   0.026094      -0.6864       0.4106      -0.6002   1.000000   0.123777   0.036361   0.991644   0.895461   0.849323   0.512904  -0.124819   0.876063  -0.513157   0.857676   0.032604  1231.55         1.86     14        1.16576e+11   -1.57573e+11     0.21759         0.22385        2.99149      0.019902
       853        853    38.61409918    21.57982235    26.11187931   168.02    91.17    50.96  3.56214e+08      17.04    19.18       3.35    18.96   0.044806      -0.0643      -0.9932     -0.09704   1.000000   0.985896  -0.005395   0.167272   0.932206  -0.166867   0.044831   0.984960   0.750733   0.012813   0.998980  -0.043298   230.88        17.04     14         6.4006e+10   -1.13615e+11     0.17218         0.65618        2.08619      0.051721
       851        851    39.18464788    21.64049484    26.13143674    20.63   120.71   -77.27  3.55379e+08      17.04    19.30       2.82    19.06   0.019727        -0.16       0.8938      -0.4189   1.000000  -0.165304   0.773133  -0.612324   0.971490   0.985824   0.147622  -0.079745   0.843233  -0.028739   0.616826   0.786575   230.51        17.04     14        6.45703e+10   -1.12769e+11     0.14873         0.07998        1.81714      0.022495
       785        785    39.39337612    21.22768513    25.91018184   122.76   173.82    31.27  3.27817e+08      16.58    15.37       3.05    17.81   0.043987      -0.8574       0.4745       -0.199   1.000000   0.825309  -0.398607   0.399971   0.935085   0.382177   0.915730   0.124015   0.835828  -0.415699   0.050509   0.908099   230.97        16.58     14        5.19719e+10   -6.97126e+10     0.17892         0.65501        2.01514      0.032538
       768        768    38.90242511    21.72969441    26.16299921    91.32   217.17    45.03  3.20718e+08      16.22    24.91       2.08    23.75   0.010945      -0.4225       -0.645      -0.6368   1.000000   0.119577   0.892609   0.434684   0.761274   0.992796  -0.110867  -0.045445   0.693741  -0.007628  -0.436987   0.899436   241.13        15.54     14        9.04811e+10   -1.49929e+11     0.09923         0.42004        1.78088      0.014986
       762        762    39.42957841    21.27383607    26.44457916    80.50   152.01    -6.15  3.18212e+08      16.46    18.22       3.74    18.42   0.031985       0.9851       0.1695     -0.02813   1.000000   0.400272   0.134885   0.906415   0.924639  -0.458898   0.885659   0.070853   0.864056   0.793218   0.444313  -0.416403   229.22        16.44     14        5.39705e+10   -8.95154e+10     0.20809         0.48888        2.42756      0.034374
       760        760    38.87501861    21.75507820    25.94326695    31.47   144.43    88.64  3.17377e+08      16.51    21.62       2.54    21.31   0.030582      -0.1471      -0.8429      -0.5175   1.000000  -0.156121  -0.536002   0.829655   0.900598   0.976701  -0.208987   0.048774   0.788784   0.147244   0.817940   0.556141   226.34        16.49     14        7.20529e+10   -1.21968e+11     0.14835         0.20555        1.60657      0.039116
       727        727    39.16660080    21.26920395    26.17722336    41.76   184.20    26.87  3.03596e+08      16.16    14.15       9.48    15.32   0.008834       0.8415       0.2454      -0.4813   1.000000   0.826437  -0.496600  -0.265312   0.977260   0.505615   0.447288   0.737758   0.888591   0.247699   0.743857  -0.620744   230.83        16.16     14        3.56506e+10   -5.69249e+10     0.04111         0.49081        4.90802      0.007630
       721        721    39.34846649    21.09860396    25.85602119   165.96   188.11    27.56   3.0109e+08      16.16    15.53       5.39    15.64   0.042306       -0.947       0.1481       -0.285   1.000000   0.873394   0.446412  -0.194678   0.976442  -0.472821   0.873050  -0.119267   0.788830   0.116721   0.196214   0.973589   228.91        16.15     14        3.68159e+10   -6.37862e+10     0.11338         0.66994        2.74121      0.041482
       717        717    38.78376540    21.74365392    26.25388552    15.90    45.93    85.65   2.9942e+08      16.14    16.43       1.95    17.25   0.029895      -0.7589      -0.2869      -0.5846   1.000000  -0.532724   0.627308   0.568058   0.899580  -0.487851  -0.776114   0.399559   0.779488   0.691525  -0.064273   0.719487   228.58        16.12     14        4.45674e+10   -6.84995e+10     0.11833         0.53384        1.25484      0.027747
       716        716    38.66566413    22.01561700    25.87298139   122.34    57.90   128.58  2.99002e+08      16.09    18.31       2.65    17.47   0.020734      -0.2806       0.7055       0.6508   1.000000  -0.649995   0.708470   0.274911   0.959678   0.560467   0.691218  -0.456174   0.896751   0.513209   0.142432   0.846363   230.40        16.09     14          4.564e+10   -8.57687e+10     0.21180         0.21107        1.70367      0.024916
       714        714    39.11008013    21.63276521    26.33205277    91.39    69.18   -16.72  2.98167e+08      16.32    18.76       2.76    17.83   0.007306      -0.5674      -0.2244      -0.7923   1.000000   0.902455   0.158648   0.400506   0.962249  -0.375663  -0.165198   0.911914   0.910481  -0.210836   0.973417   0.089486   220.28        16.26     14        4.74166e+10   -8.86029e+10     0.22921         0.16167        1.79232      0.008982
       683        683    39.23615862    21.29745707    26.63545046   155.05   175.02   -31.45  2.85222e+08      15.89    16.17       3.98    16.77   0.043488       -0.167       0.9703      -0.1749   1.000000  -0.136746   0.119261   0.983401   0.936425  -0.455547   0.873958  -0.169334   0.868210   0.879646   0.471141   0.065182   228.16        15.87     14        4.01159e+10      -6.45e+10     0.03742         0.40034        2.65036      0.042440
       677        677    39.21258060    21.29113989    26.62080653   164.53   174.78   -41.98  2.82716e+08      15.83    15.75       2.88    16.44   0.043010      -0.6236       0.2839       0.7284   1.000000   0.462420  -0.220464   0.858815   0.865508   0.444692   0.895633  -0.009524   0.781724   0.767083  -0.386312  -0.512198   228.80        15.81     14        3.82009e+10   -5.83154e+10     0.27876         0.40806        2.52306      0.038385
       666        666    38.99309423    21.43823013    26.03091099   126.28    46.06  -108.97  2.78122e+08      15.73    16.58       3.92    16.38   0.022500      -0.2319       0.2102      -0.9498   1.000000  -0.502240   0.833086   0.231782   0.812454   0.304237  -0.080666   0.949175   0.768021   0.809441   0.547230  -0.212942   229.32        15.72     14        3.73094e+10    -6.3114e+10     0.25980         0.37513        3.44066      0.023048
       665        665    38.89468276    21.67051799    26.15436629  -149.74   178.74   -98.37  2.77705e+08       8.98    19.09       4.82    21.81   0.030851       0.1314       0.5412       0.8306   1.000000   0.198992   0.423441   0.883798   0.863609  -0.856826   0.512893  -0.052816   0.799405   0.475659   0.746752  -0.464877  1228.77         1.69     14        6.60659e+10   -8.76142e+10     0.36453         0.22657        2.34790      0.021858
       662        662    39.02783498    21.58482828    26.20582509   -55.57   229.36     5.78  2.76452e+08      13.39    17.43       3.34    17.85   0.026630      -0.8226      -0.3861       0.4175   1.000000   0.787356  -0.405879   0.464040   0.890328   0.116127   0.836870   0.534942   0.866281  -0.605463  -0.367302   0.706048   369.32        8.379     13         4.4041e+10   -7.13956e+10     0.34413         0.70628        2.22556      0.026073
       658        658    39.06403070    21.59155717    26.43545549   125.33    96.03     5.34  2.74782e+08      15.68    19.07       2.01    18.54   0.009509     -0.07321      0.02177       0.9971   1.000000   0.082087   0.335827   0.938340   0.913305   0.134350   0.929195  -0.344307   0.905988   0.987528  -0.154329  -0.031157   228.79        15.67     13        4.72054e+10   -8.04433e+10     0.13986         0.35003        1.71913      0.011172
       648        648    38.62418898    21.71587889    25.94478592   215.28    30.13   106.31  2.70606e+08      15.59    17.04       3.58    16.73   0.008726      -0.9522     -0.07811       0.2953   1.000000   0.883248  -0.013662   0.468708   0.945005  -0.458579  -0.233801   0.857346   0.874139  -0.097871   0.972188   0.212770   229.08        15.58     13        3.78764e+10   -6.74234e+10     0.26996         0.71279        1.73683      0.009788
       646        646    38.85866156    21.64213617    26.13985823   136.61   159.20   226.23   2.6977e+08      15.10    23.07       2.54    23.64   0.025667      -0.8148        0.531      -0.2326   1.000000   0.363129   0.177934   0.914591   0.953586   0.751775   0.523929  -0.400415   0.820526  -0.550429   0.832969   0.056488   251.56        13.87     13        7.53838e+10   -1.17933e+11     0.13722         0.19388        1.64478      0.034101
       619        619    39.27667355    21.50433729    26.41828773   137.48   188.88   -67.26  2.58495e+08      15.39    15.81       2.33    16.00   0.038497     -0.04311      -0.7089       -0.704   1.000000   0.447375   0.869749  -0.208307   0.963851   0.760371  -0.247275   0.600575   0.811428  -0.470841   0.427073   0.771957   227.55        15.37     13        3.30928e+10   -5.50828e+10     0.14800         0.31569        1.47495      0.038743
       609        609    38.55900665    21.51300750    25.43282587   215.70   137.81    37.20  2.54319e+08      15.34    14.41       3.89    14.93   0.018033      -0.5705      -0.4746       0.6703   1.000000   0.753289  -0.092300   0.651180   0.918035  -0.644365  -0.301859   0.702619   0.873842  -0.131713   0.948874   0.286862   226.33         15.3     13        2.83255e+10    -4.7783e+10     0.33403         0.62483        2.60313      0.017320
       601        601    38.29963606    22.40248065    25.78159458   137.19    40.79     3.21  2.50978e+08      15.16    15.83       3.39    14.98   0.035328      -0.9686      -0.2484     -0.01117   1.000000  -0.540103   0.782893   0.308816   0.896975   0.656434   0.162255   0.736728   0.867593   0.526673   0.600626  -0.601552   231.02        15.16     13        2.81518e+10   -5.38715e+10     0.18679         0.35248        2.95006      0.039308
       586        586    39.24772117    21.24244652    26.67079350   156.53   189.77   -19.17  2.44714e+08      15.05    12.30      11.48    18.48   0.264033      -0.3871      -0.9157       0.1077   1.000000   0.281783  -0.053571   0.957981   0.626355   0.828349  -0.490266  -0.271068   0.519480   0.484187   0.869925  -0.093773   230.37        15.04     13        4.17671e+10   -3.59727e+10     0.09727         4.01548       13.26504      0.142480
       565        565    39.10658673    21.51724647    25.96557956    82.34   100.40    19.07  2.35945e+08      14.88    16.26       3.65    15.91   0.017565       0.1474      -0.2587       0.9546   1.000000   0.819645  -0.524301  -0.230849   0.828525   0.490648   0.434471   0.755314   0.751107   0.295714   0.732355  -0.613359   230.04        14.87     13         2.9873e+10   -5.31812e+10     0.24216         0.60342        2.42024      0.019602
       543        543    38.90413427    21.57038606    26.27930902   289.13   144.28    67.24  2.26757e+08      14.83    14.71       4.11    14.97   0.023393       0.7438      -0.5501      -0.3798   1.000000  -0.589070  -0.211780   0.779837   0.920636   0.770712   0.142838   0.620967   0.789421  -0.242899   0.966823   0.079080   223.09        14.79     13        2.54246e+10   -4.38158e+10     0.16617         0.33367        1.86409      0.024093
       530        530    38.86208512    21.66176900    25.91922514   155.06   232.54   206.62  2.21329e+08      10.41    16.98       4.21    17.18   0.012864       -0.647       -0.688      -0.3287   1.000000  -0.165994   0.546312   0.820968   0.847498  -0.315007   0.759524  -0.569117   0.737187   0.934461   0.353081  -0.046016   630.12        3.816     13        3.26802e+10   -5.65627e+10     0.18452         0.53043        2.71169      0.012958
       530        530    38.34333754    22.10767552    25.66972737   159.81   105.15    75.71  2.21329e+08      14.63    15.16       3.89    16.43   0.034311       0.6496      0.02719       0.7598   1.000000   0.745491  -0.306612  -0.591804   0.875847   0.665485   0.391772   0.635330   0.716117  -0.037052   0.867470  -0.496109   226.92         14.6     13        2.98826e+10   -4.49843e+10     0.31599         0.38912        2.64026      0.032582
       530        530    38.20869155    21.94129943    25.60666928   103.88    81.50    46.73  2.21329e+08      14.56    14.45       3.37    13.82   0.021056      -0.5783      -0.7892      -0.2068   1.000000   0.792244   0.013381   0.610058   0.934881  -0.352151   0.826501   0.439187   0.813204   0.498337   0.562776  -0.659503   230.11        14.55     13        2.11273e+10   -3.87968e+10     0.15280         0.69287        2.94460      0.021578
       510        510    39.17281838    21.46969082    26.20898816   193.30   162.50    30.05  2.12977e+08      14.36    15.47       4.35    14.65   0.058165       0.5677       0.4747      -0.6726   1.000000  -0.318571   0.938536  -0.132900   0.931158   0.848007   0.344832   0.402461   0.799966  -0.423553  -0.015513   0.905739   230.68        14.36     13        2.28611e+10   -4.35382e+10     0.12663         0.31242        2.81413      0.066553
       491        491    39.05083362    21.53448599    26.46052033   127.11   143.96    25.89  2.05042e+08      13.84    20.47       2.57    18.85   0.009415      -0.9258      -0.2533      -0.2807   1.000000   0.075570  -0.218924   0.972811   0.896225   0.857802  -0.483139  -0.175362   0.839079   0.508394   0.847732   0.151282   248.39        12.87     13        3.64157e+10   -7.08107e+10     0.08892         0.38314        1.29020      0.014166
       487        487    39.45493241    21.13442452    25.94602550    96.70   171.48    23.43  2.03372e+08      14.16    13.30       3.45    17.27   0.024182      -0.4728       -0.577       -0.666   1.000000  -0.212777   0.028876   0.976674   0.822757   0.673646   0.728368   0.125225   0.730185  -0.707762   0.684577  -0.174432   229.71        14.15     13        3.03257e+10   -3.15444e+10     0.31359         1.23261        0.97991      0.006986
       475        475    39.44572624    20.97112133    25.76486160    93.16   145.49    61.32  1.98361e+08      14.02    13.68       3.00    13.46   0.023692       0.6891       -0.191        0.699   1.000000  -0.252922   0.468302   0.846595   0.944465   0.662570   0.721484  -0.201151   0.842950   0.705004  -0.510053   0.492762   230.87        14.02     13        1.79605e+10    -3.1031e+10     0.41073         0.96617        2.05438      0.022866
       468        468    38.95067964    21.66072119    26.12058903   230.91   -88.27   -48.03  1.95437e+08       7.09    20.68       2.56    20.34   0.005903      -0.7683       0.5608      -0.3086   1.000000   0.585841   0.597021   0.548048   0.900464  -0.697534   0.027172   0.716036   0.870344  -0.412597   0.801766  -0.432361  1761.52       0.9297     13        4.04231e+10   -7.28535e+10     0.16746         0.33124        1.05936      0.006475
       446        446    38.90757771    21.63456745    26.17638495   137.86  -146.80   152.27   1.8625e+08       7.93    16.24       4.81    19.96   0.030254      -0.5405      -0.8348       0.1047   1.000000  -0.250778   0.843974   0.474151   0.836666   0.178566  -0.441068   0.879530   0.780036   0.951433   0.305233  -0.040095  1199.86        1.527     12         3.7104e+10   -4.28914e+10     0.23152         0.57442        3.33098      0.015558
       444        444    38.56317326    21.43174697    25.29576289   168.20   154.17    51.05  1.85415e+08      13.79    13.73       4.39    13.05   0.035583      -0.3206       0.3265       0.8892   1.000000   0.403653   0.487078   0.774480   0.846692   0.298123   0.730283  -0.614662   0.831943   0.864978  -0.479001  -0.149572   227.03        13.76     12         1.5799e+10   -3.04212e+10     0.40754         0.53198        2.16753      0.038532
       423        423    38.58224778    21.48227125    25.42669886   221.39   142.95    30.40  1.76645e+08      13.51    11.87       3.97    13.09   0.037452      -0.4484       -0.799       0.4007   1.000000   0.823032   0.495633   0.277429   0.914593  -0.530092   0.494816   0.688592   0.778927  -0.204012   0.713796  -0.669981   229.67        13.51     12        1.51447e+10   -2.33244e+10     0.22355         0.76915        2.53992      0.031522
       421        421    39.29332372    20.93571357    25.64392756   128.04   161.08    55.10   1.7581e+08      13.47    11.46      10.44    12.69   0.076757      -0.3207       0.3297        0.888   1.000000  -0.511600   0.725505  -0.460335   0.775757   0.592856   0.685853   0.422051   0.681940   0.621922  -0.056991  -0.781002   231.05        13.47     12        1.41537e+10   -1.97179e+10     0.42683         2.47760        9.27020      0.053441
       412        412    38.85342358    21.07324526    25.81985349   181.30   197.18    13.79  1.72052e+08      13.41    12.84       6.47    15.04   0.092707        0.918      -0.2923        0.268   1.000000   0.116419   0.730728   0.672669   0.800857  -0.501400  -0.541395   0.674900   0.693366   0.857348  -0.415847   0.303358   229.15        13.39     12        1.94515e+10   -2.49776e+10     0.33803         0.52532        2.18865      0.065583
       390        390    38.80383301    21.72680921    25.90443541   -56.23    28.38     1.21  1.62864e+08      12.62    14.89       3.68    14.87   0.025974      -0.3426       0.9382      0.04881   1.000000   0.412551  -0.480203   0.774084   0.860615   0.869658   0.460523  -0.177802   0.731689  -0.271102   0.746541   0.607602   260.04        11.21     12        1.80116e+10   -3.09888e+10     0.23023         0.49801        2.34174      0.028861
       386        386    39.17705862    21.46310575    26.37699646    36.79   163.42   -16.76  1.61194e+08      13.17    11.51       7.74    14.90   0.048961       0.6766      -0.3746       0.6339   1.000000  -0.187755  -0.132422   0.973248   0.938253   0.739005  -0.671754   0.051165   0.784011   0.647008   0.728842   0.223986   226.49        13.14     12        1.78954e+10   -1.89975e+10     0.44162         0.84976        5.24066      0.016363
       369        369    38.73322100    21.59554768    25.74514246    46.73    -5.95   141.01  1.54095e+08      13.04    11.54       5.62    12.66   0.048223     -0.03594       -0.926       0.3757   1.000000   0.573791  -0.776322  -0.260937   0.969238   0.818960   0.547088   0.173205   0.835716   0.008292  -0.313080   0.949691   223.08        12.99     12        1.23392e+10   -1.85877e+10     0.38407         0.60038        3.72675      0.039944
