#  npart(1)  nvpart(2)      Xc(3)          Yc(4)          Zc(5)      VXc(6)   VYc(7)   VZc(8)    Mvir(9)      Rvir(10) Vmax(11)   Rmax(12) sigV(13) lambda(14)      Lx(15)       Ly(16)       Lz(17)     a(18)     Eax(19)    Eay(20)    Eaz(21)     b(22)     Ebx(23)    Eby(24)    Ebz(25)     c(26)     Ecx(27)    Ecy(28)    Ecz(29) ovdens(30)    Redge(31) nbins(32)     Ekin(33)       Epot(34)   mbp_offset(35)  com_offset(36)   r2(37)      lambdaE(38)
    997848     997848    38.44255742    21.25028942    26.01998779   110.94    92.22    14.33  4.16703e+11     182.10   206.13      48.15   236.06   0.034312      -0.2821       0.6965       0.6597   1.000000  -0.545993   0.459233  -0.700712   0.756155  -0.315662   0.661978   0.679811   0.615244   0.776047   0.592360  -0.216473   221.50        182.1     33        1.16103e+16   -1.53431e+16     0.09256        23.73100       34.74088      0.025084
     43347      43347    38.42016998    21.26203801    26.00452470     9.95   236.38   -17.07  1.81018e+10      18.18   127.92      12.48   188.20   0.089534       0.4667       0.8345       0.2927   1.000000  -0.480611   0.721324  -0.498703   0.835265   0.606852   0.684100   0.404645   0.806277   0.633043  -0.108162  -0.766523  9670.68       0.4164     25        3.20564e+14   -2.37022e+14     0.07685         0.66101       11.40648      0.071222
     40101      40101    38.13380011    20.93019896    25.28242395   151.27   130.79    41.82  1.67462e+10      62.38    69.73      12.63    74.94   0.061327        -0.89      0.00739        0.456   1.000000  -0.311923   0.931066  -0.189261   0.797794   0.686442   0.358567   0.632635   0.677749  -0.656888  -0.067416   0.750968   221.43        62.38     25        4.70191e+13   -7.26507e+13     0.09396         3.27431        5.71688      0.054107
     38144      38144    37.87032927    21.94876539    25.78431230   138.22    65.90     1.01   1.5929e+10      61.35    64.68      31.64    69.95   0.059356      -0.9289       0.2161      -0.3008   1.000000  -0.285886   0.815027  -0.503985   0.759770  -0.430548   0.360612   0.827398   0.729653   0.856094   0.453531   0.247814   221.44        61.34     24         3.8975e+13   -6.18486e+13     0.24821         2.29191        7.58011      0.051575
     25112      25112    38.69414396    20.93262025    26.11945101    28.22   171.19    42.51  1.04868e+10      53.37    52.67      42.06    60.77   0.061426      -0.7439      -0.1918      -0.6402   1.000000   0.201657   0.970783  -0.130056   0.743278   0.978749  -0.204773  -0.010908   0.690614   0.037221   0.125093   0.991447   221.47        53.36     23        1.93609e+13   -2.60292e+13     0.17876         8.01467       37.60761      0.040827
     22900      22900    38.40965043    21.27834514    25.89556802   218.95  -154.04    77.20  9.56307e+09      51.78    61.98      15.98    71.54   0.040993      -0.5491       0.8337     -0.05905   1.000000   0.522117  -0.477675   0.706555   0.789326   0.852695   0.275403  -0.443919   0.725691   0.017462   0.834254   0.551104   221.03        51.77     23        2.44734e+13   -3.27227e+13     0.20975         1.81193        8.93599      0.032736
     15499      15499    37.96809741    21.82849878    25.40045373    77.31    38.54    54.75   6.4724e+09      45.44    48.48      21.77    51.92   0.032541       0.6244      -0.1403       0.7684   1.000000  -0.085674   0.907485   0.411256   0.983923   0.996305   0.080522   0.029872   0.907422   0.006007  -0.412296   0.911030   221.38        45.44     22        8.72294e+12   -1.39511e+13     0.14484         0.92849       11.87937      0.028633
     14475      14475    37.93229953    21.94872222    25.25035889    81.29    30.76    53.58  6.04478e+09      44.42    49.01      16.36    51.29   0.039729       0.6834       0.5079      -0.5244   1.000000  -0.448568   0.527432   0.721528   0.880353  -0.053238   0.790103  -0.610658   0.832035   0.892162   0.312334   0.326335   221.41        44.41     22        7.95011e+12   -1.36242e+13     0.15556         1.46940        5.36203      0.038552
     12083      12083    38.45891491    21.22627645    26.01507932   257.23   128.39    60.33  5.04588e+09      14.73    71.19      11.85    99.62   0.031621       0.3896       0.5221       0.7587   1.000000   0.408397   0.819768   0.401489   0.981194   0.624740  -0.571708   0.531836   0.832207  -0.665516  -0.033626   0.745626  5064.34       0.6444     21        2.50356e+13   -2.26067e+13     0.06160         1.14321        8.60499      0.013851
     11567      11567    38.85215364    20.97005270    26.58363677    74.89   142.36   -11.05  4.83039e+09      41.21    47.06      12.02    56.43   0.005811      -0.7027      -0.7098     -0.04863   1.000000   0.343705   0.269451   0.899590   0.944025  -0.572345   0.819574  -0.026809   0.838133   0.744505   0.505662  -0.435911   221.48        41.21     21        7.69187e+12   -9.41206e+12     0.09184         1.00746        8.36631      0.003742
      9776       9776    38.10973838    21.67804508    25.82794439   166.01    28.65   -26.40  4.08247e+09      38.98    43.56      15.09    45.30   0.035569      -0.9125      -0.0802      -0.4012   1.000000   0.015931   0.477944   0.878246   0.933752   0.993236  -0.108603   0.041086   0.830673   0.115017   0.871650  -0.476442   221.26        38.97     21        4.18834e+12   -6.98442e+12     0.19613         0.81224       10.64494      0.033608
      9157       9157    38.77279946    21.06722295    26.43732217    93.36   113.15   -51.31  3.82397e+09      38.13    42.12      12.65    45.16   0.040475      -0.4986      -0.8299      -0.2502   1.000000   0.590410  -0.586097   0.554893   0.913702  -0.772142  -0.210013   0.599742   0.774175   0.234972   0.782550   0.576544   221.34        38.13     21        3.89899e+12   -6.12597e+12     0.29777         2.18404        9.13728      0.036040
      7903       7903    38.36082759    21.27792928    25.95178233    45.13    22.56    89.32   3.3003e+09      36.30    44.03      10.39    58.10   0.040014      -0.4364       0.1027       0.8939   1.000000   0.105915  -0.440060   0.891700   0.786143   0.156667   0.892929   0.422058   0.658709   0.981956  -0.094997  -0.163518   221.46         36.3     20        5.57007e+12   -5.53474e+12     0.19520         0.55325        7.19339      0.005073
      6833       6833    38.03661781    21.74682072    25.37272816    70.68    97.05    97.42  2.85347e+09      34.58    37.70      13.34    40.83   0.035181      -0.1024       0.8311      -0.5465   1.000000  -0.680715   0.726473   0.094153   0.860123   0.056650  -0.075938   0.995502   0.821565   0.730355   0.682987   0.010538   221.49        34.58     20        2.37846e+12   -3.71401e+12     0.26848         0.66147        4.59771      0.030959
      5170       5170    38.36752090    21.21603091    26.10591212   319.27    31.13    40.94    2.159e+09      31.51    36.01       9.63    37.46   0.029542       -0.165      -0.9374      -0.3068   1.000000   0.820386   0.334365  -0.463861   0.854795   0.567281  -0.577819   0.586785   0.665465   0.071827   0.744530   0.663713   221.45        31.51     19         1.5151e+12   -2.57336e+12     0.26999         0.79434        5.35879      0.029196
      4797       4797    38.66833310    21.16984334    26.24082717   136.14   201.97  -101.49  2.00323e+09      30.74    33.07      14.94    33.99   0.029039      -0.4228       0.8955       0.1393   1.000000  -0.498726   0.864678  -0.060030   0.939062  -0.528387  -0.248399   0.811853   0.720832   0.687081   0.436611   0.580768   221.24        30.74     19        1.15691e+12   -1.94367e+12     0.21586         1.90306        8.24934      0.026343
      4769       4769    38.71234108    20.96392405    26.11279856    44.95   168.97    34.45  1.99154e+09      24.81    38.34       6.08    49.19   0.051024      -0.7011       0.0531      -0.7111   1.000000   0.342870   0.927855  -0.146711   0.837712   0.891411  -0.370639  -0.260793   0.644179   0.296355   0.041362   0.954182   418.50        13.13     19        2.40916e+12    -2.7243e+12     0.21332         1.21098        3.40773      0.026471
      4726       4726    38.73509738    20.88861790    25.95330780   111.23   193.39    82.41  1.97358e+09      30.59    32.32      12.11    33.83   0.020581      -0.0524        0.928      -0.3689   1.000000   0.789646   0.339569  -0.511031   0.807914  -0.604466   0.573430  -0.552990   0.739583   0.105262   0.745568   0.658064   221.39        30.58     19        1.12935e+12   -1.93821e+12     0.24768         0.43140        4.29805      0.019165
      4600       4600    38.31270725    21.32446237    26.07406418    43.36   113.57  -109.71  1.92097e+09      30.31    33.19      10.33    37.30   0.028102      -0.2605       0.3026      -0.9168   1.000000   0.865081  -0.059157  -0.498132   0.830984   0.452520   0.520559   0.724047   0.693510  -0.216475   0.851774  -0.477095   221.36        30.31     19        1.33639e+12   -1.97191e+12     0.33948         1.01609        6.06521      0.023725
      4176       4176    38.76920062    21.24676827    25.52069136    38.38    22.08    61.67   1.7439e+09      29.35    30.98      11.09    34.55   0.002355       -0.942        0.224       0.2501   1.000000   0.209919   0.974218   0.082659   0.931321   0.859475  -0.143568  -0.490603   0.862999   0.466087  -0.174031   0.867454   221.31        29.35     18        1.04081e+12   -1.55038e+12     0.19801         0.49231        7.75823      0.001930
      4132       4132    37.85652631    21.98888084    25.43915752    53.22     5.80    29.50  1.72553e+09      29.25    29.62      22.13    32.07   0.041552      -0.2531       -0.964     -0.08201   1.000000   0.767458   0.514586   0.382374   0.851170   0.133383  -0.711546   0.689864   0.787265  -0.627071   0.478439   0.614718   221.35        29.25     18        8.87299e+11   -1.40562e+12     0.10460         1.37652       14.70597      0.034643
      3959       3959    38.35169621    21.32988840    25.95833498    27.01    29.53    -8.60  1.65328e+09      26.57    35.74       9.35    44.37   0.041920      -0.8182       0.3942       0.4185   1.000000  -0.184763   0.951445  -0.246202   0.707300  -0.359122   0.167828   0.918077   0.669097   0.914819   0.258043   0.310677   282.97         20.8     18        1.62706e+12   -1.85772e+12     0.16674         1.13953        6.37817      0.023192
      3536       3536    37.93118647    22.03634593    25.13731706    59.09    56.98    80.94  1.47664e+09      27.78    32.56      10.40    35.48   0.034530      -0.7746      -0.5288       0.3469   1.000000  -0.433421   0.845178  -0.312763   0.971753   0.056018   0.371650   0.926681   0.830188   0.899449   0.384123  -0.208426   221.05        27.77     18        9.29643e+11   -1.38271e+12     0.20300         0.95211        5.66690      0.030654
      3462       3462    38.11622831    21.63111256    25.55950003    93.66    65.23   114.77  1.44574e+09      27.58    32.14       9.45    32.69   0.024039       0.5095       0.6629       0.5486   1.000000   0.039364   0.046151   0.998159   0.914715  -0.400144   0.916067  -0.026575   0.808547   0.915606   0.398361  -0.054527   221.19        27.58     18        7.72414e+11   -1.31929e+12     0.19556         1.28306        6.38234      0.023860
      3208       3208    38.42315940    21.38616198    26.11166960    94.04   206.85  -111.05  1.33966e+09      26.93    32.09       6.49    34.38   0.028529      -0.5261      -0.7505          0.4   1.000000   0.313626   0.371800   0.873730   0.836671   0.223611   0.865357  -0.448503   0.792967   0.922842  -0.336037  -0.188260   220.15        26.91     18        7.91772e+11   -1.23575e+12     0.16160         0.54242        2.25077      0.027208
      3133       3133    37.97826091    21.89103942    25.25149387    60.90    76.34    95.57  1.30834e+09      26.69    30.67      10.00    31.42   0.020323      -0.4005      -0.8243      -0.4002   1.000000  -0.221337   0.083760   0.971594   0.816715   0.728315  -0.648350   0.221810   0.747890   0.648512   0.756721   0.082501   220.91        26.68     18        6.45904e+11   -1.10883e+12     0.27391         0.74027        5.45762      0.020174
      2805       2805    38.43676825    21.25087777    26.01503277    92.89  -213.30  -139.44  1.17137e+09       5.12    57.44       4.19    87.57   0.040640       0.0792     -0.01265       0.9968   1.000000   0.061439   0.862057   0.503073   0.920352   0.778529  -0.356797   0.516321   0.740802   0.624594   0.359935  -0.693058 27947.98            0     17        4.49123e+12   -3.17032e+12     0.10961         0.24754        3.12060      0.033351
      2631       2631    38.32131442    21.45619655    25.90585795   164.79    -1.87   202.12  1.09871e+09      25.17    29.53       7.14    30.65   0.041460      -0.2853      -0.2563       0.9235   1.000000  -0.345217   0.919760  -0.186726   0.906465   0.687938   0.383322   0.616284   0.797309  -0.638410  -0.084296   0.765067   221.23        25.16     17         5.1621e+11   -8.40767e+11     0.27950         1.04096        3.83032      0.039848
      2330       2330    38.15668212    20.89663741    25.29511456   165.15   148.74    58.52  9.73011e+08      24.17    28.18       4.56    39.47   0.055210       -0.325       0.7284       0.6032   1.000000   0.718275  -0.585123   0.376446   0.769697   0.432302   0.799267   0.417478   0.619774  -0.545157  -0.137126   0.827043   221.07        24.17     17        7.58057e+11   -6.96008e+11     0.15997         2.66115        2.29847      0.025677
      2070       2070    38.02371649    21.79565419    25.20365551    54.61    94.09   123.38  8.64434e+08      23.22    23.45      18.24    25.86   0.053277       -0.655       0.5578       0.5097   1.000000   0.221327   0.482626   0.847400   0.898728  -0.771853   0.617790  -0.150259   0.757491   0.596034   0.620812  -0.509250   221.49        23.22     17        2.89081e+11    -4.4592e+11     0.19989         2.48086        6.18962      0.043462
      2068       2068    38.27677527    21.50544196    25.66492567   143.46    80.10   150.06  8.63599e+08      23.23    25.38       8.53    26.62   0.034733      -0.7514      0.07823      -0.6552   1.000000   0.047712   0.990708   0.127359   0.901504  -0.392300  -0.098673   0.914529   0.881600   0.918599  -0.093597   0.383948   221.08        23.23     17        3.05996e+11   -5.03367e+11     0.08992         0.93130        3.58146      0.031821
      2059       2059    38.44930012    21.24818847    26.03245168    78.32   209.63   -83.50  8.59841e+08      12.30    40.80       4.92    51.49   0.038040       0.2953       0.8627      -0.4105   1.000000   0.390206   0.034661   0.920075   0.702008  -0.142819   0.989475   0.023295   0.615948   0.909583   0.140494  -0.391050  1484.20        1.835     17        1.13981e+12   -1.23935e+12     0.17573         0.71471        3.50809      0.018085
      1967       1967    37.87389462    21.97586414    25.69387021   154.79    50.54    24.85  8.21422e+08      22.84    26.66       7.78    26.23   0.008846       0.7793       -0.625      0.04642   1.000000  -0.236536  -0.505598   0.829711   0.949587   0.936215   0.109828   0.333824   0.906409  -0.259907   0.855750   0.447370   221.37        22.84     16        2.82662e+11   -5.14487e+11     0.23550         0.78154        5.24295      0.009156
      1925       1925    38.72213312    20.99690303    26.50730102   101.23    79.33   -72.71  8.03882e+08      22.70    27.18       5.49    28.47   0.017543       0.3312       0.1196       0.9359   1.000000   0.756682  -0.653622   0.014494   0.904014   0.397725   0.477806   0.783273   0.864104   0.518890   0.586924  -0.621509   220.51        22.69     16        3.25779e+11   -5.21596e+11     0.15962         0.25979        1.54389      0.017001
      1876       1876    38.26710172    21.30088585    25.92144615    27.98    34.70   107.86   7.8342e+08      22.48    28.53       3.35    31.48   0.031170      -0.1691       0.9812      0.09317   1.000000   0.304777  -0.386276   0.870575   0.770510  -0.095132   0.897145   0.431370   0.710032   0.947661   0.214291  -0.236682   221.44        22.48     16        3.88291e+11   -5.48888e+11     0.19857         0.22379        2.25131      0.027931
      1876       1876    38.52674338    21.35057877    26.30859908   122.03     5.09  -103.88   7.8342e+08      22.50    24.03      13.47    25.19   0.065476       -0.695      -0.6497      -0.3079   1.000000  -0.675419   0.720449  -0.157363   0.814904   0.553897   0.636507   0.536710   0.728858  -0.486835  -0.275341   0.828963   220.78        22.49     16        2.48549e+11   -4.19093e+11     0.20576         0.63717        9.24635      0.060491
      1821       1821    37.84531731    22.07216042    25.72392889   137.50    62.31    76.03  7.60452e+08      22.25    23.58       9.94    25.18   0.029293       0.6865      -0.3542      -0.6351   1.000000   0.137083   0.972671   0.187400   0.938078   0.493312  -0.231092   0.838594   0.844294   0.858983  -0.022511  -0.511510   221.49        22.25     16         2.4098e+11   -3.90941e+11     0.16371         0.95701        5.12639      0.026000
      1738       1738    38.33793936    21.32437410    25.82680120   186.44   -62.12   157.90  7.25791e+08      21.91    23.32      10.55    26.62   0.050123      0.07435       0.6748      -0.7343   1.000000  -0.426200   0.754692  -0.498791   0.937618  -0.187397   0.465761   0.864840   0.868507   0.885006   0.462067  -0.057080   221.32        21.91     16        2.57076e+11   -3.87401e+11     0.39404         0.60547        4.53208      0.043124
      1737       1737    38.87610867    20.98827322    26.62286638   144.62   130.53   -69.38  7.25373e+08      21.92    24.98       5.82    25.91   0.019939      -0.5467       0.4258       -0.721   1.000000  -0.030794   0.389459   0.920529   0.944662   0.981465  -0.162502   0.101584   0.882966   0.189150   0.906595  -0.377237   221.07        21.91     16        2.43566e+11   -4.10226e+11     0.25280         0.51412        3.94491      0.019412
      1680       1680    38.60177414    21.27419152    26.07192039    21.81   186.64  -149.36   7.0157e+08      21.68    22.70       9.74    25.22   0.037491      -0.7965      -0.3697      -0.4785   1.000000   0.493336  -0.547608   0.675829   0.862616  -0.851234  -0.144103   0.504613   0.702604   0.178941   0.824233   0.537234   221.00        21.67     16        2.23179e+11   -3.32252e+11     0.18893         0.62464        8.59708      0.030362
      1674       1674    38.35726086    21.38875294    25.94715049   -34.50   109.53   -13.52  6.99064e+08      20.28    27.78       5.47    32.15   0.027787       0.1423       0.5057       0.8509   1.000000   0.628921   0.767471  -0.124286   0.755599   0.594858  -0.372081   0.712530   0.689330   0.500602  -0.522058  -0.690546   268.93         16.7     16         3.6125e+11   -4.54245e+11     0.14037         0.85774        3.72244      0.020170
      1659       1659    37.85193966    21.99115320    25.76046750   152.69    -2.19    10.17    6.928e+08      21.58    23.66       8.23    29.05   0.046513       0.3481       -0.426      -0.8351   1.000000  -0.305146   0.874978  -0.375899   0.702628   0.920972   0.170722  -0.350235   0.580258   0.242273   0.453065   0.857925   221.12        21.58     16        2.92241e+11   -3.59462e+11     0.33829         4.32916        3.56795      0.029881
      1628       1628    38.09810688    21.82443208    25.27443227   108.28    81.99    99.55  6.79855e+08      21.45    22.06      13.41    23.53   0.043974      -0.1785      0.07411      -0.9811   1.000000   0.757772   0.648185   0.075086   0.826245  -0.607959   0.743127  -0.279548   0.717386  -0.236997   0.166185   0.957191   221.19        21.44     16         1.8828e+11    -2.9696e+11     0.41596         1.80585        7.50729      0.036488
      1541       1541    38.19993603    21.44651866    25.84685335   159.09    11.57   155.87  6.43523e+08      21.06    22.58      10.17    24.75   0.031527     -0.02991       0.2025      -0.9788   1.000000   0.803325  -0.243424   0.543520   0.861797   0.520422   0.730640  -0.441957   0.814873  -0.289535   0.637895   0.713624   221.03        21.06     16        1.97146e+11   -2.93128e+11     0.35860         1.62786        7.11851      0.025739
      1534       1534    39.03157950    20.26773313    25.80309447   115.24   146.92    26.93    6.406e+08      21.03    23.26       7.43    23.90   0.050198       -0.352       0.2756      -0.8945   1.000000  -0.048588   0.975098   0.216386   0.868788   0.494754  -0.164701   0.853283   0.785144   0.867673   0.148517  -0.474432   220.90        21.03     16        1.82896e+11    -3.1409e+11     0.21899         0.50386        3.90885      0.048099
      1394       1394    38.93914241    20.62771597    25.90774886   100.08   174.30    27.86  5.82136e+08      20.38    21.96       5.34    23.02   0.003005      -0.2668       0.9432       -0.198   1.000000   0.497740  -0.298017   0.814519   0.913552  -0.049066   0.927935   0.369497   0.797875   0.865937   0.223879  -0.447248   220.83        20.37     15         1.5421e+11   -2.52654e+11     0.13168         1.51230        2.76017      0.002701
      1331       1331    37.77658889    22.16013436    25.77276343   142.28    57.42     4.41  5.55827e+08      20.08    22.41       6.55    22.59   0.023604        0.599      -0.5835      -0.5484   1.000000  -0.655920   0.492348   0.572155   0.904027   0.470738   0.859346  -0.199825   0.828444   0.590063  -0.138265   0.795430   220.27        20.07     15        1.41815e+11   -2.44529e+11     0.25808         0.91239        4.34572      0.022536
      1300       1300    38.81596431    20.87905293    26.09585618    49.00   186.63    68.14  5.42882e+08      19.90    21.18       6.88    22.89   0.043912      -0.2922      -0.1742       0.9404   1.000000   0.079983   0.656328   0.750224   0.909133  -0.434260   0.700401  -0.566443   0.736470   0.897230   0.280487  -0.341037   221.22        19.89     15        1.42242e+11   -2.20138e+11     0.33798         2.00752        3.57328      0.037207
      1288       1288    38.85750684    20.66071550    25.92223587    99.25   158.42    74.30   5.3787e+08      19.85    21.96       6.81    23.84   0.038143     -0.09049      -0.9015      -0.4233   1.000000  -0.291028   0.950168  -0.111725   0.919506  -0.472582  -0.041235   0.880321   0.784871   0.831847   0.308998   0.461033   220.82        19.84     15        1.52793e+11   -2.34965e+11     0.26257         0.90336        4.60428      0.033462
      1217       1217    38.01970118    21.80255204    25.22927452    65.30    97.58   108.39  5.08221e+08      18.16    21.68       7.52    24.39   0.028972      -0.3427       0.4172       0.8417   1.000000  -0.512977  -0.045932   0.857173   0.775269   0.559467   0.739455   0.374437   0.763195  -0.651039   0.671637  -0.353626   272.13        14.78     15        1.51193e+11   -2.13621e+11     0.08950         0.76212        4.88771      0.022431
      1212       1212    39.03721563    20.86978674    25.64802575    66.32    81.73    50.45  5.06133e+08      19.44    22.02       7.90    24.06   0.069128      -0.7108      -0.3812      -0.5911   1.000000  -0.654819   0.648236   0.388590   0.757618  -0.232120  -0.661797   0.712843   0.723499   0.719258   0.376584   0.583826   221.08        19.44     15        1.46477e+11   -2.09425e+11     0.17410         1.32286        5.67634      0.055827
      1212       1212    38.70564680    20.66812974    26.51314005   154.21   177.34    -4.90  5.06133e+08      19.44    19.67      10.04    21.63   0.019052       0.2467       0.9687     -0.02922   1.000000   0.594256  -0.593341   0.542960   0.786169  -0.730346  -0.115377   0.673263   0.701337   0.336829   0.796639   0.501908   221.20        19.43     15        1.18453e+11   -1.79571e+11     0.57171         2.05167        4.67413      0.015160
      1203       1203    38.24850399    21.53387332    25.54751484   138.46    90.93   135.55  5.02374e+08      19.41    21.59       6.48    23.07   0.029020        0.584      -0.8095     -0.06122   1.000000   0.469317  -0.086856   0.878748   0.922419   0.673595   0.678686  -0.292668   0.804175  -0.570974   0.729275   0.377025   220.55         19.4     15        1.33701e+11   -2.10279e+11     0.18203         0.49642        3.29450      0.026021
      1156       1156    38.21929003    21.51616061    25.78246701   168.23   106.49   168.90  4.82747e+08      19.28    20.16      11.85    21.27   0.063285       0.5927      -0.1311       0.7947   1.000000  -0.010299   0.791265   0.611387   0.965074  -0.204061  -0.600216   0.773369   0.792261   0.978904  -0.116796   0.167648   216.15        19.22     15        1.09153e+11   -1.75073e+11     0.38241         1.44871        8.28530      0.054609
      1151       1151    38.12379835    21.76974036    25.75095095   148.85    32.76    71.34  4.80659e+08      19.11    20.35       8.85    21.89   0.013059      -0.7797       0.3055      -0.5465   1.000000  -0.006095   0.120255   0.992724   0.883599   0.867423   0.494568  -0.054584   0.824502  -0.497534   0.860780  -0.107326   221.08         19.1     15        1.15182e+11   -1.80262e+11     0.29204         0.73571        3.63155      0.011195
      1090       1090    38.42098923    21.27720489    26.11600841     5.25   244.18   -89.42  4.55185e+08      17.57    27.82       3.62    27.10   0.012065       0.6852       0.3047       0.6615   1.000000   0.095519  -0.185562   0.977979   0.938600  -0.674369   0.710597   0.200694   0.746276   0.732190   0.678689   0.057261   269.34        14.45     15        1.67111e+11   -2.86588e+11     0.29467         0.29094        2.46135      0.014190
      1076       1076    38.81347851    20.99549502    26.54433371    77.94   143.56    25.09  4.49339e+08      18.72    20.82       6.52    22.82   0.032472        0.157     -0.03799      -0.9869   1.000000   0.677959   0.009794   0.735034   0.961381  -0.681052   0.384689   0.623043   0.805217   0.276658   0.922994  -0.267474   220.00         18.7     15        1.17005e+11   -1.74787e+11     0.19518         0.63701        4.42698      0.027768
      1046       1046    38.72278586    20.49950745    25.57748879   129.47   147.76    46.01  4.36811e+08      18.54    19.69       8.35    20.38   0.029301      -0.9218      0.01866      -0.3873   1.000000   0.780144  -0.603575   0.164539   0.923597   0.616841   0.785997  -0.041428   0.813759  -0.104322   0.133815   0.985500   219.91        18.53     15        9.06729e+10   -1.53871e+11     0.27424         0.63758        7.37435      0.026830
      1031       1031    38.40138822    20.58185319    26.68176278   183.05   153.24    -7.98  4.30547e+08      18.42    18.29      14.66    19.71   0.023829       -0.797      -0.5454      -0.2595   1.000000   0.494954   0.750218  -0.438398   0.848327   0.821312  -0.239217   0.517901   0.683165   0.283666  -0.616399  -0.734565   221.03        18.41     15        8.36628e+10   -1.23024e+11     0.54770         1.96290       13.16452      0.017414
      1022       1022    39.04473016    20.19420973    25.78827707   110.14   151.09    32.52  4.26788e+08      18.41    18.85      11.83    21.25   0.026600      -0.1901      -0.4772       -0.858   1.000000  -0.452153   0.891752  -0.018332   0.758767   0.360571   0.201544   0.910697   0.649537   0.815810   0.405164  -0.412668   219.64        18.38     15        9.63437e+10    -1.3727e+11     0.42553         2.24900        5.48508      0.019988
      1007       1007    38.42696279    21.26117106    26.14424720   254.56   126.17    73.67  4.20524e+08      16.36    23.87       3.95    25.15   0.040815       0.5369      -0.5747      -0.6176   1.000000  -0.252137  -0.492463   0.833011   0.919489   0.237062   0.803159   0.546569   0.788842   0.938205  -0.335286   0.085762   308.17        11.76     15        1.33016e+11   -2.03543e+11     0.34892         0.89699        3.53110      0.038523
       992        992    38.84271591    20.73403975    25.96651732    94.57   168.78    72.28   4.1426e+08      18.21    20.54       5.25    20.85   0.030256      -0.9015      -0.3612       0.2385   1.000000  -0.121183   0.990164   0.069933   0.886658  -0.286726  -0.102366   0.952528   0.757485   0.950317   0.095378   0.296311   220.32        18.19     15        9.00462e+10   -1.55082e+11     0.23125         0.71321        2.83944      0.029365
       992        992    38.34415872    21.38720450    26.22062205   132.44    -4.17    45.66   4.1426e+08      18.22    22.25       4.74    21.83   0.007066        0.667       0.3053      -0.6797   1.000000  -0.291562   0.490074   0.821474   0.927339  -0.183992   0.814017  -0.550929   0.780767   0.938690   0.311775   0.147167   219.77        18.21     15        9.87266e+10   -1.79666e+11     0.12234         0.22437        3.19126      0.007654
       966        966    38.06786104    21.47968168    25.34611250   135.53   107.52   104.11  4.03403e+08      18.07    20.45       5.23    20.48   0.019070      -0.2775    -0.005626       0.9607   1.000000   0.336415   0.363978   0.868530   0.885746   0.647253   0.580544  -0.493997   0.736851  -0.684024   0.728347  -0.040283   219.26        18.05     15        8.45887e+10   -1.45941e+11     0.33427         0.41697        2.83448      0.018393
       960        960    38.02777720    21.93823917    25.17079516   108.57    96.92    95.66  4.00897e+08      17.99    18.59      10.37    20.14   0.020062      -0.7908      0.02814       0.6114   1.000000   0.082313   0.043005   0.995678   0.943864   0.574293   0.814467  -0.082655   0.876856   0.814501  -0.578614  -0.042344   221.16        17.98     14        8.13059e+10   -1.27305e+11     0.20821         0.78095        6.92690      0.016819
       956        956    37.86127777    21.06863835    26.55929159   169.62   124.10   -22.18  3.99227e+08      18.01    19.67       7.15    24.61   0.039620      -0.8401       0.3377       0.4244   1.000000   0.663954   0.180282   0.725716   0.797522   0.734034   0.028051  -0.678533   0.665826  -0.142685   0.983215  -0.113708   219.51        17.98     14        1.20945e+11   -1.37356e+11     0.35128         0.87673        3.20830      0.019933
       929        929    38.86036526    20.81320110    25.96711790    70.91   191.39    44.16  3.87951e+08      17.82    18.48      10.60    20.21   0.037695       0.1967       0.2104       0.9576   1.000000   0.813497   0.438970  -0.381481   0.960611   0.128152   0.504523   0.853835   0.872351  -0.567274   0.743480  -0.354173   220.07         17.8     14         7.9234e+10   -1.21785e+11     0.23770         0.57795        4.31137      0.031262
       922        922    38.33414723    21.35111252    25.82747976   232.15   -76.66   118.51  3.85028e+08      17.73    21.23       5.61    23.80   0.039793      -0.5092       0.7521       0.4184   1.000000  -0.120119   0.915839  -0.383159   0.920532  -0.394751   0.310068   0.864887   0.816601   0.910903   0.255142   0.324283   221.72        17.71     14        1.09072e+11   -1.60183e+11     0.06627         0.41069        2.76447      0.036352
       918        918    38.32999992    21.24351222    25.92942242   -77.09   129.23    26.83  3.83358e+08      17.75    21.29       7.38    32.04   0.076200      -0.9959     -0.06133      0.06706   1.000000   0.093304   0.346331   0.933461   0.744321  -0.645201   0.735086  -0.208239   0.555572   0.758294   0.582840  -0.292040   219.93        17.74     14        1.96801e+11   -1.52641e+11     0.27305         0.74680        3.44353      0.065028
       895        895    38.66223276    21.02619871    26.43426669   183.76   182.52   -57.26  3.73753e+08      17.57    19.98       5.18    20.59   0.029819       0.3246       0.4064      -0.8541   1.000000   0.842957   0.045686   0.536037   0.881587   0.182438   0.913071  -0.364717   0.776374  -0.506102   0.405235   0.761344   221.33        17.56     14         7.9236e+10   -1.28472e+11     0.44152         0.41153        3.62209      0.027415
       879        879    38.40451555    21.29760550    25.93055110    17.61    16.50  -158.51  3.67071e+08      17.23    22.53       6.20    32.86   0.042920       -0.374       0.8688       0.3244   1.000000   0.248770   0.884745  -0.394131   0.844469   0.783582   0.055342   0.618819   0.603794   0.569309  -0.462777  -0.679503   230.37        16.56     14        1.98145e+11   -1.62648e+11     0.32362         1.64349        3.29684      0.033786
       860        860    38.40243459    20.86428337    25.78750327   169.35   205.95    30.62  3.59137e+08      17.35    18.37       7.79    19.20   0.057530      -0.9614     -0.04894      -0.2706   1.000000   0.001737   0.993711   0.111962   0.889654  -0.210514  -0.109090   0.971485   0.817238   0.977589  -0.025257   0.209001   220.69        17.34     14        6.61836e+10   -1.12248e+11     0.21791         0.47299        1.81258      0.052915
       845        845    38.36121710    21.48855297    25.91664363    -0.77   -98.27    51.96  3.52873e+08      17.28    17.83      10.51    18.80   0.043468       0.7179      -0.1001       -0.689   1.000000   0.343058  -0.011850   0.939240   0.921021   0.391217   0.910869  -0.131400   0.741181   0.853967  -0.412525  -0.317117   219.59        17.26     14        6.23765e+10   -1.01416e+11     0.28056         1.18932        4.43793      0.037381
       790        790    38.25382112    21.20122419    25.52252095   151.60   155.97    69.77  3.29905e+08      16.85    17.15       6.68    18.76   0.035900       0.6318      -0.7514       0.1906   1.000000   0.769162   0.479957  -0.421938   0.925515  -0.638145   0.541651  -0.547161   0.837824  -0.034071   0.690113   0.722900   221.36        16.85     14        5.80689e+10   -8.87041e+10     0.53018         0.59929        3.77086      0.028888
       789        789    38.46589564    21.29001633    26.24456553   137.11    15.56  -147.01  3.29487e+08      16.87    17.31      10.52    19.19   0.017765       0.8017      -0.3227       0.5031   1.000000   0.799178  -0.041730  -0.599645   0.954657   0.523967   0.537241   0.660931   0.795842  -0.294573   0.842396  -0.451217   220.42        16.85     14        6.06968e+10   -8.92152e+10     0.56254         0.57192        7.43983      0.013816
       764        764    38.38443878    21.30920672    25.90635721   234.51   155.87  -174.04  3.19047e+08      11.86    21.99       6.75    26.12   0.020281      -0.6961      -0.7024       0.1484   1.000000   0.896391  -0.292279   0.333252   0.779166   0.421996   0.792786  -0.439784   0.706182  -0.135658   0.534849   0.833986   613.99        4.278     14        1.08821e+11    -1.3609e+11     0.17592         0.55110        4.46933      0.013357
       761        761    37.71927470    21.82177456    25.91688620   193.31   126.69     4.07  3.17795e+08      16.64    16.96      12.59    18.39   0.032215      -0.9367         0.34     -0.08386   1.000000   0.550706  -0.469332   0.690254   0.952918  -0.779676   0.006037   0.626154   0.855283   0.298042   0.883001   0.362602   221.30        16.64     14        5.37563e+10   -8.43809e+10     0.25911         1.27944        8.36759      0.026740
       752        752    37.88601300    21.92044163    25.78178416   135.41     5.87    -2.99  3.14036e+08      15.37    18.74       9.09    29.04   0.062784       0.3199       0.2026      -0.9255   1.000000   0.856182   0.505219   0.108194   0.826241  -0.190068   0.113258   0.975216   0.712578  -0.480444   0.855527  -0.192996   277.43        12.27     14        1.32412e+11   -9.72027e+10     0.30726         1.96014        8.04411      0.054348
       740        740    38.88230246    20.82145458    25.98328519    89.88   162.16    64.74  3.09025e+08      16.50    16.98       9.92    19.53   0.027174     -0.06313        0.456      -0.8878   1.000000  -0.291989   0.304914   0.906515   0.848536   0.761915   0.647082   0.027762   0.832514   0.578124  -0.698794   0.421260   220.84        16.49     14        5.89612e+10    -8.3919e+10     0.36769         0.49934        2.46573      0.020850
       729        729    38.88111802    20.75515151    26.34575972   132.89   181.88     3.02  3.04431e+08      16.40    16.61       8.17    19.44   0.093594       0.9312      -0.2469        0.268   1.000000  -0.167922   0.887771   0.428561   0.817749   0.164928  -0.403306   0.900079   0.605662   0.971906   0.221825  -0.078695   221.39         16.4     14         5.7538e+10   -7.67915e+10     0.38512         1.43503        3.65218      0.063838
       718        718    38.24060384    21.49427790    25.54318015   155.89    89.72   142.44  2.99838e+08      16.32    16.66      12.69    23.49   0.080275       -0.691       0.6623       0.2895   1.000000   0.889356  -0.072454  -0.451438   0.706633  -0.099453   0.933067  -0.345681   0.606606   0.446268   0.352331   0.822623   221.25        16.32     14        8.27055e+10   -7.61649e+10     0.37508         3.55030        2.49377      0.032324
       713        713    38.05629332    21.96131682    25.13758770   115.10    95.98   100.49   2.9775e+08      16.29    16.55      12.81    18.64   0.061384       0.1108      -0.8203       0.5611   1.000000   0.841366  -0.479383  -0.249590   0.940670   0.082020  -0.343204   0.935673   0.766316   0.534206   0.807715   0.249442   221.18        16.28     14        5.17399e+10   -7.36462e+10     0.22431         0.78441        5.57036      0.045501
       702        702    38.25631718    21.22815946    25.94732120   134.87    18.84    72.94  2.93156e+08      16.20    19.93       3.89    20.31   0.021581       0.9969     -0.07852    -0.006094   1.000000   0.955545   0.289102   0.057910   0.892725  -0.184720   0.740074  -0.646660   0.802633  -0.229809   0.607216   0.760577   221.23         16.2     14        6.04626e+10   -9.83198e+10     0.18233         0.30448        1.92265      0.021303
       701        701    39.05850946    20.70083779    26.47475108    96.19   130.81    -1.83  2.92738e+08      16.20    18.35       5.97    19.78   0.053376       0.9965      0.02988     -0.07815   1.000000  -0.250202   0.055108   0.966624   0.876648   0.476743   0.875968   0.073460   0.839962   0.842684  -0.479211   0.245441   220.79         16.2     14        5.72768e+10   -8.57707e+10     0.25021         0.31141        4.14042      0.045780
       700        700    38.75661161    21.21040192    25.51487601    66.82    29.87    68.54  2.92321e+08      16.28    18.89       3.56    20.22   0.041070      -0.1415      -0.4865       0.8621   1.000000   0.968053  -0.049807   0.245749   0.977188   0.021362   0.992892   0.117085   0.832356  -0.249834  -0.108095   0.962236   217.57        16.24     14        5.97391e+10   -9.18047e+10     0.38139         1.01484        2.45137      0.037504
       666        666    38.41077647    21.29863455    26.04263920   270.14  -187.16   125.83  2.78122e+08       8.94    23.27       4.46    24.87   0.038949      -0.3694       0.9263      0.07438   1.000000  -0.067858   0.621744   0.780275   0.938255  -0.305090   0.731683  -0.609557   0.919489   0.949903   0.279418  -0.140037  1250.30        1.583     14          8.602e+10   -1.28818e+11     0.28653         0.63983        3.17011      0.032003
       665        665    38.15204309    21.65450625    25.37148076   136.31   104.59   110.71  2.77705e+08      15.94    18.43       5.33    18.87   0.015055      -0.4941       0.4935       0.7157   1.000000   0.237770  -0.262312   0.935232   0.902367   0.186376   0.957274   0.221111   0.821273   0.953273  -0.121731  -0.276500   220.27        15.93     14         4.9448e+10   -8.39264e+10     0.21319         0.74789        3.56736      0.014848
       631        631    38.48833697    21.21183404    26.03013716   187.67    -4.97   101.03  2.63506e+08      14.87    20.78       4.39    28.35   0.012972       0.9857      -0.1652      0.03375   1.000000   0.968987   0.210317   0.129738   0.862524  -0.236768   0.639856   0.731113   0.849193  -0.070752   0.739156  -0.669808   257.22         12.8     13        1.05897e+11   -9.92276e+10     0.22451         0.42604        3.81163      0.005728
