#  npart(1)  nvpart(2)      Xc(3)          Yc(4)          Zc(5)      VXc(6)   VYc(7)   VZc(8)    Mvir(9)      Rvir(10) Vmax(11)   Rmax(12) sigV(13) lambda(14)      Lx(15)       Ly(16)       Lz(17)     a(18)     Eax(19)    Eay(20)    Eaz(21)     b(22)     Ebx(23)    Eby(24)    Ebz(25)     c(26)     Ecx(27)    Ecy(28)    Ecz(29) ovdens(30)    Redge(31) nbins(32)     Ekin(33)       Epot(34)   mbp_offset(35)  com_offset(36)   r2(37)      lambdaE(38)
   1801187    1801187    39.72633873    22.32477342    26.21681933   105.23    98.59    19.97  7.52178e+11     201.35   187.16      32.45   181.79   0.020305     -0.07733       0.5734       0.8156   1.000000  -0.042389  -0.028977   0.998681   0.928523   0.974542  -0.221467   0.034939   0.858254   0.220162   0.974737   0.037627   295.74        201.3     35        1.24286e+16   -2.24435e+16     0.03801         3.07226       14.69851      0.023237
     94106      94106    39.43735832    22.51439223    26.17871043   201.20    18.08    52.16  3.92988e+10      75.27    59.11      10.12    61.93   0.067043       -0.516       0.4052       0.7547   1.000000   0.698492  -0.434612   0.568526   0.930823  -0.449766   0.351317   0.821150   0.841487   0.556614   0.829270  -0.049919   295.73        75.27     27        7.53556e+13   -1.24815e+14     0.04152         4.94530        7.00548      0.063099
     67538      67538    39.40663285    22.41108692    26.09781791   171.00    31.80    94.17  2.82039e+10      67.41    64.62      10.39    63.51   0.045359      -0.6736       0.6003      -0.4311   1.000000   0.202722   0.510056   0.835911   0.959991  -0.679600   0.687869  -0.254910   0.911965   0.705016   0.516410  -0.486080   295.49        67.41     26        5.68835e+13   -1.00369e+14     0.05445         1.09093        4.11267      0.052783
     29919      29919    39.65095336    22.21280709    26.28293680   147.33   165.08   -57.78  1.24942e+10      51.38    64.67       4.40    61.26   0.031359      -0.3606      -0.7372       0.5714   1.000000   0.488473   0.750606  -0.444955   0.852559  -0.233457   0.603763   0.762213   0.784540   0.840769  -0.268442   0.470156   295.72        51.38     24        2.34467e+13   -4.03536e+13     0.04673         0.58440        2.24275      0.044840
      5143       5143    39.55893188    22.50452764    26.17154075   197.31    13.01    98.29  2.14772e+09      28.59    29.68       4.63    28.69   0.028619      -0.1011       -0.989       0.1079   1.000000   0.982919  -0.112570   0.145599   0.895110   0.095672   0.988361   0.118278   0.839633  -0.157219  -0.102328   0.982248   295.01        28.58     19        8.83785e+11   -1.59793e+12     0.18286         0.37008        3.15723      0.036499
      4361       4361    40.08012774    22.41034967    26.30876398    37.20   119.45   -56.84  1.82116e+09      27.07    22.23       6.94    21.82   0.045142      -0.9267      0.01684      -0.3754   1.000000  -0.361469   0.225704   0.904654   0.821195   0.819285   0.540066   0.192616   0.699738  -0.445099   0.810793  -0.380133   294.69        27.06     19        4.33631e+11   -7.58125e+11     0.10707         1.15158        4.65225      0.044532
      4318       4318    40.14535530    22.11974589    26.13148160    39.77   164.61    31.60   1.8032e+09      26.99    26.95       3.35    25.85   0.031083      -0.6221       0.7829    -0.007198   1.000000   0.663390   0.109029   0.740288   0.929080   0.025259   0.985501  -0.167778   0.814740   0.747848  -0.130001  -0.651017   294.41        26.98     19        6.02632e+11   -1.06862e+12     0.11028         0.49920        2.28571      0.037057
      3950       3950    39.46782074    22.49185616    26.23347706   262.35    37.61    34.21  1.64952e+09      26.17    31.10       3.03    30.35   0.024898      -0.4289       0.7835       0.4496   1.000000  -0.162796  -0.360312   0.918517   0.949187   0.842775   0.433301   0.319345   0.802829  -0.513058   0.826091   0.233122   295.46        26.17     18        7.59464e+11   -1.28966e+12     0.15532         1.11441        1.55648      0.034081
      2852       2852    39.57007784    22.31729079    26.27388416   101.21   168.27    77.36    1.191e+09      23.52    28.77       3.09    26.70   0.026049       0.9475      -0.2334       0.2184   1.000000   0.812396   0.579032  -0.068809   0.800960  -0.329421   0.553119   0.765207   0.789816  -0.481138   0.598984  -0.640097   293.80        23.51     17        4.24429e+11   -7.74985e+11     0.14998         0.34804        2.02352      0.038071
      2236       2236    39.48989638    22.49605681    26.13799639   224.31    15.90    90.77  9.33756e+08      21.71    22.98       2.94    21.76   0.024042      -0.2406      -0.9505       0.1968   1.000000  -0.320215   0.470861   0.822042   0.860743  -0.917209   0.063030  -0.393390   0.842448   0.237045   0.879953  -0.411694   292.71         21.7     17        2.20967e+11    -4.0868e+11     0.15753         0.27040        1.93646      0.031511
      1996       1996    39.45593172    22.41449386    26.15387562   238.15    40.95    19.40  8.33532e+08      20.84    21.30       2.52    19.81   0.013903       0.6395      -0.7688    -0.002448   1.000000   0.843860  -0.280645  -0.457317   0.946913   0.347929   0.935037   0.068204   0.888364   0.408467  -0.216668   0.886685   295.66        20.84     16        1.63614e+11   -3.13502e+11     0.06633         0.52296        1.62189      0.017870
      1978       1978    39.64948764    22.33375934    26.12427682   243.07    50.62   -13.72  8.26015e+08      17.46    28.35       2.27    26.56   0.007893      -0.5319      0.04316      -0.8457   1.000000   0.904863  -0.132253   0.404637   0.859955  -0.367431   0.237381   0.899247   0.764005   0.214982   0.962372  -0.166204   498.05        10.37     16        2.91352e+11   -5.56689e+11     0.09220         0.19246        1.47889      0.012467
      1934       1934    39.56571201    22.34549620    26.00687503   180.10    30.74    96.15  8.07641e+08      20.80    22.86       3.43    21.36   0.013785       0.6409      -0.5857      -0.4962   1.000000   0.999263  -0.023256  -0.030537   0.970811   0.037483   0.419890   0.906801   0.947808   0.008266   0.907277  -0.420452   288.22        20.76     16         1.8423e+11   -3.59943e+11     0.11982         0.38426        1.64030      0.019778
      1863       1863    39.62426232    22.32522717    26.23035396    55.20    50.76    11.81  7.77991e+08      20.49    27.60       2.42    25.69   0.007181       0.8774       0.4646       0.1195   1.000000   0.989797   0.009706  -0.142157   0.699342   0.119961   0.481613   0.868135   0.642518  -0.076890   0.876330  -0.475535   290.43        20.46     16        2.56635e+11   -4.37608e+11     0.09175         0.52005        1.54981      0.010774
      1769       1769    39.81546487    22.32617003    26.33030787   205.96    66.12    -3.72  7.38736e+08      20.12    27.24       2.35    25.08   0.016033     0.008085       0.9925      -0.1218   1.000000   0.345022   0.274655   0.897510   0.800903   0.926624  -0.251908  -0.279125   0.709748   0.149426   0.927959  -0.341416   291.25         20.1     16        2.32395e+11   -4.32441e+11     0.07852         0.22800        1.50387      0.026392
      1482       1482    39.45346083    22.48836736    26.17705598   227.95    -9.55    29.40  6.18885e+08      15.18    20.65       1.54    24.56   0.062221       0.8308        0.477       0.2868   1.000000  -0.469652   0.827466  -0.307777   0.863709  -0.587744  -0.032915   0.808377   0.829889   0.658774   0.560550   0.501797   567.56        7.911     16        1.86686e+11   -2.07657e+11     0.09545         0.44936        1.34519      0.034389
      1384       1384    39.45798167    22.50415114    26.19068561   187.05    55.16    57.04   5.7796e+08      10.33    25.15       1.91    26.61   0.025498      -0.9184      -0.3608      -0.1627   1.000000   0.649242  -0.710082   0.272522   0.921180   0.754373   0.555495  -0.349781   0.804309   0.096989   0.432676   0.896317  1681.76        1.817     15        2.04679e+11   -2.96177e+11     0.11082         0.17800        0.95299      0.026003
      1313       1313    39.43490448    22.50836304    26.17465363   223.24     1.92   107.71   5.4831e+08       5.27    28.14       2.70    33.95   0.034829      -0.9348      -0.2793       0.2194   1.000000   0.329642   0.781627   0.529524   0.808686   0.618948  -0.602442   0.503951   0.741630   0.712909   0.161625  -0.682377 12034.90       0.1295     15        3.15926e+11   -3.67006e+11     0.13940         0.31871        1.55210      0.019975
      1300       1300    39.62255868    22.10053139    26.23651447   149.65    38.11    80.02  5.42882e+08      18.07    19.34       3.26    17.74   0.008135     0.008459      -0.7688       0.6394   1.000000   0.724035   0.647884   0.236686   0.943166   0.293211  -0.599686   0.744583   0.863401   0.624341  -0.469705  -0.624160   295.36        18.07     15          8.544e+10    -1.6361e+11     0.15008         0.44308        2.14987      0.010796
      1275       1275    39.82516015    22.37421017    26.21213429   114.63   113.35  -104.56  5.32442e+08      17.99    23.03       2.77    21.68   0.010893      -0.5103       0.7165       0.4756   1.000000   0.869117   0.412063   0.273568   0.806070  -0.209383  -0.194574   0.958280   0.731369  -0.448101   0.890137   0.082829   293.72        17.98     15         1.2517e+11   -2.25402e+11     0.11570         0.46249        2.39832      0.016652
      1242       1242    39.61580520    22.32496097    26.17372049    37.22    13.31  -139.00  5.18661e+08      18.57    18.72       2.10    20.75   0.052996     -0.03667      -0.7093        0.704   1.000000   0.756677  -0.591890  -0.277679   0.887160  -0.108758  -0.532762   0.839248   0.802038   0.644679   0.604840   0.467501   259.88        18.41     15        1.11694e+11   -1.49739e+11     0.03365         0.48999        1.33044      0.052065
      1238       1238    39.76743955    22.28245369    26.17575589    10.64    81.83   -97.33   5.1699e+08      10.27    29.80       1.60    27.44   0.009817     -0.04865       0.5186      -0.8536   1.000000   0.870742  -0.473395  -0.133061   0.797830   0.382498   0.481982   0.788282   0.689885   0.309036   0.737286  -0.600754  1532.81        1.981     15        1.94641e+11   -3.78115e+11     0.13608         0.07256        1.08052      0.015798
      1138       1138    39.75940651    22.53512750    26.06513070   143.71    88.81   -45.35   4.7523e+08      17.30    19.44       2.49    17.56   0.014778      -0.5044       0.6008      -0.6201   1.000000   0.380220   0.675734  -0.631519   0.911303   0.787815  -0.594329  -0.161617   0.785835   0.484540   0.436070   0.758329   294.53         17.3     15        7.32387e+10   -1.44855e+11     0.19181         0.51317        1.65961      0.020982
      1124       1124    39.90844615    22.37560134    26.18639062    56.22    69.47   194.16  4.69384e+08      17.28    14.37       2.84    14.41   0.077730       0.7167       0.4756       0.5101   1.000000  -0.181148   0.739676  -0.648124   0.682603   0.945738  -0.049742  -0.321099   0.571677   0.269748   0.671122   0.690530   291.87        17.26     15        4.87322e+10    -8.3813e+10     0.19614         2.55502        1.50138      0.078163
      1106       1106    39.72588089    22.35111336    26.08698142    15.14   142.54   -86.20  4.61867e+08      17.69    24.08       1.34    21.94   0.014790       0.6723       0.6112       0.4176   1.000000  -0.445519  -0.312215   0.839068   0.854424   0.821790   0.229237   0.521643   0.818426  -0.355210   0.921939   0.154446   267.56         17.6     15        1.11168e+11   -2.02655e+11     0.12197         0.11984        1.15207      0.024697
      1056       1056    39.71303948    22.36903113    26.23442691  -104.75    75.50   -63.00  4.40987e+08       9.05    28.27       1.56    26.32   0.019674      -0.4902      -0.5051       0.7104   1.000000   0.292343   0.861317   0.415534   0.758125   0.892831  -0.401499   0.204086   0.722776  -0.342619  -0.311338   0.886386  1909.52        1.402     15        1.52772e+11   -2.92765e+11     0.03279         0.05369        1.01253      0.030440
      1029       1029    39.51581924    22.50890616    25.85075238   125.13    -1.48    60.92  4.29712e+08      16.73    17.60       2.95    16.35   0.021470      -0.7791        0.254      -0.5731   1.000000   0.131978   0.507537   0.851462   0.961100   0.986387   0.017757  -0.163476   0.916687  -0.098089   0.861447  -0.498284   294.31        16.73     15         5.7449e+10   -1.08031e+11     0.09152         0.18106        1.93312      0.027865
       963        963    39.81475072    22.20155894    26.07621226   169.38   140.87   120.52   4.0215e+08      16.38    20.23       2.30    18.67   0.016017      -0.5327      -0.2998       0.7915   1.000000   0.032889   0.586641   0.809179   0.829692  -0.690303   0.598819  -0.406076   0.770858   0.722772   0.545223  -0.424655   293.91        16.37     14        7.01036e+10   -1.33871e+11     0.08808         0.26987        1.42906      0.024672
       866        866    39.48649079    22.37992824    26.05825609   171.18    29.86    98.26  3.61643e+08      15.85    19.18       1.60    17.13   0.016606      -0.6655      -0.2439      -0.7054   1.000000   0.871819  -0.476086  -0.115212   0.863153   0.272242   0.666488  -0.694030   0.779811   0.407206   0.573703   0.710668   291.45        15.84     14        5.30881e+10   -1.05832e+11     0.06296         0.38518        0.99228      0.025452
       781        781    39.71125010    22.31384244    26.35715840    89.57    89.73   -30.36  3.26147e+08      15.26    19.57       1.76    17.61   0.004023       0.9492      -0.1125       -0.294   1.000000  -0.065601  -0.028790   0.997431   0.667270   0.312680   0.948648   0.047947   0.606817   0.947591  -0.315022   0.053230   294.81        15.25     14        5.05613e+10   -9.70339e+10     0.09876         0.15181        1.12217      0.006295
       776        776    40.02169800    22.32805830    26.20929300    -8.40   154.93    58.56  3.24059e+08      15.25    14.86       2.14    13.73   0.031302      -0.9857       0.1564      0.06218   1.000000   0.783102  -0.567444  -0.254479   0.930716   0.595123   0.802546   0.041818   0.841628   0.180502  -0.184194   0.966174   293.20        15.24     14        3.05224e+10   -6.05387e+10     0.24360         0.31488        1.42020      0.039617
       753        753    39.72537642    22.29779402    26.00324640    45.39   182.55    79.11  3.14454e+08      15.30    19.02       1.50    17.14   0.019211       0.3368       0.2627       0.9042   1.000000  -0.130575   0.033398   0.990876   0.886318  -0.516472   0.850822  -0.096737   0.835602   0.846290   0.524391   0.093847   281.55        15.27     14        4.61661e+10   -9.33301e+10     0.11643         0.10698        1.29018      0.031463
       728        728    39.63410653    22.26217506    26.05986522   222.52   138.90    72.76  3.04014e+08      14.93    20.04       1.31    17.77   0.027673       0.3176       0.7532        0.576   1.000000   0.967723   0.025345   0.250740   0.936925  -0.236292   0.437201   0.867768   0.844777   0.087631   0.899007  -0.429078   293.08        14.93     14        4.80075e+10   -9.14275e+10     0.09071         0.36064        1.11631      0.044429
       714        714    39.71019729    22.29758980    26.05270997   154.25    36.76  -101.63  2.98167e+08      14.96    16.61       1.55    16.63   0.018464      -0.7947        0.592       0.1345   1.000000   0.353994  -0.255292   0.899730   0.799238   0.718927   0.689595  -0.087190   0.718058  -0.598190   0.677705   0.427649   285.97        14.93     14        4.12232e+10    -6.5923e+10     0.13571         0.56725        0.96819      0.022816
       673        673    40.07816724    22.13353993    26.06065481    63.28   174.71    68.04  2.81046e+08      14.51    11.89       4.93    11.96   0.062761     -0.05325       0.9253       0.3755   1.000000  -0.663714  -0.172441   0.727837   0.850564   0.680006  -0.544430   0.491109   0.786656   0.311569   0.820890   0.478607   295.36        14.51     14        2.01091e+10   -3.54566e+10     0.31149         0.58885        1.12934      0.063878
       673        673    39.97197358    22.12837211    26.20016320    24.95   195.85    58.34  2.81046e+08      14.51    13.59       2.92    12.73   0.007123       0.3771       -0.149      -0.9141   1.000000   0.995227   0.078352  -0.058182   0.875951  -0.025562   0.784647   0.619416   0.855649   0.094185  -0.614972   0.782904   295.38        14.51     14        2.27585e+10   -4.23785e+10     0.32492         0.32362        1.97372      0.008197
       658        658    39.37141102    22.49407235    26.00745456   180.73   -19.33    79.27  2.74782e+08      14.42    16.27       1.27    14.76   0.033682      -0.9916     -0.09567      0.08656   1.000000   0.139524  -0.224495   0.964435   0.868672   0.765524   0.642240   0.038749   0.807232  -0.628098   0.732891   0.261465   293.85        14.42     13        2.99279e+10   -5.78394e+10     0.07168         0.08250        1.08757      0.047148
       654        654    39.87986054    22.28103251    25.98900459    69.67   158.18   -33.68  2.73111e+08      14.49    18.64       1.26    16.66   0.017181      0.09766        0.973        0.209   1.000000   0.824814  -0.475770  -0.305491   0.859141   0.540174   0.822685   0.177203   0.801274   0.167015  -0.311178   0.935561   287.92        14.47     13         3.7916e+10   -7.31812e+10     0.11480         0.20129        1.07356      0.027263
       630        630    39.39561003    22.62491921    26.12860903   218.88    53.69   102.38  2.63089e+08      14.25    14.77       1.91    13.18   0.017541      -0.3405       -0.898      -0.2786   1.000000   0.862480  -0.496708   0.097006   0.971214   0.145822   0.427450   0.892201   0.780957   0.484628   0.755359  -0.441098   291.66        14.24     13        2.28436e+10   -4.51383e+10     0.08713         0.09456        1.63920      0.022783
       619        619    39.74832192    22.24798648    26.05724777    63.12   205.97    65.93  2.58495e+08      14.15    18.46       1.87    16.48   0.008078      -0.7541       -0.221      -0.6185   1.000000  -0.334373   0.772862   0.539332   0.799840   0.470394  -0.359027   0.806120   0.712016   0.816654   0.523243  -0.243501   293.09        14.14     13        3.50998e+10   -6.90035e+10     0.07660         0.21660        1.60023      0.013119
       613        613    39.78733551    22.31753084    26.23208951   -27.37   249.08   200.14   2.5599e+08       5.73    20.18       1.42    19.67   0.033172      -0.6755        0.438       0.5932   1.000000   0.989844  -0.050681  -0.132815   0.871790   0.117750  -0.231142   0.965768   0.836498   0.079645   0.971599   0.222827  4376.72       0.3869     13        4.95064e+10   -8.74369e+10     0.13209         0.12658        0.94769      0.036607
       544        544    39.59608465    22.43466926    26.23226996    51.89   109.51   -24.20  2.27175e+08      13.51    17.99       2.10    16.00   0.006017      0.08864       0.4675       0.8795   1.000000  -0.672500   0.734978  -0.086898   0.730633  -0.286004  -0.149791   0.946448   0.645920   0.682602   0.661340   0.310941   295.63        13.51     13         2.9079e+10   -5.59207e+10     0.07847         0.14622        1.33766      0.009668
       531        531    39.76502783    22.43235881    25.92643864   149.10   104.94   154.76  2.21746e+08      13.40    13.84       2.23    12.38   0.037889      -0.2339      0.04183       0.9714   1.000000   0.065817   0.979301   0.191411   0.931310   0.994167  -0.080783   0.071460   0.873810  -0.085443  -0.185591   0.978905   295.56         13.4     13        1.69925e+10   -3.36838e+10     0.23970         0.17807        1.43696      0.048992
       480        480    39.72022898    22.33204462    26.07286545    56.44    83.94   -15.10  2.00449e+08      12.00    18.19       2.00    16.73   0.020577      -0.9134      -0.3961     -0.09343   1.000000  -0.078936  -0.135119   0.987680   0.683265   0.127611   0.981251   0.144438   0.607743   0.988678  -0.137440   0.060214   372.17        9.537     13        2.80561e+10   -5.29199e+10     0.09475         0.42445        1.18452      0.033992
       461        461    39.61348509    22.16469104    26.35185550   170.93    79.70    90.03  1.92514e+08      13.02    14.78       1.87    13.11   0.027174     -0.07125      -0.8068      -0.5866   1.000000   0.794817   0.598971  -0.097465   0.881706   0.234640  -0.155212   0.959611   0.785186  -0.559651   0.785585   0.263908   280.25        12.96     13        1.65479e+10     -3.261e+10     0.29047         0.20234        1.24952      0.039123
       436        436    39.77919230    22.26335630    26.14922997   166.40     8.92  -110.72  1.82074e+08       8.59    17.75       1.24    16.26   0.017176     -0.07232      -0.9097       0.4089   1.000000  -0.347362   0.545294   0.762885   0.662204   0.922237   0.345933   0.172654   0.632867  -0.169760   0.763535  -0.623054   921.10        2.759     12        2.40654e+10   -4.35469e+10     0.12041         0.21340        0.77703      0.023396
       426        426    39.77264405    22.29119684    26.39496267   150.30    72.42   -22.49  1.77898e+08      12.59    18.20       1.27    15.94   0.007543       -0.831       -0.556      0.01582   1.000000   0.148744  -0.352465   0.923928   0.776808   0.798425  -0.508439  -0.322501   0.612987   0.583431   0.785658   0.205790   286.08        12.57     12        2.26028e+10   -4.57696e+10     0.09763         0.17069        1.06586      0.013881
       416        416    39.79321518    22.32051112    26.21121963     2.48   202.00  -136.60  1.73722e+08       6.17    20.21       1.27    18.52   0.001101       0.1164      -0.7219      -0.6821   1.000000   0.909092  -0.396553   0.127661   0.809264   0.381588   0.915597   0.126775   0.732690  -0.167159  -0.066536   0.983682  2377.83       0.7669     12         2.9786e+10   -5.83559e+10     0.02861         0.09871        0.80128      0.001613
       401        401    39.62588141    22.40270123    26.28802219    12.49   129.66   -50.88  1.67458e+08      11.58    15.27       1.21    14.35   0.019471      -0.9347      -0.1705       0.3118   1.000000  -0.413199   0.276345   0.867698   0.793198   0.548695  -0.684903   0.479418   0.675308   0.726774   0.674196   0.131372   345.92        9.902     12        1.72496e+10   -3.05358e+10     0.04567         0.46220        1.01793      0.027649
       391        391    39.78128849    22.14763769    26.07254694   153.29   153.85    60.44  1.63282e+08      12.14    13.65       1.55    12.44   0.017096       0.6386       0.2282       0.7349   1.000000   0.062712   0.114885   0.991397   0.804258   0.885975   0.450911  -0.108296   0.748928  -0.459474   0.885144  -0.073508   293.17        12.13     12        1.26407e+10   -2.35661e+10     0.27694         0.52100        1.00932      0.023111
       388        388    39.65522723    22.33211609    26.08210690    -6.52    78.16   -10.50  1.62029e+08      11.56    17.37       1.25    15.76   0.018197      -0.7056       0.5432       0.4551   1.000000   0.461442  -0.075505   0.883951   0.787046   0.642428  -0.658722  -0.391628   0.683022   0.611848   0.748589  -0.255456   336.27        10.17     12        2.01252e+10   -3.75496e+10     0.15408         0.35485        0.78521      0.030561
       388        388    40.08828939    22.39926115    26.28609635    40.90   114.20   -46.38  1.62029e+08      12.12    11.43       2.17    12.24   0.050769      -0.9186      -0.2275       0.3232   1.000000  -0.204249   0.307308   0.929432   0.932866  -0.491611   0.788837  -0.368856   0.842008   0.846523   0.532258   0.010043   292.45        12.11     12          1.213e+10   -1.72046e+10     0.11276         0.61615        1.31739      0.047095
       376        376    39.64473087    22.19170251    26.18398804   184.86   186.23    59.55  1.57018e+08      10.93    19.38       0.95    17.02   0.011101      -0.1806       0.1337      -0.9744   1.000000   0.000171   0.898150   0.439689   0.816936  -0.022180  -0.439577   0.897931   0.770545   0.999754  -0.009906   0.019846   386.18        8.369     12         2.2735e+10   -4.66253e+10     0.09349         0.15762        0.80870      0.021897
       364        364    39.64975766    22.36901616    26.11404716    33.15    92.71    -4.46  1.52007e+08      12.62    17.02       1.02    15.40   0.015768      -0.5676      -0.8214      0.05572   1.000000   0.596490  -0.476437   0.645916   0.828875  -0.425800   0.494333   0.757845   0.753623   0.680363   0.727078  -0.091998   242.97         12.5     12        1.80158e+10   -3.36215e+10     0.12626         0.21199        0.60333      0.027901
       356        356    39.83597848    22.41103413    26.17942695    90.25   173.87  -119.27  1.48666e+08       9.68    14.13       1.67    13.46   0.016185       -0.818       0.5746      0.02531   1.000000   0.891364   0.381744   0.244422   0.829642  -0.217064  -0.113903   0.969489   0.664607  -0.397937   0.917223   0.018667   526.74        5.432     12        1.34651e+10   -2.41364e+10     0.11665         0.10331        1.42508      0.021206
       349        349    39.44182054    22.49453170    26.00532496   140.29   -38.80    20.49  1.45743e+08      11.69    11.18       1.60    10.18   0.037864      -0.7075      -0.6193       0.3405   1.000000  -0.136210   0.624401   0.769136   0.782677   0.194102   0.778144  -0.597340   0.671111   0.971479  -0.067927   0.227189   292.76        11.68     12        7.54639e+09   -1.37408e+10     0.03722         0.86605        1.36985      0.042380
       344        344    39.56343012    22.35229207    26.15241090    17.55   101.12   -48.80  1.43655e+08      11.62    10.42       1.82    11.14   0.027558      -0.6119       0.7908      0.01563   1.000000   0.922922  -0.176368   0.342211   0.786781  -0.298649   0.232949   0.925496   0.674438   0.242946   0.956362  -0.162322   294.09        11.61     12        8.91463e+09   -1.18197e+10     0.13032         0.23088        1.15786      0.021363
       341        341    39.79569190    22.35942562    25.96903040   174.96   183.40   148.39  1.42402e+08      11.60     8.51       6.59     8.67   0.070708       0.5641        -0.12        0.817   1.000000  -0.451624   0.649977   0.611200   0.852104  -0.378433  -0.759918   0.528501   0.626800   0.807976   0.007386   0.589170   292.73        11.59     12        5.34985e+09   -9.13015e+09     0.22713         1.43999        4.35171      0.063034
       340        340    39.75903105    22.22012400    26.17446269    63.17   227.23   -52.99  1.41984e+08       7.92    14.99       1.54    14.15   0.009994      -0.4698        0.585      -0.6611   1.000000  -0.339298   0.938104  -0.069557   0.806402   0.074283   0.100432   0.992167   0.726399   0.937741   0.331473  -0.103761   916.26        2.557     12        1.42242e+10   -2.65432e+10     0.06689         0.30874        1.32207      0.013331
       338        338    39.61596044    22.27253587    26.02544189   248.38   211.94    87.72  1.41149e+08      11.57    12.59       1.77    11.82   0.021169       0.9683      -0.2059      -0.1411   1.000000   0.458425   0.315788   0.830737   0.837588   0.833332   0.172133  -0.525289   0.760692  -0.308877   0.933085  -0.184246   292.76        11.56     12        9.85614e+09    -1.7794e+10     0.18016         0.33826        1.12227      0.027547
       335        335    39.57775727    22.40618861    26.21475083   225.58    49.74    25.36  1.39896e+08      11.52    18.57       0.91    16.09   0.014103        0.121      -0.8676      -0.4824   1.000000   0.921856  -0.224422   0.315937   0.850890  -0.285262   0.158856   0.945193   0.684479   0.262310   0.961457  -0.082423   293.48        11.52     12        1.81073e+10   -3.64554e+10     0.12911         0.12606        0.76988      0.028098
       335        335    39.68845705    22.24873381    26.15439185   136.57   267.79   141.40  1.39896e+08       7.14    14.41       1.73    14.50   0.044016      -0.2182      -0.0959       0.9712   1.000000   0.856372   0.476454   0.199045   0.926384  -0.316845   0.180496   0.931145   0.829100  -0.407721   0.860472  -0.305534  1233.17        1.712     12        1.47096e+10   -2.34074e+10     0.13101         0.47445        1.51625      0.047532
       333        333    39.79649927    22.31868979    26.24068705    64.89    93.98    84.44  1.39061e+08       6.83    22.37       0.78    19.60   0.012877       -0.754      -0.5067       -0.418   1.000000   0.945042  -0.271667   0.181915   0.836361   0.323728   0.855423  -0.404292   0.777846  -0.045782   0.440963   0.896357  1399.25        1.444     12        2.67098e+10   -5.55411e+10     0.03001         0.08799        0.67311      0.024913
       328        328    40.01938190    22.46785686    26.40563426    24.36   135.21   -26.25  1.36973e+08      11.34    10.71       2.36     9.88   0.029381       0.2211       0.6693      -0.7093   1.000000   0.804428  -0.561503  -0.193933   0.847814   0.506126   0.476899   0.718612   0.706442   0.311016   0.676227  -0.667822   301.07        11.14     12        6.69025e+09   -1.30344e+10     0.19821         0.25327        0.79833      0.034884
       322        322    39.71527836    22.36072341    26.15615450    24.98   330.21   113.57  1.34468e+08       5.51    16.86       1.22    16.61   0.008299      -0.7219       0.6613      -0.2038   1.000000   0.059588   0.876058  -0.478509   0.977660   0.139283   0.467375   0.873018   0.791724   0.988458  -0.118670  -0.094170  2579.33       0.6318     12        1.85548e+10   -3.12232e+10     0.09499         0.06879        1.06532      0.009885
       318        318    40.04378963    22.18423007    26.17795239    39.55   182.07    69.80  1.32797e+08      11.30    10.10       1.88    10.19   0.085845      -0.5197       0.6031       0.6051   1.000000  -0.188872   0.753988  -0.629150   0.886615  -0.977831  -0.085419   0.191179   0.816541   0.090405   0.651311   0.753406   295.26         11.3     12        6.88833e+09   -1.06556e+10     0.20314         0.89820        0.58038      0.080856
       316        316    40.14639811    22.10892295    26.20903703    31.10   150.72    10.89  1.31962e+08      11.28    11.60       1.52    10.79   0.014460       0.5959      -0.7931       -0.126   1.000000   0.840751   0.175015  -0.512355   0.799534   0.536711  -0.393965   0.746145   0.785817   0.071264   0.902309   0.425159   295.31        11.28     11        7.68548e+09   -1.46264e+10     0.07035         0.36737        1.27198      0.018584
       311        311    39.74050738    22.12204758    26.12185573   159.71   127.14    28.92  1.29874e+08      11.32    14.07       1.66    12.78   0.023187       0.1448       0.8344      -0.5317   1.000000   0.910446   0.387070   0.145827   0.794997  -0.412558   0.875131   0.252866   0.698798  -0.029741  -0.290382   0.956448   287.01        11.31     11        1.06033e+10   -2.05247e+10     0.06745         0.43947        0.94929      0.036277
       302        302    39.57229474    22.34278165    26.38025881    43.27   -10.98    19.79  1.26116e+08      11.63    11.44       1.76    10.47   0.010387      -0.5007      -0.8587       0.1092   1.000000  -0.387741   0.263406   0.883331   0.811397   0.152248   0.963440  -0.220465   0.657345   0.909108  -0.049002   0.413668   257.04        11.51     11         6.9176e+09   -1.27666e+10     0.31489         0.21262        0.70272      0.013024
       294        294    40.01370144    22.43523353    26.27025369    29.97   108.92   -82.06  1.22775e+08      11.11    11.56       2.04    10.61   0.014357     -0.06575      -0.3769       0.9239   1.000000   0.937929  -0.180677   0.296050   0.898083  -0.009593   0.839752   0.542885   0.828066  -0.346695  -0.512027   0.785895   287.52        11.09     11        6.90429e+09   -1.31454e+10     0.22883         0.58390        1.74481      0.018664
       292        292    39.67837457    22.43324536    26.34046899    21.29   168.39   -72.54   1.2194e+08       8.34    12.86       1.76    12.00   0.013697     -0.01778      -0.9855      -0.1685   1.000000   0.222589   0.574938   0.787338   0.856902   0.883461   0.222547  -0.412274   0.842719   0.412252  -0.787350   0.458398   674.25        3.659     11        8.77911e+09   -1.71942e+10     0.03433         0.74957        1.47426      0.018041
       284        284    39.89213254    22.43163079    26.28307250   107.82   125.75  -119.35  1.18599e+08      11.26    10.40       2.30     9.96   0.033749       0.3361      -0.8646       0.3735   1.000000   0.568608   0.427143   0.703018   0.862031  -0.776109  -0.004701   0.630581   0.776962  -0.272653   0.904172  -0.328836   266.44        11.18     11        5.88483e+09   -1.08643e+10     0.27470         0.28182        1.05024      0.040850
       280        280    39.71411121    22.36103613    26.01617573   127.01    92.27   -39.66  1.16928e+08      10.94    12.71       1.55    11.07   0.035843      -0.2673       0.9112      -0.3134   1.000000  -0.122214  -0.206795   0.970721   0.738940   0.944240  -0.325511   0.049536   0.548848   0.305736   0.922647   0.235047   286.75        10.92     11        7.16579e+09   -1.42715e+10     0.10816         0.26531        1.30165      0.051805
       279        279    39.96901534    22.24273914    26.23847517     9.48   207.42    62.41  1.16511e+08      10.84     9.09       2.02    10.08   0.086840       -0.681       0.1496      -0.7168   1.000000   0.272333   0.726526  -0.630868   0.898622  -0.812394   0.524951   0.253855   0.829814   0.515607   0.443380   0.733187   293.33        10.84     11        5.91937e+09   -8.63982e+09     0.23407         0.36199        0.54181      0.077599
       270        270    39.68737342    22.32999424    26.38614146   197.43   122.65    26.78  1.12752e+08      11.22    13.10       1.79    11.86   0.014457       0.8399       0.4518       0.3007   1.000000  -0.265370  -0.133752   0.954824   0.771784   0.888242  -0.419073   0.188161   0.684134   0.374974   0.898047   0.230014   256.48        11.12     11        7.93619e+09   -1.51062e+10     0.22467         0.48879        0.73248      0.022042
       268        268    39.87759925    22.21715750    25.87180364   105.73   166.80   106.49  1.11917e+08      10.98    10.61       1.86     9.73   0.009399      -0.3499       0.6295      -0.6938   1.000000   0.499646  -0.150806   0.853002   0.870837   0.848863  -0.110951  -0.516837   0.848017   0.172584   0.982317   0.072577   271.41        10.92     11        5.29856e+09   -1.01583e+10     0.07622         0.51496        1.57942      0.011760
       266        266    39.69224029    22.32482831    26.24702522   135.91  -173.52   -93.98  1.11082e+08       4.94    15.91       0.77    15.34   0.012774      -0.6243        -0.76       0.1809   1.000000  -0.648070   0.735570   0.197339   0.761538  -0.046315  -0.296704   0.953846   0.659008   0.760171   0.609019   0.226353  2953.03        0.495     11        1.30615e+10   -2.35739e+10     0.05717         0.11169        0.66590      0.015890
       261        261    39.42598654    22.50253218    26.14626552   238.52    -7.22   125.57  1.08994e+08       8.93    13.25       1.21    12.10   0.024709       -0.719      -0.5277      -0.4524   1.000000   0.532082  -0.005818   0.846673   0.866949   0.728083   0.513570  -0.454027   0.754163  -0.432184   0.858028   0.277497   491.10        5.378     11        7.97594e+09    -1.6119e+10     0.14417         0.21290        1.03490      0.037059
       261        261    39.52067705    22.52590529    26.15127414   191.10    -9.70    34.72  1.08994e+08      10.71    13.53       1.27    11.98   0.014235       0.3511      -0.1573        0.923   1.000000   0.990161   0.125247   0.062401   0.942385  -0.030597  -0.241368   0.969951   0.870252  -0.136545   0.962317   0.235161   284.36         10.7     11        7.81934e+09   -1.55594e+10     0.20721         0.18113        1.07942      0.022800
       251        251    39.64640181    21.85010795    26.08118349   168.51   201.41    17.13  1.04818e+08      10.44     8.17       2.88     8.14   0.080496      -0.9447      -0.2851       -0.162   1.000000  -0.481190   0.740196   0.469645   0.894629   0.030342  -0.521363   0.852795   0.724614   0.876091   0.424607   0.228416   295.63        10.44     11        3.46965e+09   -6.14428e+09     0.18960         0.50752        1.79612      0.077791
       251        251    39.69248207    22.37203583    26.33210190   124.79    48.86    34.46  1.04818e+08      10.70    13.55       1.58    12.17   0.015943      -0.9164      -0.2679       0.2974   1.000000  -0.374570   0.426828   0.823113   0.654207   0.802421  -0.295568   0.518421   0.496370   0.464563   0.854668  -0.231785   274.99        10.67     11        7.76749e+09   -1.52489e+10     0.11111         0.29608        1.33266      0.026081
       246        246    39.76297077    22.30849766    26.25056691   -55.57   280.39   190.71   1.0273e+08       3.41    14.69       1.27    14.43   0.022228       0.5153       -0.125       0.8479   1.000000  -0.366691   0.673042  -0.642302   0.888836  -0.336685   0.547595   0.766017   0.831847   0.867284   0.497145   0.025805  8303.44       0.1215     11        1.07018e+10   -1.93614e+10     0.04965         0.31671        1.08733      0.022544
       242        242    39.59850813    22.30898472    26.17415084   -18.26    50.54   -88.70  1.01059e+08       9.04     8.97       4.25    11.21   0.034000       -0.447      -0.8945      0.00192   1.000000   0.986988   0.158931   0.024410   0.809728  -0.159188   0.987208   0.008942   0.737484  -0.022677  -0.012712   0.999662   438.54        6.099     11        6.35342e+09   -7.18789e+09     0.40015         0.46863        1.77225      0.017717
       241        241    39.72394308    22.37681022    26.19219469   124.97    45.78   140.92  1.00642e+08       5.69    20.08       0.72    18.09   0.011883       0.5403       0.3252       0.7761   1.000000   0.788889  -0.610751  -0.068094   0.929713  -0.206658  -0.368009   0.906566   0.726812   0.578745   0.701108   0.416535  1757.51       0.9567     11         1.6467e+10   -3.28391e+10     0.10459         0.09663        0.43931      0.021837
       230        230    39.47715878    22.25653431    26.18901043    65.16    65.29     0.23  9.60483e+07      10.25    11.20       1.52     9.41   0.028012       0.8753      -0.2928      -0.3849   1.000000   0.830375   0.293883   0.473403   0.767699  -0.498286   0.771887   0.394843   0.717462  -0.249377  -0.563758   0.787393   286.23        10.23     11        4.25559e+09   -8.93923e+09     0.24814         0.56183        1.31123      0.038736
       226        226    39.91086679    22.36831667    26.19135792    58.97    69.88   187.66  9.43779e+07       4.57    11.87       1.27    12.73   0.034333      -0.3044      -0.3974       0.8657   1.000000   0.678928  -0.570198   0.462527   0.862132   0.725707   0.616735  -0.304938   0.766110  -0.111381   0.542690   0.832515  3180.35       0.4247     11        7.64819e+09   -1.14387e+10     0.13674         0.12756        1.12219      0.029014
       224        224    39.76933158    22.28267042    26.35841027   180.86   153.88  -112.66  9.35427e+07       8.23    12.25       1.97    10.48   0.020773       0.2686      -0.7215       0.6382   1.000000  -0.112506  -0.335436   0.935321   0.871737   0.601785   0.726032   0.332765   0.804423   0.790694  -0.600300  -0.120178   539.09        4.513     11         5.1346e+09     -1.099e+10     0.23306         0.37185        1.29240      0.029546
       220        220    39.68415350    22.06135968    26.05995372    52.72    84.59    34.96  9.18723e+07      10.04     9.87       2.63     9.68   0.018463      -0.2796      -0.9593     -0.04018   1.000000   0.879009   0.306338   0.365377   0.931108  -0.426503   0.847754   0.315290   0.840000  -0.213164  -0.432977   0.875838   290.97        10.03     11        4.30081e+09   -7.32752e+09     0.15891         0.62109        1.61617      0.021241
