#  npart(1)  nvpart(2)      Xc(3)          Yc(4)          Zc(5)      VXc(6)   VYc(7)   VZc(8)    Mvir(9)      Rvir(10) Vmax(11)   Rmax(12) sigV(13) lambda(14)      Lx(15)       Ly(16)       Lz(17)     a(18)     Eax(19)    Eay(20)    Eaz(21)     b(22)     Ebx(23)    Eby(24)    Ebz(25)     c(26)     Ecx(27)    Ecy(28)    Ecz(29) ovdens(30)    Redge(31) nbins(32)     Ekin(33)       Epot(34)   mbp_offset(35)  com_offset(36)   r2(37)      lambdaE(38)
   1731189    1731189    39.62064462    22.23459226    26.19475819   108.94    98.09    19.50  7.22947e+11     202.54   182.66      35.43   176.71   0.022492      -0.1142       0.6002       0.7917   1.000000  -0.085710   0.090299   0.992220   0.888959   0.848778  -0.514910   0.120180   0.829285   0.521756   0.852475  -0.032511   279.24        202.5     35         1.1287e+16    -2.0807e+16     0.05427         3.09394       16.62248      0.025082
     91975      91975    39.25448369    22.48741450    26.12499550   185.25    38.39    58.09  3.84089e+10      76.15    59.08      17.89    61.39   0.065088      -0.4947       0.2834       0.8216   1.000000  -0.363575  -0.281905   0.887887   0.879852   0.187189   0.911565   0.366074   0.844488   0.912564  -0.299298   0.278652   279.19        76.15     27        7.23845e+13   -1.21711e+14     0.06358         3.45043        3.75068      0.060297
     68659      68659    39.25312736    22.38036747    26.01357986   144.12    27.40    80.86  2.86721e+10      69.07    64.17      13.67    63.71   0.043914      -0.7277       0.5422      -0.4201   1.000000  -0.072805   0.507691   0.858458   0.949224  -0.160950   0.843479  -0.512482   0.872276   0.984274   0.175480  -0.020304   279.22        69.07     26         5.8194e+13   -1.02326e+14     0.14822         1.82654        3.85266      0.049096
     32019      32019    39.53215102    22.09426134    26.31281386   101.14    84.29    -6.27  1.33712e+10      53.56    64.31       4.73    60.34   0.037066      -0.4697      -0.6387       0.6094   1.000000   0.394578   0.807983  -0.437575   0.875359  -0.373559   0.576140   0.726991   0.805195   0.839501  -0.123394   0.529161   279.24        53.56     24        2.43433e+13   -4.20078e+13     0.06686         0.85291        2.43122      0.049507
      5518       5518    39.36930865    22.47148061    26.07821391   194.78    50.87    91.68  2.30432e+09      29.82    29.60       4.65    28.35   0.026257      -0.2713      -0.8471       0.4569   1.000000   0.923936   0.329378   0.194559   0.894232  -0.359737   0.575084   0.734757   0.830914  -0.130125   0.748858  -0.649830   279.02        29.81     19        9.26115e+11    -1.6691e+12     0.05655         0.42927        2.41402      0.031137
      4532       4532    40.02623651    22.28679844    26.36614926    65.77   133.63   -54.12  1.89257e+09      27.92    20.78      17.01    22.62   0.046442      -0.7799       0.5944       -0.196   1.000000   0.708355   0.268222  -0.652909   0.777721   0.589500   0.283957   0.756213   0.643096  -0.388231   0.920557  -0.043025   279.23        27.92     19        4.84196e+11   -7.46061e+11     0.21713         3.36817       15.14399      0.038519
      4457       4457    39.21752236    22.45394875    26.17704826   245.01    37.37    80.64  1.86125e+09      27.77    31.29       3.38    30.31   0.026539      -0.7146       0.5417       0.4427   1.000000   0.923730   0.371641  -0.092772   0.888068  -0.106571   0.481982   0.869676   0.816806  -0.367921   0.793458  -0.484827   278.80        27.77     19        8.55052e+11   -1.43223e+12     0.14660         0.62676        1.76861      0.033145
      4215       4215    40.09624661    21.95958990    26.10180049    57.77   164.88    29.81  1.76019e+09      27.26    26.52       3.96    25.54   0.033772      -0.6402       0.7662      0.05523   1.000000   0.622554   0.295443   0.724665   0.888245  -0.178576   0.955199  -0.236018   0.832246   0.761930  -0.017526  -0.647423   278.87        27.26     18        5.73858e+11   -1.02167e+12     0.15472         0.78979        2.64587      0.038921
      3243       3243    39.54332683    22.16919176    26.17794284   -59.49   110.35   107.71  1.35428e+09      25.46    29.26       3.02    29.85   0.026301       0.7322       0.2399      -0.6374   1.000000  -0.004857   0.777364   0.629032   0.837713  -0.801494  -0.379185   0.462413   0.706955   0.597983  -0.501919   0.624895   263.34        25.35     18        6.03449e+11   -9.55812e+11     0.15603         0.45990        2.04509      0.033773
      2642       2642    39.68668472    22.18014590    26.18129152    31.21   246.89    57.90   1.1033e+09      23.33    31.96       2.44    29.68   0.010117       0.8326       -0.139       0.5362   1.000000  -0.592889   0.763819   0.255075   0.737164   0.291099  -0.092047   0.952255   0.721293   0.750829   0.638833  -0.167774   278.79        23.33     17        4.85947e+11   -9.31047e+11     0.04056         0.53251        2.10106      0.017157
      2282       2282    39.26642895    22.47012001    26.06422878   232.75    36.09    58.30  9.52966e+08      22.27    23.06       3.81    22.23   0.020331      -0.3508      -0.9037       0.2455   1.000000  -0.008444   0.366173   0.930509   0.816938   0.987292   0.150727  -0.050355   0.770519  -0.158691   0.918259  -0.362792   276.79        22.26     17        2.35542e+11   -4.25611e+11     0.25188         0.73911        2.04480      0.025485
      2270       2270    39.25942823    22.48025222    26.13450002   173.65    98.17    66.81  9.47955e+08       7.01    31.68       3.56    36.52   0.023787      -0.9794     -0.08898       0.1814   1.000000   0.403569  -0.544366   0.735389   0.921768  -0.117561   0.766235   0.631715   0.892116   0.907365   0.341394  -0.245232  8848.88       0.2211     17        6.32248e+11   -8.22238e+11     0.10227         0.09782        2.03836      0.016807
      2220       2220    39.48635788    22.27204854    26.19059828    85.78    82.18   -96.14  9.27075e+08      22.11    28.53       3.03    26.67   0.003780      -0.5925      -0.4682      -0.6555   1.000000   0.909749  -0.313890  -0.271717   0.759862   0.211530  -0.212699   0.953947   0.710606   0.357228   0.925328   0.127105   275.42        22.09     17        3.29653e+11   -6.05478e+11     0.15402         0.22015        1.50757      0.005846
      2068       2068    39.23378340    22.37946514    26.12979053   215.64    28.50    30.60  8.63599e+08      21.49    21.52       3.58    19.83   0.018585       0.6074      -0.7757        0.171   1.000000   0.701918   0.619298  -0.351827   0.921561   0.534995  -0.784509  -0.313570   0.796977   0.470204  -0.031874   0.881982   279.19        21.49     17        1.69869e+11   -3.19162e+11     0.07789         0.49098        1.90300      0.022380
      1947       1947    39.40076383    22.31535228    25.93482214   161.54    31.83    54.44   8.1307e+08      21.06    23.21       2.69    21.53   0.012457       0.5319      -0.5801      -0.6169   1.000000   0.846146  -0.518912   0.121522   0.922998   0.317356   0.673765   0.667328   0.900108  -0.428162  -0.526091   0.734783   279.21        21.06     16         1.8838e+11   -3.64487e+11     0.17617         0.19819        1.75152      0.017132
      1730       1730    39.57475574    22.24593573    26.22104771   197.53   114.72   282.78   7.2245e+08      10.00    28.84       2.88    29.11   0.016872      -0.2871       0.8667       0.4079   1.000000   0.980151  -0.086727   0.178274   0.832965  -0.190802  -0.168505   0.967058   0.734641   0.053830   0.981878   0.181708  2315.64        1.206     16        3.06178e+11   -5.17566e+11     0.09077         0.10983        1.55772      0.019718
      1725       1725    39.24635161    22.51789276    26.10903588   177.16     9.44    97.99  7.20362e+08      20.29    23.76       2.33    23.74   0.013982       0.2642       0.9634     -0.04495   1.000000   0.071399   0.796131  -0.600897   0.765337  -0.281252   0.594059   0.753652   0.687949   0.956974   0.115193   0.266329   276.92        20.28     16        2.02996e+11   -3.24567e+11     0.09983         0.78890        1.48307      0.017698
      1470       1470    39.24976008    22.47307528    26.11594901   222.89   -16.95    71.57  6.13874e+08       9.43    25.86       2.21    27.63   0.038805      -0.7227      -0.6749       0.1488   1.000000   0.462883   0.269222   0.844546   0.813386  -0.680524   0.718445   0.143961   0.760541   0.568003   0.641371  -0.515768  2350.72         1.12     16        2.34291e+11   -3.45893e+11     0.15335         0.19248        1.55047      0.037647
      1438       1438    39.49337744    22.10433976    26.15687998   106.13   -46.00    78.33  6.00511e+08      19.05    19.39       3.89    18.56   0.016600      -0.4974      -0.2116       0.8413   1.000000   0.939756  -0.006271   0.341790   0.908362  -0.310321  -0.435029   0.845252   0.834897  -0.143388   0.900394   0.410767   278.59        19.05     16        1.03454e+11   -1.83403e+11     0.26082         1.27074        2.64127      0.019809
      1379       1379    39.60919736    22.41145132    26.13142809   160.34   170.95   -88.59  5.75872e+08      18.78    19.85       2.86    18.83   0.022341      -0.5073       0.2078      -0.8363   1.000000  -0.280171   0.958990   0.042930   0.786799  -0.131157  -0.082542   0.987919   0.740915   0.950948   0.271155   0.148904   279.10        18.78     15        1.02102e+11   -1.72921e+11     0.22772         1.36888        1.93060      0.025975
      1365       1365    39.59462101    22.20820644    26.25280563   305.07   169.46   118.12  5.70026e+08      11.97    24.21       3.21    23.04   0.017355      -0.6138       0.7821       0.1075   1.000000   0.810241   0.504117  -0.298959   0.838638   0.440018  -0.186261   0.878460   0.775605  -0.387162   0.843311   0.372736  1067.08        3.132     15        1.51309e+11   -2.80724e+11     0.11809         0.16817        2.17846      0.021999
      1333       1333    39.56613637    22.26855088    26.22416051   254.92    96.72   121.76  5.56662e+08      10.55    30.31       1.97    27.81   0.007368      0.07648       0.8726      -0.4824   1.000000   0.880172  -0.411238  -0.237022   0.897452   0.380072   0.311497   0.870928   0.745210   0.284327   0.856652  -0.430471  1520.89        1.937     15        2.15272e+11   -4.23385e+11     0.10092         0.10215        1.30580      0.011387
      1276       1276    39.62837556    22.23097462    26.29257864    84.21    81.36   182.02  5.32859e+08      17.92    18.54       2.50    22.77   0.007176         0.88       -0.313       0.3573   1.000000   0.076140  -0.186713   0.979459   0.889553  -0.266278   0.942828   0.200430   0.793298   0.960884   0.276069  -0.022069   297.08        16.85     15        1.38144e+11   -1.60127e+11     0.10322         0.68624        2.15430      0.004908
      1257       1257    39.70842746    22.24948925    26.26679134  -108.80   175.01    22.21  5.24925e+08      12.96    19.59       3.10    19.51   0.014620      -0.8236       0.5667     -0.02185   1.000000   0.970590   0.151746   0.186890   0.934562  -0.002214   0.781915  -0.623381   0.777829  -0.240727   0.604634   0.759255   773.85        4.677     15        9.98687e+10    -1.7697e+11     0.13046         0.53710        2.03951      0.016165
      1221       1221    39.81369304    22.29342323    26.00416754   135.33    95.20   172.70  5.09891e+08      18.07    14.56       2.39    15.79   0.120863       0.5251       0.6071       0.5964   1.000000  -0.643349  -0.140396   0.752589   0.669340  -0.528647   0.792512  -0.304069   0.584474   0.553746   0.593476   0.584082   277.41        18.06     15        6.35658e+10    -9.7836e+10     0.11631         2.82544        1.56709      0.108294
      1159       1159    39.60721422    22.22166910    26.28347698   264.68    41.10  -163.01     4.84e+08       9.54    25.69       2.00    23.82   0.014227       0.7697      -0.6125        -0.18   1.000000  -0.050131   0.144655   0.988211   0.907695   0.959738  -0.266842   0.087747   0.900065   0.276389   0.952822  -0.125454  1787.97         1.49     15        1.37323e+11   -2.64401e+11     0.14310         0.17497        1.05015      0.018793
      1124       1124    39.66769126    22.15985634    26.19322861   205.68   160.83    97.26  4.69384e+08      12.38    28.02       1.83    25.54   0.009098      -0.6237      -0.3265       0.7102   1.000000  -0.226174   0.960352   0.163001   0.808571   0.805663   0.090376   0.585439   0.727904  -0.547496  -0.263735   0.794161   794.37        4.351     15        1.53068e+11   -3.06745e+11     0.08202         0.06567        1.15104      0.015520
      1039       1039    39.39556091    22.50735812    25.80094814   122.52     4.27    41.99  4.33888e+08      17.12    17.46       3.13    16.60   0.020283      -0.9021       0.3013      -0.3091   1.000000   0.675869  -0.404335  -0.616209   0.954415   0.720813   0.188252   0.667076   0.905407   0.153720   0.895028  -0.418684   277.52        17.11     15        5.97566e+10   -1.10072e+11     0.17103         0.21516        2.06425      0.025189
       973        973    39.62952070    22.09023041    25.98871655   202.63    88.08    58.31  4.06326e+08      16.76    20.20       2.40    18.45   0.014465      -0.1975      -0.4917       0.8481   1.000000   0.357493   0.611497   0.705883   0.903705  -0.368209   0.786894  -0.495197   0.869142   0.858266   0.082883  -0.506467   276.90        16.75     15        6.91634e+10    -1.3535e+11     0.08666         0.46939        1.49566      0.021770
       902        902    39.32621563    22.35251299    25.97826259   160.82    24.77    66.98  3.76676e+08      16.30    18.85       2.67    16.84   0.022689      -0.5968      -0.5959      -0.5373   1.000000   0.900655  -0.292441  -0.321401   0.817980   0.179621   0.924051  -0.337440   0.737173   0.395673   0.246187   0.884780   278.98         16.3     14        5.33949e+10   -1.08245e+11     0.08084         0.36430        1.57739      0.033069
       844        844    39.68182502    22.12548409    26.05876503   172.61   148.30   138.13  3.52455e+08      15.97    20.08       1.60    18.86   0.030938      -0.3109       0.4793       0.8208   1.000000   0.023043   0.560192   0.828042   0.855683   0.993759  -0.103258   0.042202   0.808076   0.109144   0.821902  -0.559075   277.70        15.97     14        6.26877e+10   -1.06434e+11     0.09772         0.33345        0.98730      0.042597
       785        785    40.00903151    22.17315431    26.15271068    31.93   162.30    58.21  3.27817e+08      15.67    15.56       2.24    14.52   0.037004      -0.9534       0.2823      -0.1062   1.000000  -0.498388   0.772223   0.394056   0.860047   0.837963   0.545645  -0.009462   0.820207   0.222322  -0.325489   0.919038   273.57        15.65     14        3.45438e+10   -6.50285e+10     0.13450         0.22014        1.39515      0.045292
       752        752    39.67759469    22.12427101    25.96755103    56.59   170.37    -2.86  3.14036e+08      16.01    18.68       1.69    16.74   0.020261       0.2525       0.1071       0.9616   1.000000  -0.456214   0.602432   0.654939   0.899077   0.554978  -0.382703   0.738605   0.857079   0.695606   0.700439  -0.159742   245.43         15.9     14        4.40131e+10   -9.06619e+10     0.13590         0.47339        1.45382      0.032375
       733        733    39.43652086    22.14229185    26.02001544   182.42   109.16    15.06  3.06102e+08      15.22    19.74       1.47    17.13   0.026113       0.3381       0.8634       0.3745   1.000000   0.964668   0.032321   0.261480   0.875181  -0.252400  -0.171294   0.952341   0.786656  -0.075571   0.984690   0.157084   278.69        15.22     14        4.49099e+10    -8.8889e+10     0.09481         0.12579        1.25828      0.040520
       676        676    39.78807143    22.12983641    26.04944487   121.77   147.32   -90.23  2.82298e+08      15.08    17.69       1.89    16.15   0.018141       -0.116       0.9926       0.0352   1.000000   0.795503  -0.180615  -0.578406   0.874350   0.476874  -0.402321   0.781492   0.829852   0.373854   0.897506   0.233916   264.25        15.02     14        3.68098e+10    -7.2089e+10     0.16254         0.50131        0.90954      0.027212
       670        670    39.51495748    22.31479144    26.24419561   241.62    10.12   -18.92  2.79793e+08      13.81    21.16       1.72    18.85   0.007946      -0.3864       0.2827        0.878   1.000000   0.813460  -0.558420  -0.162634   0.806913   0.120541  -0.111686   0.986406   0.726763   0.568993   0.822006   0.023540   341.10         11.3     14        4.96871e+10    -9.8315e+10     0.08757         0.26163        1.46846      0.013510
       657        657    39.93377186    21.94517123    26.14209438    50.39   180.88    59.79  2.74364e+08      14.73    13.19       2.10    12.47   0.004486      -0.3954       0.9117       0.1115   1.000000   0.652099   0.430107   0.624320   0.915433  -0.757337   0.407310   0.510430   0.863731   0.034752   0.805671  -0.591342   275.41        14.72     13        2.13256e+10    -4.0993e+10     0.15971         0.26597        1.30827      0.005110
       652        652    39.20237171    22.50869398    25.94007002   166.15   -10.40    60.66  2.72276e+08      14.51    15.83       1.91    14.40   0.039175      -0.9948     -0.08379      0.05805   1.000000   0.398932  -0.437253   0.806017   0.980484   0.244058   0.897915   0.366312   0.854405   0.883906  -0.050582  -0.464922   286.19        14.16     13        2.82447e+10   -5.62061e+10     0.14467         0.40085        1.16680      0.053204
       648        648    40.00703328    21.96396937    25.99518667    82.70   173.22    62.81  2.70606e+08      14.64    11.20       5.79    11.43   0.055745     -0.04777       0.8302       0.5555   1.000000   0.758513   0.202380  -0.619436   0.755981   0.635081  -0.442613   0.633061   0.740765   0.146051   0.873577   0.464255   276.63        14.63     13        1.76774e+10    -3.1595e+10     0.19607         1.26215        2.70406      0.053992
       645        645    39.60572060    22.26016894    26.23353103  -101.49   298.13    70.42  2.69353e+08       6.07    20.56       2.12    23.40   0.042220      -0.6501      -0.7342       0.1959   1.000000   0.375984  -0.007536   0.926596   0.832442   0.708288  -0.642415  -0.292626   0.631813   0.597465   0.766320  -0.236200  3862.75       0.4389     13        7.37544e+10   -9.50044e+10     0.14876         0.43415        1.87177      0.032688
       629        629    39.18701586    22.55802859    26.03084732   208.36    81.66    97.44  2.62671e+08      14.64    14.86       1.81    13.55   0.018391      -0.3363      -0.7566      -0.5607   1.000000   0.828540  -0.491833   0.267623   0.914148   0.076766   0.573221   0.815797   0.783275   0.554643   0.655376  -0.512692   268.83         14.6     13        2.41248e+10   -4.62925e+10     0.08768         0.24339        1.08911      0.023155
       604        604    39.67737219    22.07147234    26.03558337    83.80   153.34   -13.17  2.52231e+08      14.26    18.73       2.05    17.18   0.012526      -0.6899      -0.7112       -0.135   1.000000  -0.540801   0.817783   0.196887   0.791132   0.264586  -0.056803   0.962688   0.726352   0.798454   0.572717  -0.185654   278.89        14.26     13        3.72184e+10    -7.1856e+10     0.12012         0.22962        1.27949      0.020267
       598        598    39.62825497    22.24429682    26.26318838   -77.57   156.54  -208.54  2.49726e+08       5.58    18.38       2.32    19.23   0.037492       0.9198       0.2855      -0.2691   1.000000   0.713447  -0.111878   0.691720   0.947517  -0.034168   0.980443   0.193817   0.885422   0.699875   0.161913  -0.695672  4622.45       0.3369     13        4.61722e+10   -7.53594e+10     0.06965         0.37854        2.02264      0.035165
       564        564    39.61848360    22.23029764    26.22167184   335.01    96.69  -254.87  2.35527e+08       2.98    22.92       1.93    23.28   0.007440      -0.4146      -0.7278       0.5462   1.000000   0.133581  -0.353341   0.925908   0.933978   0.982184   0.171811  -0.076135   0.827930  -0.132179   0.919582   0.369997 28685.96            0     13        6.38113e+10   -1.03648e+11     0.16706         0.23278        1.40280      0.006315
       549        549    39.61241290    22.32036874    25.79055524   161.93   123.15   125.65  2.29263e+08      13.88    14.13       2.35    12.63   0.038230       -0.077       0.2456       0.9663   1.000000   0.617999   0.780879   0.091137   0.970724   0.734636  -0.614872   0.286779   0.889414  -0.279977   0.110276   0.953652   275.28        13.86     13        1.82867e+10   -3.48902e+10     0.28824         0.29378        1.52764      0.046473
       530        530    39.47317783    22.11702344    26.23859946   106.74    16.73   132.38  2.21329e+08      13.72    14.94       1.84    14.36   0.015364      -0.7054      -0.4712      -0.5295   1.000000   0.816873   0.553079   0.163774   0.918489   0.187854  -0.523532   0.831038   0.762801  -0.545371   0.648087   0.531557   275.19        13.71     13        2.28082e+10    -3.8819e+10     0.09932         0.47103        1.58213      0.018888
       517        517    40.03366409    22.28896707    26.35752845    62.83   130.11   -51.68    2.159e+08       7.69    15.70       2.03    17.76   0.058960      -0.6728       0.7321      -0.1067   1.000000  -0.617508  -0.261315   0.741888   0.735831   0.624089   0.411309   0.664333   0.621203  -0.478745   0.873235  -0.090903  1522.84         1.41     13        3.40413e+10   -4.65878e+10     0.21986         0.27805        1.37291      0.049253
       472        472    39.61193215    22.22826875    26.35640475   173.28    59.55   111.12  1.97108e+08      14.50    18.38       1.43    16.83   0.015259      -0.8156       0.5671      -0.1147   1.000000  -0.434852   0.255314   0.863550   0.804710   0.853220   0.423470   0.304449   0.796064   0.287958  -0.869188   0.401986   207.64        14.24     13        2.79225e+10   -5.11074e+10     0.09759         0.32061        1.22533      0.026058
       451        451    40.03014984    22.28485921    26.33485683    75.11   121.62   -55.95  1.88338e+08      13.05    11.13       2.28    12.75   0.039439      -0.7009       0.1492      -0.6975   1.000000   0.304522  -0.077613   0.949338   0.896719   0.474475   0.876577  -0.080535   0.768958   0.825918  -0.474961  -0.303762   272.17        13.02     12        1.53091e+10   -2.05111e+10     0.13517         0.52745        1.94061      0.031673
       446        446    39.64712498    22.16835192    26.30127790   224.17    95.41   -20.42   1.8625e+08      13.35    20.47       1.04    18.07   0.007873      -0.4976        0.654       0.5698   1.000000  -0.288431  -0.513020   0.808466   0.701026   0.755680  -0.640488  -0.136830   0.648097   0.588009   0.571476   0.572416   251.15         13.3     12        3.04223e+10   -6.11126e+10     0.14271         0.11535        0.87706      0.015711
       430        430    39.62012437    22.23219220    26.20699867  -119.08    25.04  -229.11  1.79569e+08       1.85    24.64       1.30    26.74   0.007441      0.08643      -0.9961      0.01663   1.000000   0.313751  -0.074502   0.946578   0.853376   0.663164  -0.696277  -0.274612   0.795926   0.679539   0.713897  -0.169050 90345.74            0     12         6.4216e+10   -8.79085e+10     0.13286         0.10371        0.83804      0.005043
       411        411    39.98407689    22.32571747    26.42411493    46.24   155.35   -12.19  1.71634e+08      12.59    10.66       4.07    11.56   0.029263       0.1603         0.69      -0.7058   1.000000   0.685277  -0.211250  -0.696971   0.893498   0.089866   0.974221  -0.206926   0.846945   0.722717   0.079167   0.686595   276.06        12.58     12        1.14603e+10   -1.73195e+10     0.36635         0.49017        2.02622      0.026885
       409        409    39.62878583    22.20865823    26.24888189   168.83   155.92  -224.05  1.70799e+08       4.55    19.32       1.31    18.01   0.014725      -0.7207      -0.5512       0.4204   1.000000  -0.448386  -0.476771   0.756068   0.879206  -0.085227   0.864816   0.494803   0.843624   0.889768  -0.157425   0.428405  5807.89       0.2189     12         2.7688e+10   -5.40824e+10     0.10523         0.07886        1.13590      0.017351
       404        404    39.55407575    22.25189101    26.22103133   165.31    45.05   -80.31  1.68711e+08       8.81    22.56       1.19    20.68   0.012284       -0.764       0.5344       0.3614   1.000000   0.966015   0.053904  -0.252805   0.707167   0.042152   0.932073   0.359809   0.697210   0.255028  -0.358237   0.898124   790.81        3.112     12        3.60688e+10   -7.36502e+10     0.02006         0.17865        0.98978      0.024330
       403        403    39.62072389    22.02614820    26.03546087   172.30    95.31    17.11  1.68293e+08      12.60    13.63       2.44    12.79   0.032985       0.9365       0.2775       0.2146   1.000000   0.781722  -0.532900  -0.323925   0.962859   0.583139   0.440522   0.682561   0.789784   0.221041   0.722466  -0.655121   270.02        12.57     12        1.37689e+10   -2.48262e+10     0.20829         0.21174        1.51195      0.042473
       394        394    39.57852142    22.04433329    26.05549766    99.38   170.63    75.84  1.64535e+08      12.46    13.69       2.26    14.39   0.035158      -0.2923      -0.3692       0.8822   1.000000   0.974627   0.145243  -0.170315   0.919051   0.009594   0.733086   0.680068   0.781168   0.223631  -0.664447   0.713092   273.12        12.44     12        1.70356e+10   -2.53396e+10     0.16377         0.25239        1.12357      0.039902
       382        382    39.48901820    22.05308138    26.13720656   136.44   104.69    36.66  1.59524e+08      12.15    20.02       1.07    17.36   0.008749      -0.3099      -0.2393      -0.9202   1.000000   0.253969   0.565950   0.784347   0.836705  -0.138531   0.823859  -0.549605   0.766241   0.957240  -0.030926  -0.287637   285.28         11.9     12        2.40298e+10   -4.81116e+10     0.16278         0.18107        0.91072      0.017226
       377        377    39.67358145    22.07375357    26.19176111    68.81   212.96   -91.06  1.57436e+08      10.94    16.01       1.35    14.51   0.017563      -0.9203       0.2777      -0.2756   1.000000  -0.095851   0.949403   0.299076   0.863734  -0.916748  -0.201255   0.345065   0.852190   0.387797  -0.241102   0.889654   385.48        7.928     12        1.65725e+10   -3.22622e+10     0.13800         0.46275        1.15095      0.026838
       366        366    39.67297251    22.07758118    26.23835589   112.88    77.41   -62.14  1.52842e+08      12.44    15.19       1.98    13.62   0.011262      -0.8441       0.3817      -0.3766   1.000000  -0.359038   0.799354  -0.481793   0.825785   0.743258   0.557101   0.370415   0.746398   0.564500  -0.225103  -0.794147   254.63        12.37     12         1.4168e+10   -2.82639e+10     0.15323         0.19247        1.26208      0.017916
       366        366    39.66141276    22.21961546    26.25059942   -31.30   230.85   193.35  1.52842e+08       4.79    16.05       2.32    15.13   0.014571       0.9548      0.07523      -0.2874   1.000000   0.491631  -0.010761   0.870737   0.965449   0.551051  -0.770406  -0.320652   0.878112   0.674271   0.637463  -0.372826  4475.81       0.2986     12        1.75013e+10   -3.22344e+10     0.23264         0.23641        1.63074      0.014697
       366        366    39.65983211    22.22926853    26.21997647   158.56   155.99  -277.94  1.52842e+08       3.62    18.22       1.29    17.95   0.026687      -0.4292       0.7568        0.493   1.000000   0.530051  -0.160967   0.832548   0.852090   0.779573  -0.293796  -0.553127   0.812730   0.333634   0.942217  -0.030241 10383.50      0.09722     12         2.4633e+10   -4.40737e+10     0.10140         0.02322        0.88181      0.026874
       365        365    39.60956062    22.25029898    26.19554205   -20.53   319.71   261.92  1.52424e+08       2.59    21.46       1.40    27.01   0.021114       0.7811       0.4302       0.4527   1.000000   0.101603   0.043884   0.993857   0.804101  -0.613708   0.789040   0.027900   0.563683   0.782968   0.612773  -0.107101 28048.77            0     12        5.56078e+10   -5.57518e+10     0.20536         0.14998        1.03210      0.001554
       355        355    39.61405641    22.17426430    25.84916589   195.67   195.17    99.32  1.48248e+08      12.01     9.08       7.30     9.83   0.074988       0.6494      -0.2159       0.7292   1.000000   0.381893   0.915278  -0.128152   0.749409   0.711163  -0.379581  -0.591747   0.625057   0.590258  -0.134847   0.795872   274.59        11.98     12        7.15605e+09   -1.07979e+10     0.46070         1.69074        6.49271      0.061421
       352        352    39.59347346    22.25124253    26.12925494   103.88   149.77  -231.35  1.46996e+08       4.80    14.96       2.92    17.84   0.030016      -0.3159      -0.6587      -0.6829   1.000000  -0.660318   0.622083  -0.420705   0.865490  -0.055144   0.518527   0.853281   0.718627   0.748959   0.586636  -0.308089  4258.09        0.315     12        2.33853e+10   -2.83801e+10     0.18193         0.18360        2.02865      0.018362
       352        352    39.65198170    22.19205629    26.28356592   295.90   233.81   -32.73  1.46996e+08       6.45    14.78       2.10    14.36   0.016174      -0.3897      0.03784      -0.9201   1.000000   0.733579  -0.323486   0.597678   0.882662   0.503269   0.849585  -0.157875   0.847615  -0.456708   0.416607   0.786038  1756.51        1.026     12        1.51461e+10   -2.73226e+10     0.15686         0.41084        1.39187      0.017905
       346        346    39.68751592    22.13895688    26.05178370   135.48   119.15   167.90   1.4449e+08       8.14    15.09       1.52    13.98   0.015031       0.1875      -0.5423        0.819   1.000000  -0.345522   0.382755   0.856804   0.846782   0.868443  -0.215521   0.446494   0.798220   0.355557   0.898359  -0.257934   859.46        2.645     12        1.41169e+10   -2.71289e+10     0.19126         0.16156        1.01030      0.019657
       340        340    39.39525813    22.33565552    26.18710988   154.95    89.31    30.62  1.41984e+08      11.68    18.67       1.10    17.14   0.022794      -0.2282      -0.9694     -0.09102   1.000000   0.905571   0.091442   0.414221   0.771256  -0.373795  -0.289633   0.881130   0.715855  -0.200544   0.952760   0.228103   286.35        11.39     12        2.08573e+10   -3.84469e+10     0.05102         0.09674        0.67421      0.042238
       340        340    39.30965076    22.52661991    26.00063580   131.34   -21.76    -8.89  1.41984e+08      11.77    11.31       2.37    10.87   0.060876      -0.8709      -0.4798       0.1064   1.000000  -0.044980   0.902817  -0.427667   0.845729  -0.289825   0.397895   0.870449   0.792027   0.956022   0.163101   0.243762   279.16        11.77     12        8.38468e+09   -1.44603e+10     0.05885         1.05137        1.48457      0.066579
       340        340    39.38537937    22.07189131    25.96352375   226.10   198.23    46.73  1.41984e+08      11.92    13.08       1.92    12.70   0.021578       0.8455      -0.5284     -0.07688   1.000000   0.809562   0.467598   0.354911   0.862443  -0.571735   0.490916   0.657358   0.751302  -0.133148   0.735087  -0.664769   269.15        11.89     12        1.14481e+10    -1.8898e+10     0.14120         0.27857        1.67117      0.026292
       338        338    39.58180841    22.03648745    26.10846943   161.94    46.12    -1.75  1.41149e+08      11.76    13.91       1.84    12.22   0.036580       0.1173       0.6065      -0.7863   1.000000   0.186443   0.925939   0.328444   0.892922   0.981713  -0.188669  -0.025386   0.626529  -0.038461  -0.327170   0.944182   278.56        11.76     12        1.05318e+10   -2.07976e+10     0.13640         0.27971        1.17041      0.052279
       335        335    39.67470990    22.21067459    26.17979091  -151.30   245.04    98.23  1.39896e+08       5.39    14.04       2.67    18.06   0.039224       0.2537      -0.7305       -0.634   1.000000  -0.171312  -0.063644   0.983159   0.934142   0.573907   0.804674   0.152091   0.875849   0.800802  -0.590296   0.101324  2864.57       0.5256     12        2.28189e+10   -2.41196e+10     0.26512         0.55751        1.17942      0.013632
       326        326    39.74091509    22.22592393    26.20815155  -112.32   163.61    65.83  1.36138e+08       8.16    12.16       2.77    12.03   0.014164      -0.9018       0.3684      -0.2261   1.000000   0.984129   0.001844  -0.177447   0.884209   0.176674  -0.104027   0.978757   0.779050   0.016654   0.994573   0.102702   803.43        2.837     12        9.85215e+09   -1.74352e+10     0.23727         0.71550        1.08593      0.015028
       320        320    39.45433870    22.20654621    26.19149177   -28.81    39.26    -5.27  1.33632e+08      11.39    10.86       2.35    11.75   0.058587        0.822      -0.5681     -0.04052   1.000000   0.897038   0.435554   0.074940   0.728544  -0.003371  -0.162816   0.986651   0.650511  -0.441941   0.885316   0.144584   290.01        10.97     12        9.22157e+09   -1.30557e+10     0.08485         0.60396        2.03250      0.053199
       319        319    39.51607455    22.20907346    26.29515441   137.40   119.15   156.14  1.33215e+08      11.95    12.39       2.10    11.66   0.019816     -0.01691       0.4556        -0.89   1.000000   0.739135   0.266187  -0.618728   0.849425   0.659452  -0.098974   0.745203   0.763401  -0.137125   0.958827   0.248693   250.46        11.88     12        9.05247e+09   -1.65394e+10     0.12362         0.73701        1.26449      0.025834
       315        315    39.98806172    22.00981861    26.10938566    68.26   177.39    70.09  1.31544e+08      11.52     8.03       8.57     8.54   0.093611      -0.3629       0.6646       0.6532   1.000000   0.964101  -0.232947  -0.127456   0.786183   0.265523   0.841039   0.471328   0.676679  -0.002599  -0.488251   0.872700   275.84         11.5     11        4.79986e+09   -8.00084e+09     0.26328         1.86256        1.26121      0.079354
       314        314    39.64523208    22.38213263    26.23111003    40.72    38.40    58.93  1.31127e+08      11.63    15.13       1.31    13.28   0.024673      -0.8476      -0.5102      -0.1458   1.000000   0.850721   0.233246  -0.471030   0.821210  -0.341070   0.926826  -0.157053   0.782511   0.399931   0.294263   0.868024   267.65        11.61     11        1.15685e+10   -2.42704e+10     0.14632         0.30825        1.10634      0.041984
       311        311    39.66469794    22.22604865    26.20650880  -202.63   194.25    62.99  1.29874e+08       3.97    15.48       2.31    18.04   0.017445      -0.5684       0.7765      -0.2719   1.000000  -0.241280  -0.373370   0.895756   0.941749   0.967984  -0.026753   0.249583   0.870916  -0.069223   0.927297   0.367871  6660.91       0.1664     11        2.11231e+10   -2.61501e+10     0.08863         0.09359        2.03468      0.011017
       311        311    39.74972675    22.28355537    26.38117785   179.62   173.05   -75.83  1.29874e+08      11.45     9.93       4.25    10.22   0.030107       0.3754      -0.4741       0.7965   1.000000   0.443463   0.386964   0.808455   0.790067  -0.047196   0.910829  -0.410076   0.741106   0.895049  -0.143698  -0.422182   277.65        11.45     11        6.78752e+09   -1.16357e+10     0.11437         0.96769        0.60344      0.031711
       310        310    39.80831623    22.29143227    26.01177160   139.79    88.26   175.36  1.29456e+08       6.89    11.97       2.06    13.44   0.014167       0.1845       0.2589       0.9481   1.000000  -0.483760  -0.033938   0.874542   0.835085   0.289435   0.936820   0.196458   0.789532  -0.825956   0.348162  -0.443374  1272.15        1.512     11        1.17002e+10   -1.59416e+10     0.18049         0.25352        1.32699      0.010858
       300        300    40.10758357    21.96195598    26.19748284    47.70   149.11    13.07   1.2528e+08      11.36    11.83       1.57    10.25   0.021592       0.7775       -0.628      0.03239   1.000000   0.751251  -0.375983  -0.542456   0.901920   0.377681  -0.429130   0.820490   0.857992   0.541275   0.821270   0.180383   274.46        11.34     11        6.58369e+09   -1.31939e+10     0.07844         0.32354        1.35181      0.027417
       300        300    39.66410516    22.22952763    26.35209696    18.98   234.45    60.93   1.2528e+08       8.26    14.24       1.51    12.95   0.018001       0.2663      -0.9376       0.2235   1.000000   0.450151   0.194718   0.871464   0.827630   0.690608  -0.694582  -0.201535   0.737828   0.566061   0.692561  -0.447141   713.17        3.235     11        1.04995e+10   -2.03815e+10     0.06751         0.21441        1.29605      0.023836
       295        295    39.56024401    22.34322647    26.32106337   -17.22    24.09   107.51  1.23192e+08       9.01    11.35       1.84    11.34   0.033990       0.8471      -0.3802       0.3713   1.000000  -0.138426   0.631972   0.762529   0.820589   0.327411   0.755851  -0.567001   0.597888   0.934687  -0.171173   0.311544   540.74        4.652     11        7.91799e+09   -1.35132e+10     0.22934         0.64052        1.15355      0.035965
       291        291    39.96648629    22.31756861    26.35065387    64.90   130.74   -80.31  1.21522e+08      11.35    11.55       2.23    10.57   0.021387      -0.3254       0.1141       0.9387   1.000000   0.745105  -0.465579   0.477550   0.890246  -0.660354  -0.414567   0.626153   0.818085   0.093547   0.781902   0.616343   266.95        11.32     11        6.79086e+09   -1.33224e+10     0.16160         0.31201        1.38841      0.027818
       279        279    39.59721495    22.23899202    26.16975308   -12.37   105.09  -159.68  1.16511e+08       4.37    13.29       3.57    21.02   0.026779       0.6788    -0.005869      -0.7343   1.000000   0.392783   0.884732  -0.250938   0.878280   0.771315  -0.465527  -0.434002   0.767187   0.500794   0.023084   0.865258  4494.75       0.2712     11        2.57453e+10     -1.611e+10     0.21422         0.41041        2.65544      0.027368
       275        275    39.33098556    22.51427532    26.12312103   201.50    31.87    25.92   1.1484e+08      11.05    13.15       1.62    11.81   0.020742      -0.9151       0.3607       0.1806   1.000000   0.963781   0.265825   0.021510   0.816184  -0.101194   0.289881   0.951698   0.748071  -0.246750   0.919405  -0.306282   273.17        11.04     11        8.01494e+09   -1.56489e+10     0.28574         0.35638        1.01328      0.030457
       270        270    39.21109264    22.50135908    26.04546660   205.75    11.82    89.46  1.12752e+08      10.49    13.37       1.36    11.89   0.017042      -0.8619      -0.3545      -0.3626   1.000000  -0.467581   0.781998  -0.412124   0.923556  -0.118816   0.406399   0.905938   0.710231   0.875928   0.472566  -0.097111   313.16        9.357     11        7.96513e+09   -1.63022e+10     0.07397         0.18001        0.82661      0.025956
       259        259    39.76751805    22.05448869    25.77803641   120.42   166.70    87.64  1.08159e+08      10.80    10.57       2.02     9.75   0.015414      -0.1446      -0.8585       -0.492   1.000000  -0.313962   0.089155   0.945240   0.960087   0.711685  -0.636881   0.296457   0.800671   0.628437   0.765789   0.136506   275.47        10.79     11        5.14186e+09   -9.88838e+09     0.19135         0.70761        1.23868      0.018735
       255        255    39.93479695    22.04442860    26.17433345    54.69   198.27    67.25  1.06488e+08      10.70     9.03       2.75     8.71   0.061495      -0.8032     -0.07413      -0.5911   1.000000  -0.202441   0.906789   0.369798   0.858771  -0.104555  -0.395472   0.912508   0.821716   0.973697   0.146065   0.174869   278.89         10.7     11        4.04311e+09   -7.25126e+09     0.36452         0.42780        1.84659      0.062123
