#  npart(1)  nvpart(2)      Xc(3)          Yc(4)          Zc(5)      VXc(6)   VYc(7)   VZc(8)    Mvir(9)      Rvir(10) Vmax(11)   Rmax(12) sigV(13) lambda(14)      Lx(15)       Ly(16)       Lz(17)     a(18)     Eax(19)    Eay(20)    Eaz(21)     b(22)     Ebx(23)    Eby(24)    Ebz(25)     c(26)     Ecx(27)    Ecy(28)    Ecz(29) ovdens(30)    Redge(31) nbins(32)     Ekin(33)       Epot(34)   mbp_offset(35)  com_offset(36)   r2(37)      lambdaE(38)
   1248941    1248941    38.97068829    21.69046282    26.09821934   115.86    95.83    23.76  5.21559e+11     192.90   181.94      53.75   190.13   0.019337       -0.429       0.5623       0.7069   1.000000   0.602488  -0.477903   0.639231   0.852925  -0.315883   0.592734   0.740867   0.726802   0.732957   0.648286  -0.206154   233.21        192.9     34        9.42724e+15   -1.58021e+16     0.09138         3.27792       25.65243      0.018838
     53054      53054    38.53897142    22.22980763    25.81801024   144.30    44.82     8.71  2.21554e+10      67.31    65.53      20.41    66.43   0.050912      -0.9025       0.2767      -0.3301   1.000000  -0.204674   0.696167   0.688084   0.901503   0.467969  -0.547828   0.693462   0.843470   0.859717   0.463936  -0.213659   233.18        67.31     25        4.88892e+13   -8.59969e+13     0.05272         1.52776       11.32133      0.052620
     49995      49995    38.88360203    21.58387219    25.57185248   165.76   147.25    89.34   2.0878e+10      65.99    71.03       9.28    73.03   0.052063      -0.8414    -0.003778       0.5404   1.000000   0.470124   0.414565   0.779179   0.893103  -0.372532   0.893533  -0.250637   0.699486   0.800127   0.172438  -0.574510   233.19        65.99     25        5.56796e+13   -8.87554e+13     0.09610         1.93444        5.06478      0.053379
     24685      24685    38.45005849    22.09978174    25.71324960   111.79    84.33    74.22  1.03085e+10      52.16    48.82      13.05    53.08   0.023319      -0.8421       0.4117       0.3485   1.000000   0.302602   0.078408   0.949886   0.956895   0.865093  -0.440907  -0.239196   0.917165   0.400057   0.894122  -0.201249   233.19        52.16     23        1.45194e+13   -2.17912e+13     0.17264         1.79395        7.37190      0.020185
     16285      16285    38.40790278    22.12342819    25.65243076   116.69    47.08   120.42  6.80064e+09      38.84    48.92       7.06    51.67   0.017386       0.6036       0.7963     -0.04026   1.000000   0.156066   0.499588   0.852089   0.940585  -0.358287   0.832539  -0.422503   0.836391   0.920475   0.239354  -0.308927   372.53        24.31     22        9.07936e+12    -1.4736e+13     0.12045         0.95849        3.87125      0.017363
     12321      12321    39.17646591    21.60296419    26.41064482    53.78   133.59   -83.00  5.14526e+09      41.39    43.09      12.01    43.41   0.004705       0.8889      0.03798       0.4566   1.000000  -0.680879   0.353325  -0.641534   0.962412  -0.235335   0.723941   0.648480   0.822037   0.693557   0.592512  -0.409766   232.95        41.38     21        4.84757e+12   -8.16132e+12     0.19605         0.78879        8.34933      0.004907
     11593      11593    38.91780058    21.70535607    25.88566118   148.27    51.62    38.31  4.84125e+09      40.54    44.58       6.20    47.04   0.014795       0.2427        0.708      -0.6632   1.000000   0.519028   0.378298   0.766486   0.921835   0.344433   0.728139  -0.592605   0.888642  -0.782289   0.571581   0.247626   233.14        40.54     21        5.35685e+12    -8.0292e+12     0.09864         0.71148        3.19797      0.014574
      9872       9872    38.92531093    21.62420544    26.02810303    74.01   -29.19   -52.97  4.12256e+09      38.43    44.09       4.79    54.45   0.029461      -0.8688     0.002668       0.4951   1.000000   0.443553   0.795676   0.412506   0.877687  -0.752313   0.080385   0.653883   0.759746   0.487119  -0.600365   0.634253   233.08        38.43     21        6.11186e+12   -6.88481e+12     0.13275         0.57219        3.26550      0.017846
      9629       9629    38.86104217    21.77680206    26.09254270     6.23   219.48    56.45  4.02108e+09      38.14    35.57      16.94    50.16   0.046268      -0.4044       0.8784      -0.2546   1.000000   0.647471   0.622343  -0.439853   0.914302  -0.751889   0.427544  -0.501866   0.738013  -0.124276   0.655664   0.744755   232.69        38.13     21        5.05923e+12   -4.81821e+12     0.10434         1.94837       11.39802      0.015983
      8716       8716    38.98257668    21.63187616    26.07099938   189.17    59.51   301.75  3.63981e+09      30.23    43.52       8.48    47.20   0.017868      -0.1199     -0.09815      -0.9879   1.000000  -0.096052   0.743599   0.661691   0.809441   0.713886  -0.411788   0.566390   0.739064   0.693643   0.526774  -0.491292   422.78        16.68     20        4.05402e+12   -6.07638e+12     0.16309         0.85570        5.83642      0.017587
      7977       7977    38.37287799    22.14946657    25.71019588   120.29    72.64    57.02   3.3312e+09      35.80    37.02       7.60    39.79   0.010864      -0.1236       0.9246       0.3603   1.000000   0.591804   0.370507   0.715887   0.975373   0.729810  -0.623371  -0.280688   0.845753   0.342266   0.688574  -0.639313   233.01         35.8     20        2.63765e+12   -3.88323e+12     0.14513         1.22540        4.01589      0.009978
      6930       6930    38.88802607    21.56278348    26.07562717    57.41   201.22   202.70  2.89398e+09      34.17    32.45       9.75    35.49   0.055865       0.5338       0.7794       0.3279   1.000000  -0.501347   0.752179   0.427642   0.906213   0.774737   0.610316  -0.165221   0.742844   0.385272  -0.248477   0.888721   232.90        34.16     20        1.82295e+12   -2.81162e+12     0.15035         1.09448        6.74649      0.051404
      5792       5792    38.32881761    22.06757153    25.60118215   155.13    44.17    51.66  2.41875e+09      32.18    30.52      10.01    31.60   0.035375      -0.2476      -0.8607       0.4449   1.000000   0.413367   0.385345   0.825007   0.877854   0.378912   0.751072  -0.540664   0.793767   0.827982  -0.536097  -0.164456   232.91        32.18     19        1.20783e+12   -2.02632e+12     0.10969         0.82751        6.52720      0.034392
      4052       4052    38.31294215    22.26416871    25.57124716   106.90    41.24   103.35  1.69212e+09      28.57    31.18       6.43    30.69   0.019082      -0.8379      -0.4703        0.277   1.000000  -0.362053   0.789640   0.495365   0.936306   0.868568   0.092862   0.486792   0.884739   0.338390   0.606503  -0.719477   232.94        28.56     18        7.96765e+11   -1.37748e+12     0.26296         0.14736        2.71742      0.021045
      3965       3965    38.77307658    21.81212268    26.12534777   232.79   -11.22   108.18  1.65579e+09      28.44    31.27       4.46    30.20   0.023650       0.3503       0.8237       0.4458   1.000000   0.759011  -0.517858  -0.394621   0.881320   0.359519  -0.171960   0.917157   0.821600   0.542816   0.838005  -0.055660   231.14        28.41     18         7.5485e+11   -1.38118e+12     0.11125         0.91367        2.31990      0.027618
      3918       3918    38.36163692    22.17390860    25.79822202   113.14    50.10   102.98  1.63616e+09      28.26    27.85       5.64    29.35   0.031966      -0.6808       0.7324    -0.006774   1.000000   0.242691   0.640926   0.728227   0.945607   0.534847   0.537873  -0.651637   0.937742   0.809345  -0.547637   0.212260   232.68        28.25     18        7.04657e+11   -1.14713e+12     0.18845         0.37603        3.80040      0.031654
      3700       3700    38.73918728    21.62391163    26.09295143   126.18    54.54    97.02  1.54512e+09      27.71    30.40       6.12    29.98   0.028771      -0.4865      -0.6113       0.6241   1.000000   0.943804   0.160226   0.289071   0.964720  -0.199660  -0.420592   0.885007   0.853353  -0.263382   0.892989   0.364966   233.07        27.71     18        6.94394e+11   -1.19838e+12     0.22145         0.30342        4.22975      0.031883
      3659       3659    39.58044267    21.01152888    25.93735999   117.18   176.82    30.82    1.528e+09      27.62    31.81       6.73    34.55   0.040555      -0.9947      0.09133     -0.04655   1.000000  -0.167220   0.965801  -0.198155   0.854888   0.521752   0.257222   0.813395   0.721019   0.836548   0.032628  -0.546922   232.86        27.61     18        9.12076e+11   -1.23595e+12     0.24060         0.48849        3.76348      0.036369
      3501       3501    38.81757392    21.76510230    26.09584007    53.96    42.91  -135.36  1.46202e+09      24.64    30.73       5.98    32.31   0.018064      -0.7343      -0.3817      -0.5613   1.000000   0.931176  -0.024374   0.363753   0.910381  -0.143928   0.892139   0.428221   0.901686  -0.334955  -0.451104   0.827230   313.51        18.33     18        7.63365e+11   -1.23029e+12     0.07237         1.14311        2.24450      0.019203
      2958       2958    38.36031337    22.17169393    25.60300296   124.72    34.12    92.13  1.23526e+09      25.73    29.13       4.42    28.46   0.008280      -0.9255       0.3052      -0.2242   1.000000  -0.480493   0.594518  -0.644728   0.902183   0.750299   0.659297   0.048781   0.868902  -0.454068   0.460299   0.762854   232.65        25.73     18        5.00222e+11   -8.83917e+11     0.19369         0.05970        1.84917      0.009650
      2768       2768    38.48622910    22.15455451    25.79433951    72.13    68.87   114.27  1.15592e+09      25.16    24.15       4.76    23.89   0.032390      -0.9766      -0.1928      0.09548   1.000000   0.590228   0.741928   0.318077   0.901846   0.314814  -0.574392   0.755623   0.862475   0.743319  -0.345855  -0.572592   233.06        25.15     17          3.299e+11   -5.87686e+11     0.20831         0.33706        3.17161      0.032694
      2539       2539    38.46686903    22.30517954    25.65491678    85.43    52.22   114.95  1.06029e+09      24.50    22.32      11.16    23.53   0.025820       0.4901      -0.8716     -0.01023   1.000000   0.917060   0.392562  -0.069972   0.837465  -0.341025   0.681193  -0.647826   0.773559  -0.206648   0.617958   0.758568   231.42        24.48     17         2.9354e+11   -4.95178e+11     0.11334         1.02045        2.66182      0.024799
      2373       2373    39.28312133    21.36874671    26.60678446   185.93   183.68   -29.77  9.90968e+08      23.90    20.94      11.32    23.08   0.027163      -0.7182      -0.5745      -0.3926   1.000000   0.225311   0.572124  -0.788612   0.979166   0.879430   0.228947   0.417356   0.830257  -0.419329   0.787565   0.451558   232.84         23.9     17        2.64017e+11   -3.97703e+11     0.20937         0.54426       10.06928      0.022452
      2002       2002    38.53433163    22.17843080    25.93911893   159.96    10.49    -2.14  8.36038e+08      22.62    23.17       4.58    22.99   0.023504       0.2508      -0.6464      -0.7206   1.000000   0.505923   0.556090  -0.659398   0.898902   0.032315   0.751694   0.658719   0.864316   0.861973  -0.354570   0.362330   231.76        22.61     16        2.21004e+11    -3.9719e+11     0.26481         0.49391        3.09757      0.025716
      1990       1990    38.96217350    21.67232607    26.21641290   289.99    77.74    38.48  8.31026e+08      18.54    31.69       3.64    30.15   0.010188      -0.6784       0.6993      -0.2252   1.000000  -0.602430  -0.044613   0.796924   0.846883   0.798120  -0.045036   0.600813   0.717262   0.009087   0.997989   0.062737   418.20        10.34     16        3.77741e+11   -6.96301e+11     0.10241         0.18316        2.44476      0.013653
      1925       1925    39.05239214    21.64497466    26.05004270   -71.95   247.66   -86.29  8.03882e+08      23.15    26.60       2.59    26.95   0.021303       0.8536       0.1319       0.5039   1.000000   0.804215  -0.590889   0.063942   0.865443   0.269125   0.457969   0.847252   0.751291   0.529915   0.664165  -0.527328   207.97        22.96     16        2.91891e+11   -4.77579e+11     0.14325         0.58859        1.63817      0.025174
      1893       1893    38.42348342    22.36769713    25.81359238   144.75    28.79    13.74  7.90519e+08      22.17    22.77       4.56    22.47   0.015880      -0.2654      -0.5161      -0.8144   1.000000   0.650159   0.580657  -0.490031   0.933686   0.437145  -0.813381  -0.383817   0.878404   0.621448  -0.035328   0.782658   232.89        22.17     16         1.9948e+11   -3.57257e+11     0.12620         0.50741        3.93928      0.017213
      1779       1779    39.30714890    21.48385048    26.07622730    37.09   195.14    44.03  7.42913e+08      21.72    21.67       3.60    21.39   0.014234     -0.07037      -0.5672       0.8206   1.000000   0.586505  -0.221402   0.779097   0.883521   0.147972  -0.916434  -0.371824   0.818189   0.796314   0.333361  -0.504732   232.66        21.72     16        1.69955e+11   -3.09068e+11     0.09360         0.33849        2.32462      0.015260
      1739       1739    39.26072100    21.56485184    26.28310993    28.21   130.45   -78.37  7.26208e+08      21.57    24.34       3.62    23.78   0.018075      -0.4018      -0.5834      -0.7059   1.000000   0.976364   0.207202  -0.061484   0.981080  -0.193465   0.711036  -0.676017   0.947448  -0.096355   0.671934   0.734317   232.32        21.56     16         2.0534e+11   -3.66345e+11     0.15190         0.10968        2.34252      0.021251
      1734       1734    39.01964032    21.74060863    26.16804529    93.14   279.09   -51.40   7.2412e+08      21.50    30.30       2.88    30.19   0.024425      -0.6265      -0.3626       0.6899   1.000000   0.417344   0.188417   0.889001   0.882689  -0.202837   0.972904  -0.110977   0.752734   0.885823   0.134007  -0.444253   233.94        21.43     16        3.30033e+11   -5.56384e+11     0.13620         0.25267        1.89347      0.034091
      1716       1716    39.18427344    21.45525380    26.01989081    99.18   137.56    14.76  7.16604e+08      21.50    26.79       3.40    25.29   0.016700      -0.9399      -0.1923       0.2822   1.000000   0.854462  -0.058978  -0.516156   0.865631  -0.215093   0.864218  -0.454821   0.797470   0.472895   0.499649   0.725755   231.42        21.49     16        2.29154e+11   -4.08594e+11     0.18024         0.35201        2.30628      0.020973
      1608       1608    39.32176787    21.30195686    25.93295671    50.59   107.44    72.54  6.71503e+08      21.02    21.45       6.04    21.77   0.055523      -0.5845      -0.3274      -0.7424   1.000000   0.053289   0.839929  -0.540074   0.947893  -0.768394   0.379906   0.515017   0.751788   0.637755   0.387545   0.665641   231.99        21.01     16        1.59187e+11   -2.65852e+11     0.29363         0.26228        4.18507      0.056730
      1599       1599    39.36551075    21.58578668    26.42238075   103.18   202.70   -41.09  6.67744e+08      20.95    20.48       7.60    21.04   0.026277       0.2585        0.964      0.06153   1.000000   0.840939  -0.342822  -0.418682   0.936825   0.097189  -0.665451   0.740087   0.859680   0.532330   0.663060   0.526285   233.10        20.95     16        1.47756e+11    -2.4825e+11     0.21111         0.65879        3.15693      0.026161
      1511       1511    39.23905123    21.52312498    26.23463976    33.88   216.77    47.03  6.30995e+08      20.58    22.12       4.93    21.54   0.027739      -0.7355      -0.6775    -0.003546   1.000000  -0.334963  -0.308132   0.890424   0.956712   0.779312  -0.621763   0.078003   0.881637   0.529598   0.720046   0.448398   232.38        20.57     16        1.46361e+11   -2.62704e+11     0.15853         0.25212        3.24151      0.031166
      1340       1340    38.76520231    21.70066920    26.35614164   233.77   141.08   -80.83  5.59586e+08      19.77    18.40       8.55    23.16   0.065902       0.6938      -0.1573      -0.7027   1.000000   0.662142   0.072255   0.745887   0.790890  -0.133011   0.990868   0.022090   0.751841   0.737480   0.113838  -0.665706   232.53        19.76     15        1.50068e+11   -1.73454e+11     0.12110         1.18230        3.24647      0.036687
      1292       1292    39.34415955    21.25085994    25.83970246   130.34   172.60    69.08  5.39541e+08      19.59    19.42       4.82    19.01   0.018847      -0.9194     0.002581      -0.3932   1.000000  -0.815845   0.276186  -0.508054   0.994071   0.423649   0.883462  -0.200041   0.831065  -0.393598   0.378439   0.837773   230.43        19.57     15         9.7484e+10   -1.80487e+11     0.27287         0.68136        1.82288      0.020407
      1222       1222    38.77080337    21.95034831    25.93728841   172.43    62.71   150.45  5.10309e+08      19.23    20.14       2.98    19.84   0.027078      0.00817       0.6636        0.748   1.000000   0.760244   0.580732   0.291171   0.928815   0.171351  -0.611588   0.772398   0.895754  -0.626633   0.537318   0.564465   230.35        19.21     15          1.004e+11   -1.81276e+11     0.12584         0.58764        1.38587      0.030319
      1140       1140    39.09872569    21.67495882    26.23567088   -41.32   235.64    -5.10  4.76065e+08      18.76    20.79       2.34    20.53   0.015173      -0.5753      -0.1359       0.8066   1.000000   0.580986  -0.185811   0.792420   0.932691  -0.240526   0.890913   0.385255   0.846990   0.777562   0.414426  -0.472915   231.48        18.75     15        1.00368e+11   -1.73908e+11     0.12469         0.46853        1.51656      0.017151
      1061       1061    38.75100985    21.84868639    25.91412858   123.94   144.74    62.80  4.43075e+08      18.39    20.33       3.50    19.80   0.010435       0.2345      -0.8593      -0.4546   1.000000   0.601676  -0.203141   0.772477   0.928834   0.299725  -0.839025  -0.454094   0.845423   0.740372   0.504748  -0.443935   228.52        18.36     15        8.68119e+10   -1.54479e+11     0.18255         0.37181        1.76795      0.012039
      1048       1048    39.34893649    21.61073155    26.33380514    49.17   174.89    -9.20  4.37646e+08      18.22    17.44       6.41    18.64   0.055259       0.6403       0.6094       0.4676   1.000000   0.221376  -0.341482   0.913446   0.970943   0.844911  -0.400560  -0.354511   0.786309   0.486949   0.850260   0.199848   232.12        18.21     15        7.60585e+10   -1.17399e+11     0.15899         0.85657        4.37072      0.050213
      1043       1043    39.09939770    21.52711409    26.09536488   213.10    21.34   -72.25  4.35558e+08      18.20    19.29       2.19    20.50   0.034108       0.9532       0.2693      -0.1374   1.000000  -0.500731   0.853092  -0.146633   0.919293   0.793843   0.385049  -0.470692   0.789477   0.345083   0.352094   0.870027   231.83        18.19     15        9.14875e+10   -1.28315e+11     0.12299         0.43940        1.90005      0.029376
      1038       1038    39.05551004    21.65329900    26.13006119   359.96    86.45   130.19   4.3347e+08      13.60    20.79       4.37    29.26   0.017372      -0.2638      -0.3996       0.8779   1.000000  -0.190178   0.481358   0.855644   0.900231  -0.201253   0.833926  -0.513872   0.801218   0.960900   0.269928   0.061720   552.57        5.742     15        1.85584e+11   -1.65792e+11     0.40670         0.54201        1.98475      0.009528
       979        979    39.00390087    21.67696140    26.02480036   184.85   -13.91    94.87  4.08832e+08      15.10    23.59       3.12    23.38   0.009818       0.4857       0.8728      0.04779   1.000000  -0.571066  -0.065343   0.818300   0.842774   0.582595  -0.734530   0.347921   0.757816   0.578331   0.675423   0.457533   381.29        9.234     15        1.11751e+11     -1.897e+11     0.08751         0.26247        2.69588      0.011937
       953        953    39.13839190    21.49916782    26.01786109   139.70   106.76   -34.12  3.97974e+08      17.69    21.47       3.42    19.80   0.011988      -0.1419       -0.927       0.3471   1.000000  -0.536053   0.843748   0.027132   0.868683  -0.098967  -0.094729   0.990571   0.783734   0.838363   0.528313   0.134284   230.54        17.68     14        7.80344e+10   -1.47573e+11     0.24310         0.28893        1.73831      0.015309
       929        929    38.64328428    22.34425911    25.80383707   166.75    66.88   -38.98  3.87951e+08      17.49    17.33       5.78    17.48   0.019638      -0.8936      -0.1175      -0.4332   1.000000   0.333074   0.793624   0.509140   0.931792   0.917892  -0.396445   0.017484   0.831441  -0.215722  -0.461512   0.860506   232.62        17.49     14        5.92722e+10   -1.02542e+11     0.25829         0.33211        3.84908      0.020178
       909        909    38.85926332    21.75804801    25.94902263   135.66    33.37  -139.18  3.79599e+08      17.42    19.92       3.09    19.52   0.024379      -0.1801      -0.8371       0.5165   1.000000   0.819245  -0.371153   0.437129   0.864683  -0.433465   0.098249   0.895799   0.748822   0.375426   0.923359   0.080392   230.61         17.4     14        7.22897e+10   -1.24846e+11     0.10672         0.55261        2.02996      0.028153
       864        864    39.18369403    21.70505326    26.09042834   -25.18   109.75   -68.85  3.60807e+08      17.11    19.83       2.86    19.54   0.019491      -0.1406       0.7364      -0.6617   1.000000   0.981268   0.137323  -0.135112   0.965389   0.192097  -0.644523   0.740060   0.858553  -0.014545   0.752152   0.658829   231.04         17.1     14        6.88913e+10   -1.15102e+11     0.15487         0.25850        1.84820      0.022011
       856        856    38.72022324    21.63410088    26.13823444   209.77   103.93    39.24  3.57467e+08      17.02    19.71       2.90    18.88   0.046110      0.01724      -0.9998       0.0086   1.000000   0.937416   0.063620  -0.342350   0.863791   0.319638   0.232817   0.918492   0.773974  -0.138140   0.970437  -0.197911   232.52        17.02     14        6.37079e+10   -1.15786e+11     0.26335         0.46923        1.39981      0.055649
       813        813    39.45955115    21.32334896    25.92699058   112.80   170.49    33.36   3.3951e+08      16.77    15.38       4.32    17.84   0.036129      -0.9113       0.4005     -0.09498   1.000000   0.872163   0.385107   0.301702   0.938471  -0.293566   0.905318  -0.306950   0.840862  -0.391345   0.179141   0.902639   231.08        16.75     14        5.40256e+10   -7.18122e+10     0.28939         0.85322        2.90639      0.026628
       778        778    39.47280659    21.35894335    26.44104967    73.50   153.77    -5.51  3.24894e+08      16.53    18.09       3.21    18.31   0.031506       0.9728        0.203       -0.112   1.000000  -0.176300   0.310500   0.934081   0.929962   0.936984  -0.237846   0.255911   0.902243   0.301628   0.920336  -0.249001   231.07        16.51     14        5.44872e+10    -9.0469e+10     0.29026         0.29488        2.14976      0.034262
       753        753    38.73483476    22.04408740    25.94487397   126.30    45.45   127.50  3.14454e+08      16.30    18.54       3.60    17.83   0.019900      -0.1838       0.6802       0.7096   1.000000  -0.494942   0.797036  -0.346071   0.896974  -0.296325   0.219577   0.929504   0.891892   0.816838   0.562600   0.127504   233.07         16.3     14        4.99723e+10   -9.15131e+10     0.19246         0.41639        2.31828      0.023859
       752        752    39.18827667    21.37636449    26.19129871    35.90   199.77    22.28  3.14036e+08      16.33    13.96       2.67    15.07   0.022195       0.5577      -0.3694      -0.7433   1.000000   0.570619  -0.716804  -0.400731   0.949291   0.737606   0.232842   0.633816   0.887681   0.361015   0.657249  -0.661583   231.61        16.31     14        3.56664e+10   -5.83651e+10     0.19804         0.54900        1.71656      0.019713
       739        739    38.85114667    21.74024000    26.06592924     1.22    96.43  -173.13  3.08607e+08      13.78    17.58       5.32    20.51   0.017676       -0.327      -0.2761       0.9038   1.000000   0.771643  -0.235096  -0.591014   0.773352   0.385321   0.912057   0.140283   0.738979   0.506059  -0.335978   0.794370   378.45        8.492     14        6.48917e+10   -8.16247e+10     0.42664         0.31883        3.75153      0.012602
       737        737    39.44023898    21.20364188    25.87331902   160.17   186.39    33.74  3.07772e+08      16.21    15.12       2.96    15.17   0.035088       -0.978       0.1665       -0.126   1.000000  -0.525026   0.850925   0.016576   0.968772   0.838436   0.520469  -0.161667   0.847142   0.146194   0.070982   0.986706   231.85         16.2     14        3.54138e+10   -6.28629e+10     0.28390         0.74875        1.95049      0.034845
       735        735    38.98782164    21.57039898    26.21566677   147.54   -72.23    16.87  3.06937e+08      16.19    14.92       3.08    20.13   0.029544       0.8315      -0.5555     0.008439   1.000000  -0.412970   0.169302   0.894870   0.824696   0.524995  -0.758639   0.385806   0.761466   0.744202   0.629129   0.224412   232.00        16.18     14        6.21623e+10   -6.40029e+10     0.20267         0.24413        2.05682      0.007614
       721        721    39.15487482    21.67012084    26.31582020    67.08    66.16   -42.82   3.0109e+08      16.12    18.65       3.87    17.89   0.012247       -0.956      -0.1666      -0.2416   1.000000   0.752379  -0.244793   0.611558   0.907009   0.559438   0.727606  -0.397013   0.867549  -0.347787   0.640833   0.684381   230.66        16.11     14        4.81609e+10   -8.89438e+10     0.16808         0.32814        1.91612      0.015111
       711        711    38.89669517    21.81592512    26.00685510    50.18    73.46   136.04  2.96914e+08      16.01    21.03       2.65    19.76   0.003333       0.2383      -0.5105       0.8262   1.000000   0.005699  -0.635272   0.772267   0.798403  -0.655405   0.580906   0.482693   0.758972   0.755256   0.508899   0.413050   232.22        16.01     14        5.79436e+10   -1.08845e+11     0.22059         0.31625        1.26406      0.004643
       709        709    39.30374634    21.38918309    26.59673311   160.46   174.31   -42.26  2.96079e+08      15.98    15.49       3.27    17.02   0.053533      -0.6486       0.4975       0.5761   1.000000   0.704333   0.134590   0.696994   0.877249  -0.369985  -0.768353   0.522250   0.793244  -0.605827   0.625715   0.491380   232.77        15.98     14        4.28764e+10   -6.16004e+10     0.21075         0.38984        1.70443      0.045318
       676        676    39.32103124    21.39437586    26.61562673   149.43   174.68   -36.82  2.82298e+08      15.75    15.71       5.05    15.91   0.030957      0.08046       0.9207      -0.3818   1.000000  -0.365964   0.718171   0.591863   0.941525   0.641148  -0.266403   0.719694   0.875490   0.674537   0.642853  -0.362960   231.89        15.74     14        3.57205e+10   -6.04802e+10     0.20372         1.09254        4.42392      0.031377
       656        656    38.75413405    21.73120896    26.00603396   252.18    27.58   114.54  2.73946e+08      15.58    17.55       2.93    16.87   0.010213      -0.9881      -0.1521       0.0209   1.000000   0.547875  -0.235170   0.802825   0.993388   0.835306   0.206319  -0.509605   0.803774  -0.045794   0.949804   0.309476   232.27        15.58     13        3.89755e+10   -6.86727e+10     0.17233         0.33114        2.57233      0.011621
       651        651    38.95351766    21.81722625    26.16805069    91.74   103.30   -19.92  2.71858e+08      15.71    24.88       2.08    22.33   0.005063       0.5683      -0.3446      -0.7472   1.000000  -0.160254   0.838465   0.520860   0.621189   0.885808  -0.110654   0.450666   0.590612  -0.435503  -0.533603   0.724986   225.04        15.68     13        6.77721e+10   -1.35656e+11     0.09511         0.30325        1.78267      0.008812
       645        645    39.13197835    21.64440361    26.43068847   120.06    92.93   -21.54  2.69353e+08      15.50    18.97       2.51    18.59   0.008950       0.4189      -0.1049        0.902   1.000000   0.593677  -0.476260   0.648632   0.895166  -0.761863  -0.073165   0.643593   0.862283   0.259060   0.876255   0.406281   232.05         15.5     13        4.65461e+10   -7.93911e+10     0.14015         0.24366        1.61203      0.010864
       628        628    38.80290409    21.76448792    26.28856121    50.08    29.53    42.56  2.62254e+08      15.42    16.06       2.36    15.64   0.055565      -0.7658      -0.1856      -0.6157   1.000000   0.632144  -0.357544  -0.687427   0.819138   0.420000   0.903649  -0.083782   0.706356   0.651148  -0.235757   0.721404   229.56         15.4     13        3.20655e+10   -5.51898e+10     0.23434         0.36723        2.03994      0.057969
       624        624    39.35056680    21.60886429    26.37918931   124.27   182.94   -72.94  2.60583e+08      15.35    15.77       4.26    16.36   0.030196     -0.03555      -0.7007      -0.7126   1.000000   0.518395  -0.598642   0.610651   0.975899   0.739416   0.672508   0.031576   0.818267  -0.429570   0.435156   0.791270   231.27        15.34     13          3.486e+10   -5.66735e+10     0.16150         0.46598        1.93698      0.030722
       621        621    38.68117462    21.58920425    25.45619826   219.81   138.22    43.96   2.5933e+08      15.31    14.60       4.50    14.78   0.017878      -0.4422     -0.09401        0.892   1.000000   0.877442  -0.204920   0.433709   0.894539   0.399490   0.812666  -0.424242   0.788655  -0.265525   0.545510   0.794931   231.89         15.3     13        2.83343e+10   -4.91832e+10     0.15516         0.28876        2.87364      0.017846
       602        602    38.37660268    22.42525566    25.78462798   138.89    37.91     6.44  2.51396e+08      15.15    15.38       3.40    14.75   0.042403      -0.9938     -0.08702     -0.06854   1.000000   0.392258   0.137027   0.909592   0.984135  -0.539610   0.835101   0.106900   0.838137   0.744953   0.532757  -0.401516   232.13        15.14     13        2.73565e+10   -5.26509e+10     0.21717         0.49488        1.62815      0.047837
       602        602    39.05973264    21.47723152    25.97743497   111.68    91.74   -79.79  2.51396e+08      15.29    16.95       3.72    15.98   0.014207     0.007979       0.4556      -0.8902   1.000000  -0.397648   0.700463   0.592645   0.920020   0.551041  -0.334138   0.764660   0.793256   0.733641   0.630637  -0.253115   225.82        15.25     13        3.21137e+10    -5.7688e+10     0.32316         0.33999        2.45500      0.016191
       584        584    39.14284090    21.57845744    25.98451253    47.16   119.12    46.07  2.43879e+08      14.97    16.10       3.19    15.43   0.020912      -0.8118       0.1445       0.5658   1.000000   0.847402  -0.192520  -0.494819   0.898485   0.364608  -0.466466   0.805897   0.733841   0.385968   0.863334   0.325090   233.20        14.97     13         2.9024e+10    -5.3455e+10     0.15830         0.41624        2.03006      0.023762
       567        567    38.96213607    21.72305960    26.21726223   207.88   121.79    58.92   2.3678e+08      12.41    22.25       2.36    20.75   0.023135      -0.9015      -0.2246       0.3699   1.000000  -0.542019   0.300813   0.784683   0.688266   0.531782  -0.600235   0.597432   0.633028   0.650710   0.741100   0.165372   397.81        7.274     13        5.09579e+10   -9.42012e+10     0.14736         0.42545        1.45344      0.032793
       563        563    39.50565060    21.22892414    25.95863620    88.58   170.23    22.62  2.35109e+08      14.89    13.04       1.54    17.30   0.007823       -0.484      -0.7334      -0.4774   1.000000  -0.089248   0.078206   0.992934   0.825854   0.795827   0.605054   0.023876   0.705943  -0.598912   0.792334  -0.116238   228.49        14.85     13        3.51785e+10   -3.69773e+10     0.29126         0.73957        0.67067      0.002495
       541        541    38.26984802    21.98975140    25.63364328   115.68    88.79    49.62  2.25922e+08      14.60    14.44       4.05    13.65   0.019342      -0.5246      -0.6653      -0.5311   1.000000   0.985663  -0.072655   0.152283   0.963549  -0.030248   0.811830   0.583109   0.846848  -0.165994  -0.579356   0.797993   232.92         14.6     13        2.10594e+10   -4.06993e+10     0.20929         0.22641        2.53921      0.021007
       536        536    39.06239075    21.65465529    26.29709500   273.26   156.68     1.08  2.23834e+08      14.63    14.26       4.11    14.20   0.017993       0.8334      -0.4533      -0.3163   1.000000  -0.162883  -0.186549   0.968849   0.907044   0.878189   0.420180   0.228545   0.787465  -0.449726   0.888059   0.095386   229.44        14.61     13        2.25647e+10   -3.99335e+10     0.18684         0.45746        3.54641      0.018566
       530        530    39.40119558    21.27498422    25.96325973    96.87   177.90    36.48  2.21329e+08      14.51    13.29       2.42    15.53   0.132625         0.96      -0.2026       0.1934   1.000000  -0.245045  -0.513263   0.822505   0.656433  -0.117285   0.857833   0.500366   0.490533   0.962391  -0.026145   0.270406   232.38        14.51     13        2.66971e+10   -3.51582e+10     0.21980         2.58196        1.16144      0.096210
       527        527    38.43182450    22.16242274    25.71221772   158.27    89.74    74.87  2.20076e+08      14.49    14.94       3.87    15.25   0.011791       0.3137       0.4411       0.8409   1.000000   0.780768  -0.143082  -0.608218   0.902955   0.582336  -0.186180   0.791342   0.736129   0.226465   0.972041   0.062042   232.36        14.48     13        2.55975e+10   -4.06598e+10     0.32009         0.67113        2.62986      0.011466
       520        520    39.27194974    21.56262182    26.22308644   162.30   169.85    21.73  2.17153e+08      14.61    15.74       3.26    15.18   0.047807        0.607       0.3139      -0.7301   1.000000   0.669963   0.702775   0.239286   0.935013   0.685087  -0.709428   0.165432   0.761848  -0.286017  -0.053099   0.956752   223.40        14.56     13        2.50067e+10   -4.55023e+10     0.19913         0.23928        2.83344      0.055201
       488        488    39.12192095    21.61586202    26.46747578   126.50   146.20    -0.05  2.03789e+08      14.25    20.80       2.26    18.77   0.007239      -0.9552       -0.204      -0.2145   1.000000  -0.209372   0.150170   0.966236   0.963067   0.974060  -0.054722   0.219572   0.857499   0.085848   0.987145  -0.134817   226.25        14.22     13        3.59033e+10   -7.02088e+10     0.17248         0.30408        1.43950      0.011378
       483        483    39.49690604    21.05262792    25.79968842    92.81   147.87    62.26  2.01701e+08      14.08    13.02       3.10    12.61   0.016597       0.6736      -0.2287       0.7028   1.000000   0.760416   0.082723  -0.644147   0.943985   0.391294   0.733249   0.556088   0.861800  -0.518322   0.674909  -0.525205   231.78        14.07     13        1.60275e+10    -2.9646e+10     0.44257         0.79942        1.66318      0.016511
       459        459    38.65791329    21.51774582    25.32545528   170.97   154.07    54.82  1.91679e+08      13.86    13.98       4.35    13.51   0.036297      -0.1689      0.08898       0.9816   1.000000   0.509964   0.627685   0.588173   0.865856   0.146386  -0.737119   0.659717   0.828462   0.847648  -0.250332  -0.467789   231.08        13.85     13        1.74857e+10    -3.2431e+10     0.24613         0.57328        2.84350      0.039487
       448        448    39.00093241    21.61371320    26.08655289    -5.81     0.12   -44.81  1.87085e+08       9.47    19.77       2.12    19.18   0.027389      -0.3317       0.2258       -0.916   1.000000  -0.573503   0.812822   0.102052   0.802278   0.462863   0.218730   0.859020   0.717021   0.675908   0.539887  -0.501668   706.61        3.126     12        3.44137e+10   -6.11992e+10     0.22979         0.15143        1.36658      0.033786
       439        439    39.33911934    21.34561251    26.64366075   166.12   186.23   -29.77  1.83327e+08      13.62    12.48       4.58    13.83   0.033663      0.02118       0.3368      -0.9414   1.000000   0.279042   0.010801   0.960218   0.926015   0.957499  -0.079165  -0.277361   0.806524   0.073019   0.996803  -0.032433   232.69        13.62     12         1.7537e+10   -2.64242e+10     0.35582         0.40033        1.78067      0.029275
       437        437    38.95088712    21.77466471    26.05957328   161.39   143.45   297.78  1.82492e+08       7.49    17.55       3.32    18.66   0.022393      -0.1976       0.8397      -0.5059   1.000000  -0.145613   0.076956   0.986344   0.944887   0.268949   0.962504  -0.035392   0.836624   0.952084  -0.260123   0.160850  1394.53        1.252     12         3.1761e+10   -4.87044e+10     0.20109         0.26272        2.23319      0.020027
       432        432    38.78427513    21.73709024    25.91530721   -14.61    14.79    36.68  1.80404e+08      13.93    14.74       2.85    14.38   0.018529      -0.3497       0.9269       0.1361   1.000000   0.709806  -0.142697   0.689792   0.876025   0.355084   0.918225  -0.175434   0.827879  -0.608351   0.369458   0.702432   214.02        13.85     12        1.86517e+10   -3.26875e+10     0.27647         0.49893        1.79302      0.020811
       425        425    39.36700664    21.02507515    25.67607249   129.52   162.79    56.40  1.77481e+08      13.47    11.31      10.48    12.43   0.065659      -0.3975       0.3556       0.8459   1.000000   0.719907  -0.365476   0.590052   0.917898   0.156882   0.913815   0.374607   0.783196   0.676108   0.177114  -0.715198   233.09        13.47     12        1.37051e+10   -2.05721e+10     0.52245         1.14549        3.40853      0.051552
       417        417    38.95555972    21.18658732    25.82813305   181.81   205.06    17.93   1.7414e+08      13.43    11.99       4.15    13.82   0.076124       0.8786      -0.3909       0.2743   1.000000  -0.338137  -0.234618   0.911382   0.695152   0.292927   0.894079   0.338845   0.599508   0.894347  -0.381545   0.233595   230.73        13.41     12        1.66185e+10   -2.25011e+10     0.33427         1.68784        3.62471      0.056297
       404        404    39.19435928    21.55777946    26.36525106    26.72   172.75   -28.92  1.68711e+08      13.29    11.89       6.12    15.73   0.053308       0.7469      -0.2645       0.6101   1.000000   0.767179  -0.635610   0.086237   0.870086  -0.129584  -0.021909   0.991326   0.752594   0.628207   0.771700   0.099173   230.79        13.27     12        2.08736e+10   -2.13421e+10     0.51531         0.63921        4.19052      0.011423
       400        400    38.70604230    21.56192283    25.44529465   223.28   144.97    38.19   1.6704e+08      13.21    12.48       2.76    12.54   0.034790      -0.4992      -0.7826       0.3719   1.000000   0.379984   0.697871   0.607114   0.945809  -0.848833   0.002277   0.528656   0.791951  -0.367551   0.716220  -0.593241   232.43        13.21     12        1.31422e+10   -2.13584e+10     0.20976         0.26102        2.44045      0.031441
       382        382    38.76515562    21.59683807    25.82779018    67.96     9.76   156.96  1.59524e+08      13.03    11.07       7.13    12.24   0.052478       0.4205      -0.7909       0.4446   1.000000  -0.415991   0.806968   0.419229   0.983697   0.905825   0.408367   0.112769   0.857007   0.080199  -0.426659   0.900850   231.47        13.02     12        1.19405e+10   -1.81946e+10     0.18343         1.03581        6.19947      0.043026
       363        363    38.79083271    21.88129274    25.72223644   173.83     0.41    22.28  1.51589e+08      12.84    13.54       3.68    12.59   0.023065      -0.6881      -0.7015       0.1855   1.000000   0.847220  -0.067116  -0.526985   0.935412   0.530770   0.148742   0.834362   0.859346  -0.022386   0.986596  -0.161641   229.82        12.83     12        1.20132e+10   -2.40438e+10     0.10603         0.21007        1.24625      0.027400
