#  npart(1)  nvpart(2)      Xc(3)          Yc(4)          Zc(5)      VXc(6)   VYc(7)   VZc(8)    Mvir(9)      Rvir(10) Vmax(11)   Rmax(12) sigV(13) lambda(14)      Lx(15)       Ly(16)       Lz(17)     a(18)     Eax(19)    Eay(20)    Eaz(21)     b(22)     Ebx(23)    Eby(24)    Ebz(25)     c(26)     Ecx(27)    Ecy(28)    Ecz(29) ovdens(30)    Redge(31) nbins(32)     Ekin(33)       Epot(34)   mbp_offset(35)  com_offset(36)   r2(37)      lambdaE(38)
   1619828    1619828    39.35951624    22.00219353    26.16424225   113.75    99.17    19.48  6.76442e+11     204.61   183.39      52.08   187.25   0.021765       0.3416       0.5385       0.7703   1.000000  -0.078878   0.081244   0.993568   0.862637   0.812377  -0.572412   0.111299   0.774475   0.577773   0.815931  -0.020850   253.45        204.6     34        1.18587e+16   -2.02217e+16     0.05401         6.29397       18.78337      0.022198
     88003      88003    38.87389273    22.36895672    25.97206538   160.35    66.99    74.65  3.67502e+10      77.49    58.59      60.77    66.97   0.056848      -0.3615     -0.08147       0.9288   1.000000   0.761907   0.157867  -0.628152   0.912576   0.620999   0.097474   0.777727   0.761229  -0.184006   0.982638   0.023770   253.44        77.49     27        8.24119e+13   -1.18434e+14     0.07230        10.70363       26.13432      0.043105
     64487      64487    38.97435356    22.32714225    25.87280661   121.16    21.46    37.89  2.69298e+10      69.87    65.02      17.24    65.69   0.045121      -0.7036       0.5492       -0.451   1.000000  -0.632337   0.535825   0.559501   0.894718  -0.288613  -0.833171   0.471730   0.832723   0.718925   0.136813   0.681490   253.44        69.87     26        5.81052e+13    -1.0009e+14     0.09642         1.87175        6.07659      0.047860
     54266      54266    39.39149679    22.05386230    26.02738446   123.68   104.33   238.40  2.26615e+10      65.96    71.41       8.11    73.73   0.054432       -0.685      -0.3579       0.6345   1.000000   0.537709  -0.442221   0.717851   0.922574  -0.121687   0.801793   0.585082   0.791180   0.834303   0.401956  -0.377318   253.43        65.96     25        6.15972e+13   -9.63741e+13     0.05304         4.48849        4.24882      0.060674
      6191       6191    38.90430619    22.29614515    25.86723894   192.96    92.01   110.80  2.58537e+09      32.02    30.72       6.86    31.03   0.031339      -0.5367      -0.7137       0.4501   1.000000   0.936372   0.263666  -0.231705   0.921898   0.293497  -0.226060   0.928847   0.916274  -0.192526   0.937751   0.289062   252.80        32.01     20         1.2444e+12   -2.12718e+12     0.16740         1.07723        3.64295      0.033989
      5546       5546    38.88205106    22.36520018    26.00851201   150.42    95.49    81.28  2.31602e+09      18.76    33.39       5.42    40.89   0.014529      -0.6498       0.7578     -0.05861   1.000000   0.708250  -0.035500   0.705069   0.926364  -0.519558   0.649959   0.554628   0.887933   0.477955   0.759140  -0.441889  1125.12        4.227     19        1.93607e+12   -2.33142e+12     0.03246         0.89599        2.93431      0.009011
      5459       5459    38.86245184    22.35773575    25.97155488   192.22    76.33   104.57  2.27968e+09       8.01    44.96       6.47    53.80   0.018410       0.2444       0.1656       0.9554   1.000000   0.910984   0.357366  -0.205905   0.935049  -0.334159   0.932150   0.139409   0.870226   0.241754  -0.058194   0.968591 14215.95       0.1429     19        3.29949e+12   -4.01231e+12     0.08885         0.45776        3.81279      0.010180
      5152       5152    39.34443106    22.06870043    26.19310205    91.59   -64.47  -159.43  2.15148e+09      24.47    38.53       3.74    38.21   0.011219      -0.5313      -0.7274      -0.4343   1.000000  -0.041462   0.870451   0.490506   0.832656   0.040742  -0.489047   0.871306   0.736024   0.998309   0.056110  -0.015187   471.52        13.15     19        1.57081e+12   -2.72198e+12     0.05295         0.32115        2.52530      0.014595
      4501       4501    38.75336742    22.38395317    25.93874499   167.99    30.26   116.16  1.87962e+09      28.77    31.52       4.50    30.32   0.013194      -0.8172      -0.4643       0.3415   1.000000   0.248216  -0.838572  -0.484959   0.988580   0.849371  -0.052317   0.525198   0.885162   0.465788   0.542273  -0.699272   253.34        28.77     19        8.63885e+11   -1.48166e+12     0.11491         0.39876        2.34134      0.015607
      4141       4141    39.48139151    22.18256577    26.23079278   158.13    53.79   -57.73  1.72929e+09      28.01    30.87       4.09    29.47   0.037558       0.7619       0.4646       0.4512   1.000000   0.404062   0.860411  -0.310526   0.990589  -0.378565   0.466328   0.799517   0.825777   0.832720  -0.205500   0.514147   252.58           28     18        7.51078e+11    -1.3591e+12     0.15507         0.22092        2.73187      0.047271
      3863       3863    39.93000050    21.58411609    26.03710120    88.31   169.25    29.10  1.61319e+09      27.34    26.64       4.06    26.64   0.032225      -0.7494       0.6429       0.1585   1.000000   0.584959  -0.092146   0.805811   0.952256  -0.014948   0.992132   0.124303   0.841874   0.810925   0.084757  -0.578979   253.42        27.34     18        5.72551e+11   -9.72834e+11     0.16214         0.91716        2.72538      0.034852
      3158       3158    39.81765152    21.96641114    26.46990931   124.73   158.38   -48.27  1.31878e+09      25.57    19.93       7.44    23.22   0.062986      -0.6783      -0.5962      -0.4294   1.000000   0.703641   0.514836  -0.489727   0.880397   0.497706   0.134792   0.856808   0.758237  -0.507127   0.846626   0.161392   253.06        25.57     18        3.55522e+11   -4.91618e+11     0.23408         1.89412        4.04745      0.046993
      3015       3015    39.45033688    21.94601314    26.05697974   180.27   128.12   154.13  1.25907e+09      25.19    29.90       3.39    28.81   0.020354      -0.5035      -0.5943      -0.6271   1.000000   0.005573   0.358067   0.933679   0.807685  -0.870065   0.461966  -0.171971   0.744410   0.492905   0.811403  -0.314117   252.67        25.19     18        5.22547e+11   -9.53292e+11     0.12266         0.39545        2.23137      0.028088
      2735       2735    38.81971224    22.36864182    26.01648618   140.96    52.26     8.35  1.14214e+09      24.38    24.09       3.72    24.60   0.027832       -0.247      -0.8629        0.441   1.000000  -0.240677   0.679206   0.693364   0.870700   0.811880   0.532360  -0.239674   0.835885   0.531908  -0.505244   0.679560   253.06        24.37     17        3.45606e+11   -5.73796e+11     0.08634         0.57936        2.50924      0.030312
      2725       2725    38.86936671    22.34530295    25.99287662   199.70    78.05    -5.22  1.13796e+09      12.81    27.92       4.75    30.67   0.037198      -0.6255       0.7397       0.2483   1.000000   0.123844  -0.571463   0.811229   0.947847   0.555181   0.717497   0.420680   0.847497   0.822458  -0.398280  -0.406123  1738.69        1.867     17        5.35174e+11   -8.05762e+11     0.13225         0.43784        2.01315      0.032094
      2265       2265    39.50948555    21.95550457    25.98451510    64.81   122.39   -27.63  9.45867e+08      22.91    29.04       2.96    26.75   0.006294      -0.4737       0.7743       0.4195   1.000000   0.826952   0.008043  -0.562215   0.804910   0.496604  -0.479381   0.723588   0.772386   0.263695   0.877570   0.400419   252.40        22.91     17        3.38441e+11   -6.44846e+11     0.06740         0.34281        1.93292      0.009299
      2243       2243    39.36350839    21.99347175    26.15169051   150.18     3.55  -321.91  9.36679e+08       5.45    45.84       2.21    64.31   0.034382       0.2885       0.6244       0.7258   1.000000   0.416239  -0.254426   0.872933   0.881977  -0.005715   0.959302   0.282324   0.858684   0.909237   0.122503  -0.397845 18544.13      0.07452     17        1.93689e+12   -1.64229e+12     0.03754         0.09696        1.58961      0.024536
      2228       2228    39.22532344    21.97576457    26.00582653   112.35   103.96    -7.08  9.30415e+08      22.76    26.12       3.46    23.70   0.010028       0.1732       0.7438       0.6456   1.000000   0.636614   0.289175   0.714913   0.764369  -0.659610   0.684471   0.310506   0.722991   0.399546   0.669237  -0.626486   253.17        22.76     17        2.61205e+11   -4.91346e+11     0.12428         0.18712        2.33034      0.013011
      2094       2094    38.89557447    22.38047112    26.01415619   162.24   123.79    84.87  8.74457e+08      14.48    25.45       2.90    28.16   0.039891      -0.8463       0.0577       0.5296   1.000000   0.666069  -0.034272   0.745103   0.930571  -0.560867  -0.681545   0.470027   0.848801  -0.491712   0.730973   0.473177   924.84        3.968     17        3.46823e+11   -4.98341e+11     0.04063         1.35182        1.96099      0.035634
      2047       2047    39.05634824    22.24188762    25.88824384   151.66    30.79    -7.41   8.5483e+08      22.13    23.34       4.80    22.47   0.015051       0.8307      -0.5464      -0.1069   1.000000  -0.523542   0.736901  -0.427645   0.880094  -0.833103  -0.337643   0.438106   0.819170   0.178449   0.585639   0.790685   253.31        22.12     17        2.15818e+11   -3.87758e+11     0.20523         0.31219        2.55847      0.018112
      1985       1985    38.92431002    22.37791438    25.87676734   161.68   -36.19    40.52  8.28938e+08      21.99    22.86       3.61    21.50   0.015395      0.02313      -0.3429      -0.9391   1.000000   0.842405  -0.507379  -0.181437   0.963857   0.388732   0.805414  -0.447433   0.858493   0.373150   0.306389   0.875720   250.32        21.97     16        1.91531e+11   -3.59981e+11     0.10554         0.67984        2.32206      0.018850
      1787       1787    39.44945261    21.78186723    26.18156599    15.96   213.59    68.90  7.46253e+08      21.18    21.59       4.46    21.24   0.029686      -0.1472       -0.364      -0.9197   1.000000   0.272521   0.853970  -0.443246   0.898615  -0.567762   0.514657   0.642475   0.801280   0.776775   0.076570   0.625107   252.22        21.17     16        1.68255e+11   -2.90324e+11     0.20964         0.55896        3.04772      0.033732
      1671       1671    39.53069737    22.15175471    26.20144571   -24.45   109.87   -89.64  6.97812e+08      20.74    20.33       5.29    19.49   0.012096       0.1771       0.9257      -0.3342   1.000000   0.861662   0.432325   0.265771   0.942613  -0.505514   0.777289   0.374537   0.921797  -0.044659  -0.457075   0.888306   250.87        20.73     16        1.32582e+11   -2.45162e+11     0.19691         1.01623        2.69834      0.013972
      1526       1526    39.35364304    22.02258844    26.24914208   287.44    85.90    -6.53  6.37259e+08      13.63    31.10       2.70    29.02   0.008267      -0.1964       0.9101       0.3648   1.000000   0.687897  -0.232853  -0.687443   0.817032   0.682252  -0.115722   0.721900   0.757279   0.247649   0.965602  -0.079260   807.56        4.278     16        2.68334e+11   -5.11711e+11     0.13761         0.22669        1.81577      0.012463
      1452       1452    39.69769421    21.83519971    26.10387266    68.08   182.33    86.33  6.06357e+08      19.82    19.71       2.76    18.65   0.016499       -0.615       0.7039      -0.3555   1.000000  -0.169347   0.915299  -0.365443   0.967373   0.982566   0.185660   0.009685   0.775119  -0.076713   0.357432   0.930783   249.89         19.8     16        1.05466e+11   -1.99287e+11     0.15090         0.65262        1.37909      0.019570
      1382       1382    39.36502802    21.99686495    26.16941954   173.57   109.73  -378.67  5.77125e+08       3.00    38.92       2.03    45.01   0.011634       0.7597       0.1142       0.6401   1.000000   0.071948  -0.293032   0.953392   0.921695  -0.670410   0.693530   0.263755   0.859628   0.738494   0.658140   0.146554 68318.19            0     15        5.84473e+11    -7.1905e+11     0.13461         0.08009        1.52388      0.006760
      1303       1303    39.15019451    22.10492908    26.33935330   153.39    72.96    49.36  5.44134e+08      19.07    25.14       2.11    23.01   0.009050       0.2365      -0.9201      -0.3121   1.000000   0.725693  -0.366284  -0.582414   0.922592   0.494802  -0.310339   0.811702   0.841510   0.478059   0.877226   0.043973   251.70        19.07     15        1.44011e+11   -2.78722e+11     0.12221         0.35704        1.33119      0.014060
      1289       1289    39.42252980    22.01773708    26.22680541   113.88   286.46     9.90  5.38288e+08      12.48    29.41       2.00    27.79   0.016285       -0.858      -0.1319       0.4964   1.000000   0.728563  -0.358995   0.583368   0.850698   0.123263   0.906468   0.403883   0.771697  -0.673797  -0.222347   0.704670   889.47        3.555     15        2.07862e+11   -3.89295e+11     0.11374         0.37384        1.27851      0.024007
      1224       1224    39.40534446    22.05545195    26.03843647    27.76    89.85  -101.56  5.11144e+08       6.41    25.98       4.46    27.11   0.013318      -0.7791      -0.1627      -0.6054   1.000000   0.034481   0.383421   0.922930   0.949475   0.458482   0.814500  -0.355504   0.861780   0.888034  -0.435405   0.147707  6219.53       0.2613     15        1.87836e+11   -2.93226e+11     0.11301         0.17860        2.37747      0.011298
      1212       1212    39.79500193    21.94487735    26.47333913   131.67   167.68   -41.64  5.06133e+08      18.59    17.77       4.14    20.52   0.035064       0.5491      -0.1365       0.8245   1.000000  -0.528101  -0.313459   0.789210   0.965120   0.645425   0.455799   0.612922   0.827045  -0.551847   0.833061  -0.038394   252.90        18.59     15        1.06546e+11   -1.36923e+11     0.15448         0.99997        3.60038      0.027456
      1170       1170    39.40851631    21.93916881    26.14846997   234.61   -55.77   -41.77  4.88593e+08      14.18    17.78       7.15    23.65   0.018770      -0.9225     -0.05674      -0.3818   1.000000   0.138046   0.772959   0.619256   0.927562  -0.827953  -0.253068   0.500450   0.866876   0.543541  -0.581800   0.605038   549.81        6.537     15        1.36611e+11    -1.4037e+11     0.41260         0.74354        2.05425      0.004679
      1146       1146    39.21815872    22.00473848    26.03386406   120.84     0.40  -108.55  4.78571e+08      18.25    20.90       2.46    19.85   0.017373      -0.6621      -0.5248       0.5351   1.000000   0.836664  -0.255632   0.484403   0.838792  -0.064015   0.832703   0.550007   0.742916  -0.543963  -0.491180   0.680328   252.53        18.25     15        9.42923e+10   -1.68082e+11     0.09566         0.40928        2.10768      0.022221
      1090       1090    39.41295046    22.03418857    25.69829062   205.96   127.31   110.11  4.55185e+08      17.94    14.90       3.91    16.16   0.134310       0.5749       0.5478       0.6077   1.000000  -0.422813  -0.294716   0.856955   0.555780   0.159296   0.906745   0.390434   0.528393  -0.892106   0.301590  -0.336437   253.18        17.93     15        5.94279e+10   -8.57493e+10     0.15081         3.22537        2.50771      0.106927
      1017       1017    39.15309363    21.96165199    26.08013953    51.54    50.32   -65.22    4.247e+08      17.55    20.13       1.87    18.91   0.019996       0.3915       0.9146      -0.1016   1.000000   0.928817   0.229475   0.290931   0.801522  -0.333873   0.177760   0.925705   0.741507  -0.160710   0.956944  -0.241722   252.19        17.54     15        7.59194e+10   -1.18876e+11     0.12861         0.46033        1.64469      0.021561
       979        979    39.11884776    22.47899790    25.74728854   127.91    21.63     7.20  4.08832e+08      17.39    17.61       3.17    17.11   0.021818      -0.9968      0.07175     -0.03494   1.000000   0.978906   0.108744   0.172971   0.990875   0.013763   0.809574  -0.586857   0.897323  -0.203849   0.576858   0.791000   249.58        17.36     15        5.98153e+10   -1.07231e+11     0.30770         0.36981        1.73614      0.025556
       956        956    39.46192443    21.85653999    26.13457087   153.78    34.43  -132.47  3.99227e+08      17.28    19.23       2.41    18.30   0.043571       0.6591       0.2045       0.7237   1.000000  -0.431370   0.818237  -0.380010   0.873690   0.900709   0.414605  -0.129718   0.832929  -0.051414   0.398235   0.915841   248.43        17.25     14        6.68523e+10   -1.14901e+11     0.10426         1.11178        1.49187      0.052446
       901        901    38.81738051    22.37495010    26.02345030   145.41   -22.81    83.57  3.76259e+08       6.74    21.82       4.02    24.60   0.035020       0.5678       -0.713       0.4114   1.000000   0.510774   0.459891   0.726368   0.727497   0.448849   0.577950  -0.681548   0.672620  -0.733242   0.674147   0.088780  3946.75       0.4327     14        1.13835e+11   -1.55939e+11     0.10972         0.39040        2.75216      0.026147
       874        874    39.22500289    22.04308369    26.28185424    70.64   104.83    78.66  3.64983e+08      16.72    22.46       2.83    19.66   0.013828      -0.8582      -0.5082     -0.07179   1.000000  -0.673186   0.086025   0.734453   0.811386   0.312131  -0.867338   0.387684   0.666952   0.670369   0.490229   0.557028   250.64        16.71     14        7.05499e+10   -1.39891e+11     0.22624         0.16414        1.83511      0.021514
       863        863    39.64802267    21.87910826    26.41405137    28.25   160.43   -21.40   3.6039e+08      16.60    18.06       3.07    17.60   0.020730       0.9666       0.1174       0.2278   1.000000   0.892393  -0.327379  -0.310576   0.973531   0.398074   0.246958   0.883487   0.930475   0.212536   0.912050  -0.350704   252.66         16.6     14        5.58072e+10   -9.58772e+10     0.05075         0.43012        1.87586      0.024745
       854        854    39.41451578    21.89719894    25.89530366   154.40    92.97    78.83  3.56631e+08      16.55    20.05       2.29    18.44   0.006601       0.7477       -0.625      -0.2244   1.000000  -0.121849   0.703265   0.700408   0.916756  -0.684095   0.451780  -0.572633   0.820451   0.719143   0.548920  -0.426051   252.71        16.54     14        6.06393e+10   -1.11893e+11     0.16845         0.25175        2.00546      0.008990
       852        852    39.72378427    21.85733637    26.06492438    39.45   157.89    52.02  3.55796e+08      16.54    15.41       2.93    16.17   0.052542      -0.6895       0.7025       0.1761   1.000000   0.160225   0.986975  -0.014426   0.993207   0.891367  -0.138395   0.431638   0.875236  -0.424020   0.082018   0.901931   252.16        16.54     14        4.65148e+10    -7.1337e+10     0.15416         0.27427        1.92395      0.049912
       811        811    39.25522744    21.92321273    25.92400452   180.53    42.75   -13.40  3.38675e+08      16.29    20.07       1.82    18.92   0.024746      -0.3459      -0.1737        0.922   1.000000   0.700283  -0.173091   0.692563   0.967156  -0.407479   0.699660   0.586887   0.868956   0.586143   0.693192  -0.419429   251.54        16.28     14        6.06283e+10    -1.0632e+11     0.17893         0.40819        1.57494      0.033245
       776        776    39.86593413    21.79808252    26.02688146    92.38   172.81    54.43  3.24059e+08      16.02    15.66       2.86    15.23   0.034362      -0.8843     -0.00891      -0.4669   1.000000  -0.219882   0.971253   0.091217   0.924014   0.973164   0.224892  -0.048738   0.855585   0.067851  -0.078052   0.994638   252.90        16.02     14        3.75788e+10   -6.64946e+10     0.16138         0.57355        1.41239      0.038065
       756        756    39.30096326    21.99895800    26.28381936   269.70   -74.05     2.06  3.15706e+08      12.87    18.56       2.67    17.98   0.018144      -0.1094       0.9247       0.3647   1.000000   0.824762  -0.124528  -0.551598   0.839183   0.369422  -0.619867   0.692309   0.801860   0.428129   0.774763   0.465240   475.83        6.853     14        5.10454e+10   -9.10711e+10     0.08590         0.81521        1.68580      0.021751
       731        731    39.38950614    21.96206824    26.18968206   222.52  -165.28   -86.89  3.05266e+08       7.04    22.31       2.61    25.54   0.008298      -0.5152      -0.6588       0.5483   1.000000   0.309464  -0.051325   0.949525   0.852929  -0.512287   0.832250   0.211948   0.713704   0.801120   0.552020  -0.231258  2807.11       0.6357     14        9.95529e+10   -1.27816e+11     0.11158         0.14582        1.80995      0.006396
       722        722    39.71478774    21.78324387    26.04727154    32.16   171.07    39.21  3.01508e+08      15.64    13.75       2.76    17.16   0.017839         0.39      -0.9205     -0.02365   1.000000   0.699204   0.163469   0.695982   0.935032  -0.675174  -0.169096   0.718016   0.832453  -0.235061   0.971949   0.007862   252.93        15.64     14        4.44153e+10   -4.82944e+10     0.22344         0.50249        1.80783      0.007686
       707        707    39.16051145    22.13827697    26.20870666    85.81   133.17    41.52  2.95244e+08      15.53    21.25       2.14    19.11   0.017967      -0.7139      -0.6748       0.1872   1.000000   0.914073  -0.376894  -0.149736   0.798930   0.280232   0.320098   0.904990   0.718917   0.293156   0.869188  -0.398211   252.96        15.53     14         5.3897e+10   -1.02955e+11     0.11121         0.26311        1.32477      0.028015
       682        682    39.50705822    21.90126182    26.00228736    41.16   176.90    34.25  2.84804e+08      15.50    19.84       1.69    17.96   0.014308         0.53       -0.816       -0.231   1.000000  -0.677759   0.734210   0.039727   0.907343   0.636313   0.612748  -0.468664   0.862800   0.368440   0.292362   0.882483   245.67        15.46     14        4.59415e+10   -8.35339e+10     0.21140         0.21045        1.12453      0.020223
       639        639    38.85254246    22.50851007    25.83952964   149.26    10.46    30.35  2.66847e+08      15.15    15.69       1.39    14.58   0.044478      -0.9873       -0.136      0.08208   1.000000  -0.093292   0.970116   0.223991   0.918519  -0.489782  -0.240586   0.837993   0.879214   0.866839  -0.031529   0.497590   246.54        15.12     13        2.83688e+10    -5.5649e+10     0.11471         0.55589        0.84270      0.056506
       623        623    39.53602494    22.11026398    26.12048255   -38.34    94.52   -70.83  2.60166e+08      15.03    15.67       2.81    15.14   0.026356      0.07303      -0.7787      -0.6231   1.000000   0.935113   0.267208   0.232732   0.899313   0.017283  -0.690398   0.723223   0.788292  -0.353929   0.672273   0.650218   246.02           15     13        2.98253e+10   -5.19817e+10     0.09490         1.27491        1.71943      0.030830
       621        621    39.78523079    21.56217273    26.00595769    78.18   162.36    61.52   2.5933e+08      14.87    13.27       4.75    12.95   0.003502       0.5284       0.8256       0.1979   1.000000  -0.003734  -0.323277   0.946297   0.885043   0.994189  -0.103004  -0.031265   0.827035   0.107579   0.940682   0.321783   253.07        14.87     13        2.17414e+10   -3.88538e+10     0.32418         0.32177        3.12521      0.003593
       600        600    39.14987735    22.10540918    25.74782123   167.52    92.04   127.42  2.50561e+08      14.81    11.10      11.58    20.96   0.016726       0.4415       0.6507       0.6179   1.000000   0.175096  -0.045991   0.983477   0.839216   0.903084   0.405370  -0.141826   0.642700  -0.392149   0.912995   0.112513   247.43        14.76     13        5.50589e+10   -2.66519e+10     0.48919         0.57832        8.07277      0.022837
       598        598    38.75650176    22.33299548    25.83533893   174.98   110.73    75.95  2.49726e+08      14.80    14.62       2.12    13.35   0.019919       -0.458      -0.8866      -0.0647   1.000000   0.961601  -0.083933   0.261302   0.866913  -0.028902   0.915826   0.400535   0.800756  -0.272925  -0.392707   0.878233   247.27        14.77     13        2.22511e+10   -4.37806e+10     0.17027         0.57950        1.82333      0.023747
       578        578    39.78432059    21.57735714    25.86213623   113.63   171.91    56.36  2.41373e+08      14.61    11.11      11.50    11.44   0.062431      0.08841       0.6337       0.7685   1.000000   0.928277  -0.253441   0.272158   0.775781  -0.108205   0.516097   0.849668   0.698111   0.355800   0.818176  -0.451658   248.31        14.57     13        1.58072e+10   -2.70235e+10     0.47646         0.58771        2.44009      0.055225
       578        578    39.29500075    22.00680393    26.27302007    92.78    69.11   162.26  2.41373e+08       9.75    19.47       1.53    18.80   0.010669      -0.7743       0.5779      -0.2578   1.000000  -0.642736  -0.166654   0.747741   0.718762  -0.216425   0.975793   0.031449   0.696482   0.734881   0.141617   0.663245   836.63        2.953     13        4.26644e+10   -7.04774e+10     0.11429         0.30376        1.32376      0.012138
       545        545    39.62831270    21.87143241    26.09916377    23.98   192.68    49.47  2.27593e+08      14.29    14.78       2.22    14.59   0.095594         0.95      -0.2634       0.1676   1.000000  -0.166053   0.096985   0.981336   0.972094  -0.499913   0.849517  -0.168548   0.870200   0.850008   0.518570   0.092580   250.37        14.28     13        2.42287e+10   -3.94355e+10     0.16257         0.38427        1.40911      0.103262
       532        532    39.23248802    22.01747065    25.55447503   173.84   144.81    89.29  2.22164e+08      14.12    14.35       2.44    13.87   0.038056     -0.09997       0.0685       0.9926   1.000000   0.077035   0.804652  -0.588728   0.949204   0.988982  -0.136536  -0.057203   0.857013   0.126411   0.577835   0.806304   253.11        14.12     13        2.13837e+10   -3.83686e+10     0.21662         0.25204        1.59362      0.044248
       519        519    39.60283042    21.99930959    26.32958188    63.24   103.29     2.44  2.16735e+08      13.88    16.24       2.21    15.02   0.025538      -0.4093       0.3017      -0.8611   1.000000   0.598049   0.205229   0.774738   0.904511   0.750280  -0.483261  -0.451153   0.810145   0.281811   0.851082  -0.442993   260.39        13.51     13        2.44493e+10   -4.58655e+10     0.12016         0.14375        1.91857      0.033876
       518        518    39.43548701    22.02234472    26.07725714   -16.76   163.08   -10.60  2.16317e+08      12.44    20.18       1.83    18.53   0.001531      -0.2372      -0.8995        0.367   1.000000   0.917009  -0.141056  -0.373091   0.879061   0.184270  -0.679759   0.709910   0.746898   0.353749   0.719744   0.597353   360.61        8.743     13        3.71361e+10   -7.12804e+10     0.11086         0.33767        1.15164      0.002433
       516        516    39.31209604    21.97557000    25.89701897   202.92    68.42    57.09  2.15482e+08      14.01    16.41       2.47    14.93   0.013933       0.7913       0.6106     -0.03168   1.000000   0.263584  -0.107067   0.958676   0.951666   0.958992  -0.078273  -0.272412   0.855073   0.104205   0.991166   0.082045   251.63           14     13        2.40103e+10    -4.5661e+10     0.28443         0.38364        2.15724      0.018780
       511        511    39.19133858    21.97547199    26.34171650   163.92    97.19    58.45  2.13394e+08      14.11    17.96       1.88    16.54   0.007664      -0.7514       -0.646       0.1345   1.000000   0.484130   0.219528   0.847010   0.915201   0.836744   0.166937  -0.521529   0.849154  -0.255887   0.961218  -0.102869   243.92        14.08     13        2.91793e+10   -5.68388e+10     0.13579         0.21346        1.14996      0.011833
       488        488    39.48630500    22.08605914    26.21398456   -53.04   109.23   -43.20  2.03789e+08      12.67    15.52       2.43    14.61   0.046022       0.5783       0.3759       -0.724   1.000000   0.684813  -0.714851  -0.141490   0.959675   0.660036   0.526175   0.536183   0.778468  -0.308842  -0.460573   0.832159   321.57        9.986     13         2.1745e+10   -4.17203e+10     0.19642         0.67929        1.62402      0.059920
       487        487    39.21918738    22.05793856    26.12054522   -30.89   169.10    17.58  2.03372e+08      14.10    17.63       1.58    17.55   0.014267       0.3164      -0.5001      -0.8061   1.000000   0.916806  -0.383088   0.112742   0.756462   0.299621   0.846542   0.439993   0.715976  -0.263997  -0.369608   0.890896   232.91        14.02     13        3.13134e+10   -4.52109e+10     0.14569         0.32433        1.36962      0.016378
       482        482    39.55066762    22.06091893    26.09614777    13.26    77.60   -56.65  2.01284e+08      13.75    14.99       2.14    14.67   0.020502       0.8469      -0.5035       0.1708   1.000000   0.596536  -0.224690   0.770493   0.926499   0.791077   0.002612  -0.611711   0.775203   0.135433   0.974427   0.179305   248.44        13.73     13        2.16735e+10   -3.68384e+10     0.07504         0.36784        1.35728      0.024531
       468        468    39.33897703    22.04263088    26.05502433    84.75   204.34   186.41  1.95437e+08       8.38    17.21       1.90    16.51   0.006182        0.048       0.4178      -0.9073   1.000000   0.568247  -0.026996   0.822415   0.921700   0.741328  -0.416958  -0.525907   0.890478   0.357110   0.908525  -0.216922  1064.82        1.995     13        2.66454e+10   -4.75815e+10     0.23105         0.29941        1.31955      0.006989
       455        455    39.30438918    22.00582216    26.11417292    98.96    12.23  -142.07  1.90009e+08       6.17    23.58       1.27    21.45   0.016156      -0.3837      -0.4082       0.8284   1.000000   0.968539  -0.007618   0.248746   0.887348  -0.046566   0.976330   0.211212   0.823729  -0.244468  -0.216150   0.945259  2595.76       0.6025     12        4.36977e+10   -8.77981e+10     0.13262         0.20038        0.79727      0.023393
       424        424    39.08808615    21.87960240    26.15919022   184.30    83.58    83.08  1.77063e+08      13.10    14.45       2.37    13.43   0.003516       0.8129       0.2832      -0.5089   1.000000   0.851757   0.409903  -0.326328   0.827967  -0.513577   0.776443  -0.365205   0.779384   0.103677   0.478660   0.871857   253.03        13.09     12        1.59602e+10   -2.95238e+10     0.21257         0.35720        1.55843      0.004414
       423        423    39.80407455    21.96614995    26.49269814   117.57   173.04   -70.76  1.76645e+08      13.22    11.80       1.98    12.22   0.028994     -0.01181      -0.5845      -0.8113   1.000000   0.241393  -0.204360   0.948666   0.907413   0.970245   0.069774  -0.231853   0.788389  -0.018811   0.976406   0.215122   245.18        13.19     12        1.31819e+10   -2.22713e+10     0.23507         0.36695        1.24404      0.030013
       422        422    39.38074608    21.81001017    25.97746897    83.04    36.57    -8.44  1.76228e+08      13.16    13.79       2.56    14.64   0.046925      -0.3588      -0.1828       0.9154   1.000000   0.103414   0.948848   0.298318   0.835559  -0.484691  -0.213831   0.848145   0.720052   0.868550  -0.232303   0.437785   248.25        13.14     12         1.8891e+10   -2.68545e+10     0.22767         0.56243        1.59036      0.045460
       409        409    39.37693693    22.03430850    26.15638877  -103.92   -31.13  -217.67  1.70799e+08       4.78    20.25       1.40    19.35   0.006307       0.2679       0.3418      -0.9008   1.000000   0.406956   0.871174  -0.274669   0.970205   0.860789  -0.265128   0.434453   0.862727  -0.305662   0.413235   0.857792  5014.44       0.2417     12        3.19681e+10   -6.00851e+10     0.05555         0.18434        1.21528      0.007141
       406        406    39.44544075    21.79705040    26.35677290   125.79    57.82   -41.73  1.69546e+08      12.98    16.34       2.02    14.60   0.015814      -0.8743       0.3296      -0.3562   1.000000  -0.211018   0.932802  -0.292149   0.888139   0.884809   0.055256  -0.462667   0.850619   0.415433   0.356127   0.837012   249.11        12.96     12        1.80657e+10   -3.46087e+10     0.12619         0.16046        1.28689      0.022790
       406        406    39.29851655    22.01610275    26.14184248   -10.53  -115.00  -153.54  1.69546e+08       5.32    16.19       3.18    19.41   0.049590       0.2385       0.2559       0.9368   1.000000  -0.603520   0.795212   0.058319   0.959319  -0.332645  -0.317580   0.887970   0.772294   0.724645   0.516508   0.456189  3606.58       0.3741     12        3.19249e+10   -3.84679e+10     0.21382         0.27393        2.17847      0.028790
       404        404    39.83601080    21.92955189    26.42440256    84.09   191.66     0.14  1.68711e+08      12.88    11.13       3.26    11.17   0.045332       0.1668       0.6636      -0.7292   1.000000   0.978471   0.206147  -0.009849   0.711257  -0.092139   0.479040   0.872944   0.640493  -0.184673   0.853243  -0.487721   253.18        12.88     12        1.05186e+10   -1.78393e+10     0.32421         1.52736        2.18280      0.043523
       403        403    39.34840187    21.94230528    26.14003800   333.32   221.69  -108.99  1.68293e+08       7.61    16.24       1.88    15.89   0.030976      -0.7011      -0.7024      -0.1229   1.000000   0.498832   0.860616  -0.102506   0.868446  -0.132237   0.192462   0.972354   0.843520   0.856551  -0.471486   0.209811  1225.97        1.573     12        2.12512e+10   -3.79719e+10     0.22232         0.27186        1.24539      0.034626
       393        393    39.31339505    21.95075781    25.85405575   177.14    62.60    17.57  1.64117e+08      12.88    14.47       2.06    13.45   0.017799       0.9391      -0.3407      0.04408   1.000000   0.230666   0.289604   0.928936   0.917876   0.955853  -0.246049  -0.160642   0.896144   0.182041   0.924981  -0.333574   246.24        12.86     12        1.48491e+10   -2.82642e+10     0.29456         0.34197        1.31414      0.023781
       383        383    39.76393196    21.85492475    26.06950113    44.12   166.94    56.53  1.59941e+08      12.56    11.74       3.94    11.05   0.013498      -0.1162       0.3397       0.9333   1.000000   0.987618   0.101691   0.119452   0.936433  -0.152477   0.801290   0.578520   0.843102  -0.036885  -0.589570   0.806874   258.96        12.29     12        9.75649e+09   -1.90661e+10     0.22939         0.33551        2.57948      0.015222
       364        364    39.36489331    22.03424365    26.19846452    25.12   227.58  -139.58  1.52007e+08       4.88    19.19       1.58    19.28   0.013778        -0.17     -0.01758       0.9853   1.000000   0.012672   0.803650   0.594967   0.927896   0.912621  -0.252444   0.321551   0.819907  -0.408610  -0.538905   0.736627  4210.00       0.2935     12        2.82556e+10   -4.71843e+10     0.16034         0.15114        1.38712      0.014523
       354        354    39.41960767    22.03847411    25.68349039   197.34   135.06   113.07  1.47831e+08      11.01    11.81       3.26    13.01   0.024559        0.747      -0.1751       0.6413   1.000000  -0.551153  -0.160965   0.818731   0.843555   0.533049   0.686967   0.493898   0.733881  -0.641942   0.708637  -0.292821   355.73        7.843     12        1.25082e+10   -1.83977e+10     0.04473         0.47564        1.54166      0.022309
       354        354    39.42126139    21.87617282    25.98997640   190.58    51.95   160.06  1.47831e+08      11.18    13.95       2.06    12.86   0.024906      -0.5303      -0.8156       0.2315   1.000000   0.374747  -0.710139  -0.596043   0.913572   0.925749   0.321659   0.198809   0.717438   0.050540  -0.626289   0.777951   339.11        8.359     12        1.22196e+10   -2.36999e+10     0.13358         0.39340        1.25979      0.031841
       350        350    39.39446058    21.93674391    26.17010331    93.59   -26.88   -42.27   1.4616e+08       7.16    19.84       1.10    17.98   0.014689       0.8479     -0.06293      -0.5265   1.000000  -0.310139   0.900641  -0.304400   0.835814   0.366092   0.408637   0.836058   0.759080   0.877377   0.147856  -0.456452  1280.17        1.417     12        2.36289e+10   -4.60093e+10     0.04919         0.39099        0.94884      0.021212
       343        343    39.26084659    21.87479441    26.35784535   225.06   165.22   101.98  1.43237e+08      12.33    10.35       5.26    10.30   0.017466       0.2894      -0.6976       0.6555   1.000000   0.503551   0.660247   0.557234   0.957239  -0.863953   0.388223   0.320730   0.807332  -0.004570  -0.642928   0.765913   245.30        12.29     12        7.59892e+09   -1.39037e+10     0.26948         0.46111        1.48369      0.017930
       341        341    38.91125718    21.65565849    25.89483877   200.68   176.80    21.37  1.42402e+08      12.34    12.76       1.90    12.64   0.025650       0.9867      0.09148       -0.134   1.000000   0.595042   0.748015   0.293937   0.867945  -0.473074   0.030330   0.880500   0.748143   0.649712  -0.662989   0.371914   243.24         12.3     12        1.13794e+10   -1.81969e+10     0.09210         0.45068        1.64400      0.027554
       335        335    38.87491403    22.33517714    25.97133730    96.30    81.10    91.66  1.39896e+08      10.24    13.89       2.71    13.62   0.027362      -0.6881       0.7254      0.01828   1.000000   0.843674  -0.253809  -0.473071   0.882815   0.399267  -0.292433   0.868947   0.842602   0.358888   0.921989   0.145380   417.80        6.214     12        1.29825e+10   -2.30843e+10     0.23154         0.41099        1.40947      0.033182
       321        321    39.40282997    21.92870087    26.09787562    70.96   305.11     0.30   1.3405e+08       9.46    14.15       2.43    13.43   0.012380       0.1338      -0.9106      -0.3911   1.000000  -0.452427   0.830789   0.324190   0.812794  -0.271471  -0.474571   0.837309   0.744228   0.849478   0.290813   0.440244   508.77        4.711     12        1.20865e+10   -2.17952e+10     0.31967         0.37021        1.62961      0.014759
       315        315    38.81722440    22.34780551    25.98656470   214.94    95.20   124.38  1.31544e+08      12.03    13.88       1.44    12.52   0.013950      -0.2763      -0.6429       0.7144   1.000000   0.963235   0.230613  -0.137824   0.868330  -0.260324   0.674372  -0.690981   0.759404  -0.066404   0.701456   0.709613   242.65           12     11        1.03053e+10   -1.94045e+10     0.06963         0.34641        1.22488      0.018503
       298        298    39.76106039    21.97817257    26.51672536   112.37   171.87   -63.81  1.24445e+08      11.77    11.78       2.45    11.27   0.024026      -0.2331      -0.4624       0.8555   1.000000   0.403424  -0.573127   0.713285   0.919126  -0.752197   0.236141   0.615172   0.862134   0.521007   0.784706   0.335839   244.81        11.74     11        7.89936e+09   -1.41657e+10     0.24276         0.70649        2.11581      0.027656
       294        294    39.72227614    21.77317496    26.14397758    48.91   179.20    77.02  1.22775e+08      11.65    11.12       2.61    10.44   0.043683       0.6706       -0.332       0.6634   1.000000   0.996644   0.065586  -0.048978   0.984193  -0.071532   0.988717  -0.131609   0.860502   0.039794   0.134671   0.990091   248.93        11.64     11        6.69353e+09   -1.22715e+10     0.17644         0.27635        2.27207      0.047845
       290        290    39.96589639    21.62838592    26.16320175    78.05   150.80    17.01  1.21104e+08      11.64    11.50       2.12    10.36   0.026078       0.6481      -0.7515       0.1235   1.000000  -0.451869   0.088310   0.887703   0.906688  -0.229801   0.949983  -0.211481   0.794869   0.861978   0.299557   0.408974   246.45        11.62     11        6.49562e+09   -1.27723e+10     0.14945         0.54147        1.29349      0.030697
