#  npart(1)  nvpart(2)      Xc(3)          Yc(4)          Zc(5)      VXc(6)   VYc(7)   VZc(8)    Mvir(9)      Rvir(10) Vmax(11)   Rmax(12) sigV(13) lambda(14)      Lx(15)       Ly(16)       Lz(17)     a(18)     Eax(19)    Eay(20)    Eaz(21)     b(22)     Ebx(23)    Eby(24)    Ebz(25)     c(26)     Ecx(27)    Ecy(28)    Ecz(29) ovdens(30)    Redge(31) nbins(32)     Ekin(33)       Epot(34)   mbp_offset(35)  com_offset(36)   r2(37)      lambdaE(38)
    169174     169174    37.97904839    20.75014794    26.14250374    90.98    77.97   -17.82  7.06473e+10     101.36   134.83      81.92   159.64   0.096238      -0.7846       0.5225      -0.3337   1.000000   0.603245   0.403017  -0.688239   0.773213   0.779875  -0.117374   0.614832   0.582274  -0.167007   0.907635   0.385108   217.76        101.4     28        9.00256e+14   -1.07191e+15     0.20550        23.74508       59.86295      0.050229
     55809      55809    37.88892084    20.97016054    25.78133692    16.24    19.59    43.56  2.33059e+10      70.04    93.46      56.25   113.14   0.058845      -0.5404       0.4365       0.7193   1.000000  -0.423826   0.719504  -0.550168   0.694933   0.165458   0.658704   0.733984   0.608198   0.890503   0.220052  -0.398224   217.74        70.03     25        1.49166e+14   -1.71335e+14     0.14562        10.26867       40.73469      0.027812
     42699      42699    37.75615465    21.04146732    25.61470035   122.64    45.85    58.20  1.78312e+10      64.05    83.12      52.40    96.15   0.030909      -0.8827       0.4371       0.1726   1.000000  -0.366975   0.849284   0.379534   0.828984  -0.408030  -0.513616   0.754791   0.765333   0.835967   0.122129   0.535018   217.76        64.05     25        8.24199e+13   -1.07428e+14     0.23311         4.75414       58.22674      0.019394
     35686      35686    37.77051613    21.23535303    25.56934947    43.44    -7.88    43.01  1.49025e+10      60.33    80.11      48.42    88.19   0.025524      -0.2094      -0.8128      -0.5437   1.000000  -0.481368   0.765374  -0.427185   0.803669  -0.816187  -0.213710   0.536812   0.696015   0.319568   0.607067   0.727562   217.77        60.33     24        5.79489e+13      -8.22e+13     0.23368         2.56261       35.01588      0.018314
     34438      34438    37.75785703    20.86696507    25.64489492   155.03   136.31    75.65  1.43813e+10      59.62    78.47      48.21    89.80   0.037738     -0.04789      -0.8826       0.4676   1.000000  -0.016287   0.784699   0.619663   0.803931   0.960981  -0.158871   0.226442   0.765096  -0.276135  -0.599173   0.751493   217.75        59.62     24          5.799e+13   -8.08037e+13     0.23807         4.81219       28.50287      0.027055
     25996      25996    38.02293933    20.77067938    26.09308926   107.12    41.02   -84.80   1.0856e+10      34.60    89.34      27.99   117.21   0.064871      -0.9109      -0.3545       -0.211   1.000000  -0.124175   0.842579  -0.524062   0.864122  -0.088899   0.516579   0.851612   0.840800   0.988270   0.152337   0.010758   841.10        8.958     23        7.45766e+13     -7.316e+13     0.11574         2.75479       20.48458      0.011695
     18794      18794    37.43464509    20.34465139    25.08931514   126.01    92.51    34.92   7.8484e+09      48.72    66.44      16.15    76.38   0.018770      -0.9466    -0.003719      -0.3225   1.000000   0.516832   0.323399   0.792653   0.808553  -0.647603   0.753261   0.114928   0.692153   0.559907   0.572723  -0.598743   217.77        48.72     22        2.28949e+13   -3.21562e+13     0.24988         2.65516        9.35471      0.014202
     14921      14921    37.55555182    21.29612486    26.06902507   136.79    46.84   -25.93  6.23103e+09      45.12    60.55      23.76    66.34   0.044298      -0.5484        0.715       0.4338   1.000000  -0.327109   0.177977   0.928075   0.972142   0.782212   0.602052   0.160242   0.829655  -0.530230   0.778368  -0.336152   217.71        45.12     22        1.37095e+13   -2.07184e+13     0.32738         1.57609       13.99907      0.035341
     11372      11372    37.91156120    20.86251518    26.13305194   158.45    -5.89   -74.14  4.74896e+09      41.22    55.30      27.04    67.35   0.043313      -0.3285       0.4471        0.832   1.000000  -0.376999   0.124024   0.917872   0.796019   0.272855  -0.932146   0.238022   0.758648   0.885111   0.340180   0.317578   217.68        41.21     21        1.07697e+13     -1.267e+13     0.30163         8.76451       24.47564      0.022564
     10974      10974    37.27086158    21.59998156    25.72563454    91.37    44.68    32.65  4.58276e+09      40.73    57.06      12.78    65.61   0.040801      -0.9787      -0.1906      0.07573   1.000000  -0.625792   0.695617   0.352847   0.892873  -0.419877  -0.681668   0.599193   0.887541   0.657333   0.226818   0.718656   217.72        40.73     21        9.86278e+12   -1.33294e+13     0.21974         1.72751        7.21034      0.029573
      9696       9696    38.27041404    20.47984394    26.01072428    25.29   105.69    43.73  4.04906e+09      39.09    51.51      16.76    61.52   0.020084     -0.08346      -0.9525       0.2929   1.000000  -0.006000   0.764694   0.644365   0.901963  -0.981366   0.119254  -0.150661   0.743052  -0.192053  -0.633262   0.749730   217.64        39.08     21        7.66187e+12   -9.78319e+12     0.37095         1.19964       12.27226      0.012626
      7837       7837    37.82332551    20.83900923    25.74175564   134.41   167.90    -0.36  3.27274e+09      36.40    45.52      29.00    52.17   0.092349       0.9374       0.3256      -0.1232   1.000000   0.369909  -0.553488   0.746203   0.625362   0.315255   0.830298   0.459585   0.527492   0.873946  -0.065239  -0.481625   217.73         36.4     20         4.4544e+12   -6.08256e+12     0.26837         5.23781       32.70281      0.060728
      7301       7301    38.09570925    20.71021784    26.07521558     4.84   127.55    45.26  3.04891e+09      35.56    46.93      28.44    52.88   0.029007      -0.2931       0.1791      -0.9392   1.000000  -0.233217   0.610292   0.757069   0.725076  -0.709204   0.425911  -0.561809   0.625179   0.665312   0.667939  -0.333492   217.58        35.56     20        4.26271e+12   -6.00947e+12     0.21681         2.03147       10.47767      0.020962
      7220       7220    38.13339981    20.62307855    26.06721646     8.77   129.82    47.19  3.01508e+09      35.43    49.10      11.87    54.11   0.024314      -0.1654       0.5449        0.822   1.000000  -0.454683   0.886256  -0.088394   0.949276   0.804738   0.366267  -0.467167   0.713753   0.381654   0.283547   0.879739   217.64        35.42     20        4.41373e+12   -6.61346e+12     0.27816         1.12590        8.60266      0.019900
      7216       7216    38.42875805    20.28629000    25.91786527    62.59   125.58    36.31  3.01341e+09      35.41    46.63      28.60    57.78   0.015007      0.05436       0.5702      -0.8197   1.000000  -0.241830   0.781587   0.575013   0.902186   0.301065  -0.502916   0.810207   0.820769   0.922431   0.369049  -0.113688   217.76        35.41     20        5.02971e+12   -6.02892e+12     0.34968         0.77984        8.87552      0.008282
      7212       7212    37.96289909    20.81578475    25.99193216   181.62   110.42    62.80  3.01174e+09      35.42    49.53      17.49    55.12   0.015589       0.2281       0.6041      -0.7636   1.000000   0.662091  -0.199416   0.722405   0.823521   0.662623  -0.294540  -0.688606   0.704839   0.350096   0.934601  -0.062875   217.47        35.42     20        4.57463e+12   -6.81804e+12     0.29079         1.10297       12.37832      0.012899
      7073       7073    37.60339925    21.78744537    25.02549818    52.05    39.07    42.69  2.95369e+09      35.20    47.74      21.98    52.87   0.034023       0.9026      -0.1228      -0.4127   1.000000  -0.250373   0.809051   0.531743   0.961216   0.067535  -0.533303   0.843224   0.837144   0.965791   0.247031   0.078885   217.34        35.19     20        4.12877e+12   -6.15841e+12     0.26724         0.33757       12.28038      0.027217
      6500       6500    37.74345244    20.91239237    25.69091322    95.65    81.76    42.43  2.71441e+09      34.32    49.41      14.21    60.86   0.014897      -0.4916      0.03938      -0.8699   1.000000  -0.395695   0.745791   0.535931   0.931819  -0.639656  -0.642544   0.421874   0.845026   0.658989  -0.175878   0.731301   215.42        34.28     20        5.02704e+12   -5.85895e+12     0.33072         2.75764       10.26802      0.008198
      5806       5806    37.38741530    21.44733221    25.95727399   123.46    53.78   -13.27  2.42459e+09      32.94    43.32      25.73    46.21   0.039520       -0.138       0.9423      -0.3049   1.000000   0.910547  -0.392657   0.129326   0.936590  -0.095422   0.104760   0.989909   0.770797   0.402243   0.913699  -0.057921   217.71        32.94     19        2.58873e+12     -3.972e+12     0.24382         3.26977       17.90566      0.030757
      5637       5637    38.03346413    20.75745525    26.12333568    85.82    92.62   -46.66  2.35402e+09      26.10    56.58      13.60    78.27   0.037762      -0.5571       0.1753       0.8117   1.000000  -0.448501   0.891942   0.057336   0.859263   0.221831   0.048943   0.973856   0.735801   0.865817   0.449494  -0.219811   424.79        13.38     19        7.21029e+12   -6.44239e+12     0.19546         1.21847        9.87676      0.020077
      5022       5022    37.27482008    21.63617127    25.78552579   130.54    75.51   -21.59  2.09719e+09      31.39    41.33      25.04    48.47   0.032302      -0.4211        0.584       -0.694   1.000000  -0.071289   0.055658   0.995902   0.931490   0.882723  -0.461393   0.088974   0.812484   0.464454   0.885448  -0.016238   217.69        31.38     19         2.4635e+12   -3.24123e+12     0.29115         1.94335       11.42348      0.021273
      4847       4847    37.74764043    21.33403090    24.93520309    48.42    73.14    72.50  2.02411e+09      31.01    41.18      24.47    46.43   0.036870       0.6863       0.2962      -0.6642   1.000000  -0.359747   0.774998  -0.519577   0.879121   0.929846   0.343892  -0.130864   0.816762  -0.077259   0.530204   0.844343   217.75        31.01     19        2.18168e+12     -3.026e+12     0.21373         3.24796       13.62781      0.026057
      4722       4722    37.97588817    21.07364406    25.36528244    25.04    66.56    98.55  1.97191e+09      30.75    41.85      15.35    48.51   0.047099     -0.03731      -0.2112       0.9767   1.000000   0.254786  -0.588238   0.767502   0.793599  -0.150540   0.759891   0.632379   0.619997   0.955208   0.276661  -0.105056   217.76        30.75     19        2.32063e+12   -3.08062e+12     0.25962         2.54255       10.91433      0.032275
      4653       4653    38.22417580    20.48572427    26.63723317   111.11   115.50   -29.05   1.9431e+09      30.60    39.44      23.98    44.82   0.028643      -0.2845       0.9408       0.1843   1.000000   0.743789   0.247681  -0.620831   0.687274   0.660246  -0.127484   0.740150   0.656251  -0.104175   0.960418   0.258352   217.72         30.6     19        1.95151e+12   -2.67258e+12     0.21318         4.58685       27.28836      0.019355
      4650       4650    37.69008322    21.62805265    25.16128000    42.75    41.54    39.46  1.94185e+09      30.59    40.04      25.58    48.47   0.044713       0.5065     -0.02015       -0.862   1.000000   0.131891   0.476735   0.869096   0.771627  -0.228355   0.867787  -0.441362   0.728162   0.964603   0.140251  -0.223318   217.68        30.59     19        2.28095e+12   -2.64957e+12     0.32654         3.65945       23.48401      0.021615
      4562       4562    38.11292779    20.68471469    26.43571849    68.20    59.45   -48.98   1.9051e+09      30.40    40.50      16.13    46.08   0.043873      -0.9028      -0.1865      -0.3876   1.000000   0.499026  -0.081828   0.862715   0.882015   0.845457  -0.172530  -0.505407   0.766374   0.190201   0.981599  -0.016915   217.60         30.4     19        2.02279e+12   -2.79886e+12     0.42729         0.75070       11.81795      0.031270
      4148       4148    38.54633433    20.25985285    25.86461681    27.81    83.99    53.89  1.73221e+09      29.46    39.95      18.44    45.11   0.020247      -0.8611      -0.1627      -0.4816   1.000000   0.597903  -0.557750  -0.575697   0.790463   0.740694   0.109899   0.662793   0.676341   0.306404   0.822701  -0.478831   217.36        29.46     18        1.76254e+12   -2.46108e+12     0.38342         0.93976       16.51846      0.014823
      4050       4050    37.89701809    20.96016338    25.81109581    82.99   -28.86   -54.22  1.69128e+09      18.64    49.32      14.97    65.48   0.136583      -0.8905     0.009533       0.4548   1.000000  -0.250364   0.876116  -0.411993   0.755318  -0.207251   0.367181   0.906766   0.637214   0.945709   0.312408   0.089647   838.03        4.844     18        3.62567e+12   -3.40901e+12     0.15301         3.75662       10.82974      0.045368
      3865       3865    37.98750296    20.76449349    26.16941655    84.04   156.76  -187.48  1.61403e+09      15.81    50.79      12.68    63.99   0.050819      -0.9608       0.2764      0.02289   1.000000  -0.325938  -0.422935   0.845512   0.909362   0.929611  -0.306107   0.205239   0.861738   0.172014   0.852892   0.492936  1309.62         2.63     18        3.30497e+12   -3.50258e+12     0.15384         0.59138        9.15837      0.015560
      3669       3669    37.90598253    20.93849198    25.79962773    -1.18   136.53    78.32  1.53218e+09      15.76    49.89      12.74    64.09   0.069197       0.2996      -0.4731       0.8285   1.000000   0.147821   0.799289   0.582482   0.863368   0.872114  -0.383106   0.304380   0.803867   0.466440   0.462997  -0.753702  1255.76        2.733     18        3.14709e+12   -3.17323e+12     0.30153         0.41152        9.30975      0.008104
      3256       3256    37.80755942    20.86256881    25.71409345   143.51   188.52    29.51  1.35971e+09      19.80    41.73      16.35    56.49   0.099407       0.6593     -0.02042      -0.7516   1.000000  -0.263924   0.878703  -0.397775   0.840492   0.617840   0.470698   0.629855   0.647141   0.740687  -0.079527  -0.667126   562.27        7.668     18        2.16951e+12   -1.90459e+12     0.29563         4.04225       12.33400      0.046806
      3021       3021    38.02059602    20.37267029    25.79384584   113.40   151.20    42.84  1.26157e+09      26.49    34.70      21.28    36.58   0.068124      -0.5809       0.4384      -0.6858   1.000000   0.621438   0.744754  -0.243222   0.961003   0.695684  -0.667327  -0.265891   0.865705   0.360332   0.003971   0.932816   217.73        26.49     18        8.43987e+11   -1.30549e+12     0.28031         1.37338       19.18103      0.052783
      2883       2883    38.30171675    20.63259757    25.70104232    19.14    61.33    79.48  1.20394e+09      26.08    34.55      20.03    37.52   0.022503       0.7104      -0.6858      -0.1581   1.000000   0.717487   0.390911   0.576542   0.905849  -0.236789   0.915270  -0.325902   0.822921  -0.655090   0.097312   0.749258   217.72        26.08     17        8.47616e+11   -1.31743e+12     0.24157         0.91606        8.01160      0.018291
      2836       2836    37.83154018    20.46556048    26.20328232   163.18   173.18    -3.40  1.18432e+09      25.94    33.80      20.19    38.13   0.037553      -0.6867       -0.405      -0.6037   1.000000   0.604648   0.503380  -0.617259   0.931236   0.098502   0.721764   0.685094   0.834638   0.790379  -0.475042   0.386829   217.74        25.94     17        8.60812e+11   -1.22462e+12     0.30848         1.13498       23.06643      0.027231
      2658       2658    38.00989916    20.78592597    26.14288504    68.64    63.41   192.46  1.10998e+09      23.30    39.98      11.73    60.55   0.056883       0.0179       0.2926      -0.9561   1.000000  -0.424706   0.044985   0.904213   0.867110   0.801501  -0.445741   0.398638   0.598518   0.420977   0.894031   0.153253   281.71        18.01     17        2.03449e+12   -1.55802e+12     0.40694         3.34877        8.37941      0.047730
      2574       2574    37.89437744    20.92466042    26.04932583   160.74    25.93     5.42  1.07491e+09      25.12    33.01      19.64    36.37   0.030763      -0.6479      -0.6492       0.3984   1.000000  -0.557564   0.810205   0.180803   0.892586   0.359437   0.039298   0.932342   0.818991   0.748283   0.584828  -0.313129   217.63        25.12     17        7.11101e+11   -1.05509e+12     0.31298         1.18275       13.67226      0.023518
      2474       2474    37.96302513    20.76663169    26.15515164     7.14   168.76   133.29  1.03315e+09      17.53    47.52       6.78    78.18   0.021624       0.8081       0.1935       0.5564   1.000000  -0.614065   0.326479   0.718565   0.839165   0.447762  -0.605633   0.657813   0.710190   0.649949   0.725686   0.225714   615.50        6.202     17        3.15739e+12   -2.00224e+12     0.05134         1.37449        4.78573      0.026329
      2233       2233    37.64057604    21.72419228    24.79927525    68.00    66.49    54.10  9.32503e+08      23.98    33.51      15.09    36.81   0.060007      -0.5819       0.2757       0.7651   1.000000  -0.029792   0.997390  -0.065768   0.887522   0.869653   0.058301   0.490208   0.784444  -0.492763   0.042591   0.869120   217.03        23.97     17        6.31735e+11   -8.90292e+11     0.35228         1.16501       10.73569      0.044792
      2217       2217    37.87374405    20.57774657    26.17425744   177.67   162.27   -17.21  9.25822e+08      23.90    31.13      19.40    34.88   0.055134      -0.9612   -0.0006866        0.276   1.000000   0.615443   0.779673  -0.115495   0.821446   0.642596  -0.411498   0.646328   0.753821  -0.456399   0.471995   0.754269   217.77         23.9     17        5.63216e+11   -7.77288e+11     0.68004         1.14936       14.26667      0.037651
      2196       2196    38.16073174    20.09013044    25.66466579   107.85   133.26    40.52  9.17052e+08      23.82    32.32      11.40    36.24   0.016818      -0.6675       0.5137       -0.539   1.000000   0.096124   0.983852   0.150983   0.893728  -0.512544  -0.081105   0.854822   0.881177   0.853264  -0.159555   0.496471   217.69        23.82     17        6.02235e+11    -8.7266e+11     0.20256         1.10785        6.21910      0.013012
      2081       2081    37.51879547    20.37059978    25.23466878   123.72   135.23    -9.51  8.69028e+08      23.42    31.67      13.71    38.05   0.030434       0.4552       0.7669       0.4524   1.000000   0.893059   0.449926   0.003446   0.964692   0.078700  -0.163744   0.983359   0.854179  -0.443003   0.877926   0.181642   217.00        23.41     17        6.29174e+11   -8.10163e+11     0.13945         0.23105        4.14501      0.020157
      2072       2072    37.69369068    21.25632328    25.07765213    78.02    80.32    80.35   8.6527e+08      23.37    33.27       9.41    36.28   0.045469       0.9578       0.1557       0.2417   1.000000  -0.163950  -0.559591   0.812391   0.937346  -0.022162   0.825416   0.564090   0.704841   0.986220  -0.074479   0.147728   217.66        23.37     17        5.69311e+11   -8.09428e+11     0.56110         0.74730        7.19376      0.034795
      2031       2031    37.84945415    20.61224688    26.08136553   199.78   163.66    25.10  8.48148e+08      23.21    30.33      18.23    32.88   0.050473       0.5653       0.2888       0.7727   1.000000   0.051395   0.727214  -0.684484   0.794841  -0.708361   0.509682   0.488313   0.737609   0.703977   0.459765   0.541325   217.72        23.21     17        4.58499e+11   -6.75449e+11     0.24053         2.14065       16.27689      0.037330
      1933       1933    37.69904896    21.53626072    24.83647519    53.55    68.17    69.91  8.07223e+08      22.83    30.25      18.35    32.40   0.020382      -0.8339      -0.5384      -0.1214   1.000000  -0.398657   0.916138  -0.041996   0.853172   0.162108   0.115465   0.979994   0.826229   0.902659   0.383874  -0.194544   217.68        22.83     16        4.23645e+11   -6.68107e+11     0.60461         1.12222        5.54259      0.016676
      1896       1896    37.68071775    21.61685828    25.09726168    34.05    67.88    77.87  7.91772e+08      22.70    29.92      18.09    34.57   0.047330      -0.9883       0.1522     0.003296   1.000000   0.043429   0.249839   0.967313   0.721685  -0.519492   0.832684  -0.191744   0.580447   0.853371   0.494184  -0.165952   217.33        22.69     16         4.7307e+11   -6.47844e+11     0.21041         2.51735        3.31618      0.033282
      1768       1768    38.16841696    20.70113144    26.48940173    95.40    38.50   -70.42  7.38319e+08      22.18    29.63      17.57    31.86   0.060673      -0.9083      0.04033      -0.4164   1.000000   0.066784   0.603726   0.794390   0.665140   0.985776   0.083143  -0.146061   0.626594  -0.154229   0.792845  -0.589585   217.20        22.17     16         3.7483e+11   -5.59252e+11     0.24867         3.72917       12.47543      0.046460
      1722       1722    37.72495077    21.02273817    25.52413035   156.07    87.55   124.51  7.19109e+08      22.04    29.31      17.85    31.04   0.033437         0.96      0.06363       0.2726   1.000000  -0.215918   0.899486  -0.379874   0.894082   0.733859   0.406127   0.544529   0.679476  -0.644073   0.161201   0.747786   215.43           22     16        3.46319e+11   -5.44609e+11     0.48769         0.25080       13.07284      0.027176
      1682       1682    37.59649896    21.04474663    25.24330640   138.49    88.39    76.40  7.02405e+08      21.82    29.31      12.32    32.87   0.016221      -0.8531      -0.1405       0.5025   1.000000   0.636721   0.239948   0.732811   0.833186   0.081792   0.923973  -0.373608   0.763549   0.766744  -0.297823  -0.568687   217.05        21.81     16        3.79375e+11    -5.5333e+11     0.14731         0.94519        8.11078      0.012577
      1666       1666    37.76194333    21.04373083    26.03260815   153.45    16.21   -25.86  6.95724e+08      21.73    30.05       9.40    30.78   0.015098      -0.5362      -0.8399     -0.08449   1.000000   0.218998  -0.097640   0.970828   0.814911  -0.473286   0.859461   0.193203   0.776518   0.853253   0.501790  -0.142008   217.72        21.73     16        3.29541e+11   -5.69974e+11     0.16625         0.63888        6.24054      0.013865
      1585       1585    37.83785415    20.96446627    26.02734041   164.08     6.14   -11.90  6.61898e+08      21.38    28.04      16.86    31.66   0.037707      -0.7983      0.02879      -0.6016   1.000000  -0.186488   0.942080   0.278762   0.883696  -0.451880  -0.334195   0.827114   0.766309   0.872368   0.028280   0.488031   217.38        21.37     16        3.31802e+11   -4.77725e+11     0.38330         0.75521        7.39866      0.028128
      1534       1534    38.39071415    20.37831544    26.60946697    92.73   108.23     1.94    6.406e+08      21.16    29.96       8.80    32.91   0.024019       0.7965     -0.02568       0.6041   1.000000  -0.445388   0.651708  -0.613927   0.902578   0.719955   0.668315   0.187135   0.829001   0.532254  -0.358652  -0.766860   217.07        21.15     16        3.46999e+11    -5.0752e+11     0.47580         0.41449        5.11723      0.019316
      1456       1456    37.61980668    21.28394392    25.56612442   162.00    44.09    52.62  6.08027e+08      20.78    27.46       9.93    33.18   0.031761       0.8221       0.1198       0.5566   1.000000   0.612275   0.476065  -0.631254   0.941013   0.400017   0.502158   0.766697   0.865108  -0.681986   0.721942  -0.117025   217.49        20.78     16        3.34622e+11   -4.24726e+11     0.29179         1.46174        8.84987      0.019981
      1414       1414    37.64800907    21.63821213    25.14417161    59.17    -2.03    15.09  5.90488e+08      20.57    27.41      16.66    31.27   0.053739       0.7236        0.052      -0.6882   1.000000   0.827686  -0.560246  -0.032557   0.761289   0.482711   0.740328  -0.467873   0.727358   0.286226   0.371536   0.883196   217.65        20.57     16        2.88755e+11   -3.86147e+11     0.50571         2.11973        9.88107      0.036011
      1402       1402    37.83192927    20.93451876    25.75641889    66.66   128.66    58.61  5.85477e+08      20.53    31.22       8.96    39.86   0.075632        0.986      -0.1191      -0.1163   1.000000   0.660868   0.597040   0.454750   0.934706   0.306198  -0.767697   0.562924   0.670660   0.685198  -0.232775  -0.690159   217.00        20.53     16        4.65158e+11   -4.73985e+11     0.23887         0.87767        6.60350      0.015374
      1367       1367    37.79927274    21.40723816    24.73450952    36.03    64.88    73.28  5.70861e+08      20.36    25.46      15.89    32.38   0.113722      -0.3923      -0.3327       0.8575   1.000000   0.890897  -0.449876   0.062565   0.778983   0.142122   0.406936   0.902333   0.762246   0.431398   0.794994  -0.426475   217.11        20.35     15        2.99309e+11   -3.23116e+11     0.37796         3.38098       18.12599      0.038770
      1355       1355    37.86115717    20.94646363    25.95963036   139.74    13.15    18.31   5.6585e+08      20.28    29.71      12.40    39.94   0.134499      -0.6852      -0.7212       0.1016   1.000000   0.136232  -0.402154   0.905380   0.691982   0.950895   0.309463  -0.005623   0.489523  -0.277920   0.861687   0.424565   217.61        20.28     15        4.51217e+11   -4.21918e+11     0.17278         3.83645        8.63979      0.051223
      1277       1277    37.15371940    21.69211363    25.84995571   123.92    51.65   -41.64  5.33277e+08      19.88    24.58      15.69    28.24   0.050253       0.2128      -0.8256       0.5226   1.000000   0.277168  -0.031054   0.960319   0.785801   0.948056   0.171218  -0.268092   0.656300  -0.156098   0.984744   0.076897   217.68        19.88     15        2.12631e+11   -2.71741e+11     0.15449         5.02823       17.78522      0.028559
      1254       1254    37.69084099    21.92958604    25.30730074    17.13    14.33    21.84  5.23672e+08      19.79    26.00      15.64    29.55   0.035048       -0.792       0.5249       0.3116   1.000000   0.093824   0.990777  -0.097768   0.845400   0.983106  -0.107702  -0.147994   0.818332   0.157159   0.082231   0.984144   216.90        19.78     15        2.28584e+11   -3.24217e+11     0.50300         1.22426        5.45873      0.025737
      1189       1189    37.81365097    20.91245483    25.68879833   111.03    64.04   -12.32  4.96528e+08      19.43    25.70      14.88    29.34   0.048005        0.738      -0.3843       0.5547   1.000000   0.404637   0.641055   0.652164   0.941688  -0.580490   0.731108  -0.358487   0.733603   0.706611   0.233517  -0.667959   217.35        19.42     15        2.13756e+11    -3.0029e+11     0.28923         1.39878       10.06713      0.035042
      1138       1138    37.94621380    20.74983413    26.10451424    60.36    21.11   105.22   4.7523e+08      19.15    25.37      15.26    41.51   0.068011      -0.5225       0.8522      0.02737   1.000000   0.188422  -0.189191   0.963693   0.735084   0.912557   0.396380  -0.100607   0.579962  -0.362955   0.898382   0.247334   217.08        19.14     15        4.09359e+11   -3.03687e+11     0.37491         1.57116        2.79779      0.056915
      1122       1122    37.76091928    21.01290834    25.61168051   188.49   -24.75   106.35  4.68549e+08      19.08    27.40      11.67    39.83   0.111665      -0.5358     -0.06412       0.8419   1.000000   0.443687   0.458736   0.769873   0.806469  -0.520141   0.831376  -0.195620   0.574917   0.729792   0.313648  -0.607478   216.61        19.06     15        3.71694e+11   -3.15743e+11     0.28841         0.41238        6.35722      0.068829
      1113       1113    38.05302058    20.69450773    26.27737949    75.28   156.15   -81.70   4.6479e+08      19.03    25.87      12.79    27.24   0.032427        0.741       -0.532       0.4097   1.000000   0.869842  -0.026332  -0.492627   0.823366   0.388041  -0.580095   0.716180   0.734980   0.304628   0.814123   0.494373   216.58        19.01     15        1.72456e+11   -2.74874e+11     0.68713         1.51100        7.82762      0.027225
      1107       1107    37.61052488    21.03939262    25.34100933   123.28    74.67    78.94  4.62285e+08      18.97    25.16      15.12    29.67   0.078248      -0.8815       0.4646      0.08469   1.000000  -0.057013  -0.456880   0.887700   0.764645   0.869230   0.414664   0.269245   0.676535   0.491110  -0.786965  -0.373493   217.19        18.97     15        2.03541e+11   -2.65441e+11     0.50308         1.98535        4.36485      0.051279
      1105       1105    38.55904589    21.19212082    25.31206251    40.88     7.66    25.71  4.61449e+08      18.95    24.40      14.88    28.09   0.029094       0.9276      -0.3386       0.1579   1.000000   0.026423   0.998873  -0.039435   0.939391   0.912160  -0.040231  -0.407855   0.788722   0.408982   0.025195   0.912195   217.73        18.95     15        1.82089e+11   -2.43892e+11     0.37327         0.99619       16.91308      0.019072
      1058       1058    37.14851547    21.72043897    25.75785124   155.89   103.01     7.61  4.41822e+08      18.68    24.67      14.84    29.66   0.023254      -0.7348        0.674      0.07533   1.000000  -0.294106   0.800685  -0.521925   0.842038  -0.902073  -0.052077   0.428430   0.812350   0.315857   0.596818   0.737592   217.51        18.68     15        1.94305e+11   -2.53488e+11     0.47880         0.45913        8.40675      0.015470
      1045       1045    37.80992099    20.54627083    26.16914240   220.22   139.06    -9.00  4.36393e+08      18.63    24.17      14.85    27.71   0.044225       0.7016      -0.5411       0.4636   1.000000   0.753718   0.607066  -0.251754   0.938665   0.415418  -0.143250   0.898280   0.851890  -0.509252   0.781633   0.360156   216.75        18.61     15        1.67537e+11   -2.25074e+11     0.54571         1.31365        6.75468      0.029327
      1029       1029    38.14345799    20.33667181    26.81725326   137.71   115.89   -24.36  4.29712e+08      18.51    25.22       7.19    27.69   0.042543      -0.4022       0.7997      -0.4459   1.000000   0.902798   0.392861  -0.174976   0.982522   0.118044   0.164869   0.979226   0.877514  -0.413548   0.904698  -0.102469   217.30        18.51     15        1.64768e+11   -2.48885e+11     0.46384         0.44538        5.08172      0.034538
       952        952    37.72008963    21.12870897    25.54913088   133.19    36.21   119.71  3.97556e+08      18.07    23.73      14.24    27.01   0.072234      -0.2216      -0.3379       0.9147   1.000000   0.613988   0.194635   0.764942   0.924562   0.115621   0.936489  -0.331089   0.677656   0.780801  -0.291728  -0.552489   216.34        18.05     14        1.45004e+11   -2.03396e+11     0.24744         1.69834       12.72583      0.052170
       952        952    37.74819784    21.32820351    25.50456901    58.73   -62.04    21.31  3.97556e+08      18.05    24.61      11.08    28.08   0.017495       0.2324      -0.1051      -0.9669   1.000000  -0.116765   0.849237  -0.514939   0.858614  -0.123385   0.502065   0.855983   0.753703   0.985465   0.163485   0.046160   217.01        18.04     14        1.56752e+11   -2.23355e+11     0.17500         0.87053        4.75789      0.013487
       940        940    38.38258658    20.02498061    25.57046717    88.80   100.22    60.27  3.92545e+08      17.96    23.58      14.71    26.96   0.077390       0.1156      -0.9927     -0.03536   1.000000  -0.015590   0.059461   0.998109   0.664036   0.589644   0.806728  -0.038850   0.595423   0.807513  -0.587924   0.047638   217.43        17.96     14        1.42668e+11   -1.75129e+11     0.38558         0.20692       10.94929      0.042082
       940        940    38.00593584    20.76170595    26.17641380   124.83   155.43  -176.69  3.92545e+08      13.60    30.13       6.63    46.96   0.078361       0.1962       0.8698      -0.4528   1.000000  -0.192608   0.681884   0.705647   0.836401   0.244738  -0.663005   0.707480   0.744573   0.950266   0.308965  -0.039183   501.16        5.908     14        4.32756e+11   -3.07017e+11     0.28870         1.01406        4.66750      0.072966
       934        934    38.10274156    20.69588072    26.05390761     8.72   118.96    62.91   3.9004e+08      17.85    24.14      14.19    35.79   0.068662      -0.4492      -0.8746      -0.1823   1.000000  -0.058367   0.257962   0.964390   0.784522  -0.532303   0.809208  -0.248669   0.512410   0.844539   0.527862  -0.090083   220.18        17.65     14        2.49865e+11   -1.89999e+11     0.38583         1.53819       10.13076      0.050867
       904        904    37.57489861    21.23790980    26.13565518   176.46   100.15   -51.43  3.77511e+08      17.77    24.36       7.95    26.52   0.045635      -0.9008      0.09928      -0.4226   1.000000  -0.039654   0.832159  -0.553118   0.916902   0.998773   0.016580  -0.046659   0.756643   0.029657   0.554289   0.831796   215.91        17.75     14        1.32744e+11   -2.01715e+11     0.34588         0.32232        7.01887      0.037411
       881        881    37.70257807    21.04655237    25.63571966     8.75    61.50    44.25  3.67907e+08      17.91    26.78       7.84    36.81   0.067723      -0.5367       -0.377       0.7549   1.000000   0.805348  -0.093895  -0.585319   0.955048   0.511082   0.610241   0.605311   0.803119  -0.300350   0.786632  -0.539444   205.44        17.81     14        2.49222e+11   -2.29361e+11     0.15153         0.53743        5.23260      0.030693
       878        878    38.46058001    20.31882027    26.62819276    74.67   110.66    -4.06  3.66654e+08      17.55    21.89      13.52    24.96   0.057721       0.9644      -0.2064      -0.1653   1.000000  -0.271557   0.807638   0.523428   0.851708   0.882603  -0.007877   0.470053   0.796143   0.383756   0.589625  -0.710685   217.57        17.55     14        1.14236e+11   -1.52829e+11     0.27754         2.03427       15.53742      0.036221
       864        864    38.02590457    20.70828958    26.21768552   212.79   166.03  -138.09  3.60807e+08      17.48    23.56       5.96    27.52   0.020808      -0.7623      -0.2095      -0.6124   1.000000  -0.266397   0.900350  -0.344098   0.946787  -0.700400   0.064434   0.710837   0.738927   0.662173   0.430370   0.613440   216.84        17.47     14        1.36643e+11   -1.91379e+11     0.31429         0.82893        4.02174      0.015769
       840        840    37.83925852    21.19970316    26.57726063   142.18    51.19   -33.64  3.50785e+08      17.31    22.68      13.60    24.87   0.036409      -0.9436       0.3129       0.1084   1.000000   0.762829  -0.288376   0.578733   0.962199  -0.062773   0.857783   0.510165   0.793802   0.643547   0.425498  -0.636239   217.20         17.3     14        1.08517e+11   -1.63442e+11     0.30923         0.29996        2.86690      0.028288
       833        833    38.49985721    19.62820695    25.67449235    93.66   110.44    24.92  3.47862e+08      17.28    22.93      13.23    25.05   0.040826       0.3804       0.3799      -0.8432   1.000000   0.239292   0.432807   0.869147   0.791939  -0.794791   0.601493  -0.080704   0.634290   0.557715   0.671479  -0.487924   216.32        17.27     14        1.09122e+11   -1.63743e+11     0.36771         0.90276        8.93839      0.031875
       828        828    37.88771696    20.38632640    26.40454122   152.13   129.83   -16.81  3.45774e+08      17.21    21.29      13.53    28.06   0.046127      -0.1543      -0.9161       0.3701   1.000000   0.998637   0.041464   0.031687   0.815256  -0.021403   0.879208  -0.475958   0.692802  -0.047594   0.474631   0.878897   217.73        17.21     14        1.36163e+11   -1.47227e+11     0.46244         2.07615       15.36765      0.016272
       821        821    37.56021420    21.36766049    25.57202871   148.22    52.34    23.83  3.42851e+08      17.16    22.09      13.73    29.66   0.113719      -0.2201      -0.9745     -0.04412   1.000000   0.204840  -0.296000   0.932966   0.766976   0.799995  -0.498567  -0.333824   0.569098   0.563958   0.814749   0.134672   217.72        17.16     14        1.50834e+11   -1.56281e+11     0.48532         3.39143       15.44607      0.028349
       819        819    37.74931458    21.05815531    25.66421406   183.23   100.81   120.37  3.42015e+08      13.23    27.41       7.35    37.75   0.075643       0.8466      -0.3633       0.3889   1.000000  -0.501559   0.363112   0.785232   0.713993   0.303484   0.923820  -0.233352   0.615666  -0.810146   0.121266  -0.573549   473.94        6.079     14        2.43648e+11   -2.14395e+11     0.55945         0.79115        4.51987      0.038464
       817        817    38.19967116    20.47085627    25.95754477   107.20   164.34    44.44   3.4118e+08      17.14    23.79      11.33    25.99   0.046511      -0.6937       0.7194      0.03538   1.000000   0.880624   0.289311  -0.375235   0.908786  -0.248575   0.956300   0.153949   0.808716   0.403376  -0.042297   0.914056   217.42        17.14     14        1.15208e+11   -1.62567e+11     0.38042         2.09138        8.35037      0.034336
       814        814    37.02102618    21.77570395    25.73839024   146.38   102.96    12.53  3.39927e+08      17.14    22.88      13.80    24.97   0.033816       0.9779       0.1852      -0.0966   1.000000  -0.687066   0.726454  -0.014353   0.912996  -0.410182  -0.371486   0.832916   0.794882   0.599743   0.578155   0.553213   216.57        17.13     14        1.05933e+11   -1.53124e+11     0.27456         0.75388        8.07085      0.025012
       805        805    37.19373262    21.65250229    25.42612871   127.68    90.72    48.84  3.36169e+08      17.05    21.94      13.57    25.20   0.046472       0.6834      -0.2546      -0.6842   1.000000   0.282866   0.936633   0.206654   0.809561   0.936784  -0.316045   0.150173   0.742371  -0.205969  -0.151111   0.966821   217.57        17.05     14         1.0675e+11   -1.43096e+11     0.38972         0.21994       15.31384      0.030424
       805        805    38.20885445    20.48057157    26.64973426   145.96   121.90   -43.97  3.36169e+08      14.29    27.54       8.94    35.25   0.017242      -0.3768      -0.5366      -0.7551   1.000000   0.208810  -0.319066   0.924443   0.660840   0.974726  -0.008862  -0.223226   0.527024   0.079416   0.947691   0.309151   370.00        8.409     14        2.08845e+11   -2.24075e+11     0.17044         1.61893        3.96742      0.006688
       776        776    37.69899302    21.23710498    25.35248094    78.18    44.43    91.29  3.24059e+08      16.87    23.13       7.98    25.10   0.045450      -0.2956      -0.4651       0.8345   1.000000   0.366553   0.849776  -0.378841   0.944858  -0.517874   0.524624   0.675704   0.902840   0.772946  -0.051489   0.632379   216.44        16.86     14        1.02061e+11   -1.52221e+11     0.47484         1.09882        5.53481      0.036071
       770        770    37.85127073    20.31274353    26.47263063   119.49   146.91    -1.64  3.21553e+08      16.81    24.11       7.49    27.26   0.033468       0.6442     -0.03998      -0.7638   1.000000   0.564513   0.761948  -0.317428   0.855867   0.720728  -0.642454  -0.260393   0.733180   0.402339   0.081784   0.911831   217.36         16.8     14        1.19449e+11   -1.71688e+11     0.23151         1.19513        5.56141      0.027263
       740        740    38.42120559    20.32323349    25.93706390    75.89    97.00    30.07  3.09025e+08      16.59    21.25      12.80    31.44   0.095107      -0.3664      0.08133      -0.9269   1.000000  -0.133242   0.950923   0.279270   0.938804   0.963920   0.189858  -0.186580   0.844210   0.230445  -0.244334   0.941911   217.35        16.58     14        1.52688e+11   -1.33178e+11     0.13177         1.17275       14.69416      0.048941
