#  npart(1)  nvpart(2)      Xc(3)          Yc(4)          Zc(5)      VXc(6)   VYc(7)   VZc(8)    Mvir(9)      Rvir(10) Vmax(11)   Rmax(12) sigV(13) lambda(14)      Lx(15)       Ly(16)       Lz(17)     a(18)     Eax(19)    Eay(20)    Eaz(21)     b(22)     Ebx(23)    Eby(24)    Ebz(25)     c(26)     Ecx(27)    Ecy(28)    Ecz(29) ovdens(30)    Redge(31) nbins(32)     Ekin(33)       Epot(34)   mbp_offset(35)  com_offset(36)   r2(37)      lambdaE(38)
     27807      27807    37.88622645    20.69040715    26.08286116    44.14    25.17     6.78  1.16122e+10      55.57    88.00      44.96   101.77   0.032562      -0.2723       0.6518      -0.7078   1.000000   0.370064  -0.323523   0.870853   0.954365   0.885392  -0.161028  -0.436064   0.753116   0.281308   0.932418   0.226854   217.20        55.57     24          6.014e+13   -8.11497e+13     0.26974         5.17111       32.89842      0.022603
     15119      15119    37.68336426    20.47137042    26.23664565   127.04   117.41   -22.33  6.31371e+09      45.36    70.25      36.69    77.16   0.018987      -0.6239      -0.2751       0.7315   1.000000   0.509804  -0.486758   0.709342   0.736268   0.525885   0.828873   0.190827   0.713578  -0.680841   0.275748   0.678542   217.09        45.36     22        1.87937e+13   -2.72121e+13     0.17143         3.37076       21.70354      0.013864
     14873      14873    37.40815845    20.57863140    25.49671209   134.11    98.82    42.42  6.21098e+09      45.11    74.73      28.86    85.07   0.034892      -0.3309       0.9143      -0.2335   1.000000   0.663068   0.406747   0.628409   0.906819  -0.702454   0.048033   0.710107   0.824651  -0.258650   0.912277  -0.317570   217.14        45.11     22        2.24715e+13   -2.96996e+13     0.27553         4.13436       20.77146      0.023931
     13417      13417    37.13096632    20.13468992    25.02055255   115.50    82.27    24.26  5.60296e+09      43.58    68.30      35.49    79.02   0.016159     -0.08279        0.285       -0.955   1.000000   0.749006  -0.636922  -0.182540   0.878660   0.542779   0.431846   0.720347   0.706117   0.379975   0.638623  -0.669163   217.21        43.58     22        1.74911e+13   -2.38648e+13     0.20370         4.01807       11.51801      0.011340
     12617      12617    37.68979464    21.20226498    25.50310461    33.77    18.07    26.24  5.26887e+09      42.70    67.10      34.35    75.35   0.073592      -0.4206      -0.8928      -0.1614   1.000000  -0.621039   0.703322  -0.345902   0.878811  -0.166188   0.313128   0.935058   0.656096   0.765958   0.638192  -0.077581   217.18         42.7     21        1.49561e+13   -2.09064e+13     0.15861         2.31096       24.93488      0.052524
     11983      11983    37.45276032    20.93813690    25.53270151   107.78    32.67    28.02  5.00411e+09      41.97    66.63      34.33    76.76   0.045668       0.7193      -0.1704      -0.6735   1.000000  -0.290837   0.952628  -0.088962   0.744350   0.661629   0.267415   0.700525   0.620197   0.691130   0.144879  -0.708061   217.19        41.97     21        1.47421e+13   -1.90153e+13     0.32344         7.11964       25.52000      0.028833
     11578      11578    37.86449900    20.95666252    25.65420586    17.42    21.13    38.97  4.83499e+09      41.50    63.74      32.75    70.66   0.029969      -0.4349      -0.6873       0.5818   1.000000  -0.633169   0.607749  -0.479311   0.790241   0.301572   0.764021   0.570374   0.727060   0.712848   0.216596  -0.667034   217.15         41.5     21        1.20712e+13   -1.77916e+13     0.18646         0.68090       37.12539      0.022529
      7968       7968    37.25104682    21.17381619    26.11484501   112.45    50.66   -16.93  3.32745e+09      36.64    57.41      29.91    60.66   0.028315      -0.8605        0.213       0.4628   1.000000   0.587937  -0.305217   0.749114   0.831724   0.535164  -0.547670  -0.643161   0.649954   0.606571   0.779038  -0.158655   217.08        36.64     20        6.12151e+12   -9.10923e+12     0.20106         4.81352       22.17914      0.021004
      7797       7797    37.60571760    20.64098794    26.16555792   149.75    59.02   -16.65  3.25604e+09      36.37    56.92      22.50    67.04   0.016747       0.3858       0.4788      -0.7886   1.000000  -0.171335   0.946085  -0.274896   0.836035   0.000189   0.279053   0.960276   0.769046   0.985213   0.164477  -0.047991   217.16        36.37     20        7.31661e+12   -9.70104e+12     0.23777         1.90929        9.77674      0.011300
      7154       7154    37.56807368    20.55847206    25.93527275   143.12    93.34    11.47  2.98752e+09      35.37    55.22      28.97    64.02   0.044252      -0.5842       0.8107     -0.03942   1.000000   0.982554  -0.097311   0.158484   0.816762  -0.164846  -0.061196   0.984419   0.730215   0.086096   0.993371   0.076170   216.63        35.36     20        6.12185e+12   -7.85849e+12     0.31302         3.20733       14.46582      0.027388
      6439       6439    38.07145933    20.39260670    25.95179912    38.64    75.17    41.66  2.68893e+09      34.13    52.83      27.63    58.87   0.035055       -0.178      -0.3509       0.9193   1.000000   0.855108  -0.477970  -0.200834   0.836604   0.498421   0.864519   0.064677   0.798106   0.142711  -0.155406   0.977488   217.08        34.13     20        4.65879e+12   -6.45374e+12     0.44491         1.48885       20.24345      0.024072
      5519       5519    37.49961125    21.68522007    24.93678594    34.56    37.09    33.29  2.30474e+09      32.41    49.49      25.34    54.15   0.056523       0.7001      -0.6456       -0.305   1.000000  -0.332005   0.636412  -0.696242   0.857756  -0.178121   0.682532   0.708818   0.785308   0.926307   0.359346  -0.113246   217.21        32.41     19        3.37909e+12   -4.75356e+12     0.22391         4.22212       22.57688      0.038617
      4248       4248    37.06435273    21.49781437    25.68313295    76.60    44.54     6.74  1.77397e+09      29.71    46.98      23.82    52.17   0.068502      -0.6854       0.7026       0.1909   1.000000  -0.434014  -0.190061   0.880630   0.905222   0.885386   0.090673   0.455928   0.852025  -0.166504   0.977576   0.128924   217.00        29.71     18        2.41411e+12   -3.26918e+12     0.15926         4.17350       17.19231      0.045919
      3985       3985    37.42045663    20.65196306    25.52514016   102.67    47.18    31.91  1.66414e+09      29.08    44.99      23.87    51.51   0.069773       0.2786      -0.9225      -0.2672   1.000000   0.636399  -0.287600   0.715739   0.899632   0.110658   0.952335   0.284277   0.716614   0.763381   0.101711  -0.637890   217.13        29.08     18        2.20756e+12   -2.85458e+12     0.65239         1.44929       17.83188      0.042906
      3862       3862    37.59353913    20.68729324    25.53280707    55.14    83.52    61.90  1.61278e+09      28.78    46.00      19.37    51.15   0.080287       0.2748      -0.4503      -0.8495   1.000000   0.666939   0.726655  -0.164817   0.743182   0.582419  -0.370438   0.723577   0.667438   0.464736  -0.578574  -0.670278   217.14        28.78     18        2.10992e+12   -2.90158e+12     0.38881         1.81159       14.45972      0.056057
      3489       3489    37.50228097    20.51748870    25.72504855   120.74   112.29    15.69  1.45701e+09      27.82    42.89      22.23    50.08   0.034006        0.846      -0.5155        0.136   1.000000   0.033508  -0.152637   0.987714   0.902315  -0.065923   0.985779   0.154574   0.746633   0.997262   0.070292  -0.022970   217.07        27.82     18        1.82715e+12   -2.41276e+12     0.25298         0.38482        6.50139      0.022226
      3432       3432    38.26931711    20.01031891    25.83302500    59.57   101.52    34.95  1.43321e+09      27.67    48.76      15.16    55.30   0.018302      0.03145       0.7695      -0.6379   1.000000   0.027270  -0.148767   0.988496   0.942053  -0.476423   0.867396   0.143685   0.680639   0.878793   0.474861   0.047222   217.11        27.67     18        2.19111e+12   -2.80165e+12     0.49756         1.27739       11.27641      0.012383
      3355       3355    37.81222458    20.44011218    26.29240675    76.60   103.80    -1.78  1.40105e+09      27.47    41.07      22.09    49.24   0.052276       0.4454       0.1616       0.8806   1.000000  -0.064863  -0.354006   0.932991   0.859520   0.925632   0.327967   0.188793   0.799005  -0.372824   0.875852   0.306407   217.02        27.46     18        1.69848e+12   -2.11799e+12     0.14704         3.07966       24.78016      0.029879
      2963       2963    38.21900870    20.25719671    25.89669320    10.78    70.36    39.67  1.23735e+09      26.36    41.37      21.39    50.25   0.100824       0.1804      -0.9064       0.3818   1.000000   0.769635   0.007399  -0.638442   0.920140   0.637444   0.048149   0.768990   0.719972  -0.036430   0.998813  -0.032341   216.86        26.35     18        1.56234e+12   -1.85064e+12     0.22010         0.69508        8.41099      0.052990
      2871       2871    37.97953199    20.42503141    26.00552808    60.24    95.07    11.45  1.19893e+09      26.07    39.77      21.12    45.12   0.012744      -0.2566       0.8316      -0.4925   1.000000   0.687985  -0.020208   0.725444   0.968535   0.722443  -0.075893  -0.687253   0.803858   0.068944   0.996911  -0.037614   217.18        26.07     17        1.22023e+12    -1.6205e+12     0.61164         1.86103       23.59450      0.008100
      2790       2790    37.11961029    21.31128520    25.97982176   105.22    49.49    -9.88  1.16511e+09      25.83    39.85      20.79    45.37   0.052694       -0.853       0.2238      -0.4715   1.000000   0.850898  -0.003534  -0.525319   0.826504   0.462663   0.478690   0.746189   0.707276  -0.248828   0.877977  -0.408952   217.09        25.82     17        1.19907e+12   -1.55011e+12     0.45201         2.78016       18.75996      0.032125
      2705       2705    36.96467346    21.43204573    25.80009977   119.17    84.01     5.24  1.12961e+09      25.56    39.88      21.02    45.01   0.061635      -0.3116       0.7573       -0.574   1.000000   0.547567  -0.159852   0.821351   0.919788   0.801001  -0.183758  -0.569764   0.667565   0.242007   0.969887   0.027422   217.09        25.56     17        1.14402e+12   -1.44127e+12     0.33818         5.50873       19.14904      0.035481
      2505       2505    37.74360537    21.00544890    25.79613786    49.83    -5.09     6.44  1.04609e+09      24.91    39.69      16.67    44.33   0.065466      -0.5527      -0.7052       0.4441   1.000000   0.027610   0.716344   0.697201   0.851957   0.029721  -0.697746   0.715728   0.735866   0.999177   0.000960  -0.040555   217.15        24.91     17        1.02774e+12   -1.39789e+12     0.55579         3.20092       15.15340      0.044833
      2490       2490    37.97748948    20.58242065    25.96425322    14.77    46.00    48.95  1.03983e+09      24.89    39.54      20.01    43.89   0.011865        0.339      -0.7846      -0.5191   1.000000  -0.325950   0.816110  -0.477202   0.817422   0.213950   0.555351   0.803623   0.742995   0.920859   0.159844  -0.355623   216.41        24.88     17        1.00134e+12   -1.40603e+12     0.48875         1.76171       14.50603      0.008543
      2466       2466    37.83329886    20.73447455    25.61507637    35.32    68.64    68.20   1.0298e+09      24.87    42.69      15.57    57.17   0.075257       0.6464      -0.4084       0.6445   1.000000  -0.640301   0.077983   0.764156   0.753412   0.115221   0.993328  -0.004824   0.637578   0.759433  -0.084958   0.645014   214.92        24.84     17        1.68286e+12   -1.53675e+12     0.22206         6.43244       13.94121      0.032863
      2402       2402    37.65986972    21.28065596    25.43324990    32.87   -11.98    55.50  1.00308e+09      24.57    37.26      20.03    46.45   0.120427       0.9405      0.05919       0.3346   1.000000   0.056911   0.953756  -0.295145   0.836694  -0.218678   0.300354   0.928422   0.769833   0.974136   0.011704   0.225659   217.02        24.57     17        1.08196e+12   -1.17881e+12     0.52798         2.47649       22.30159      0.043692
      2124       2124    37.82320342    20.40909561    26.33222794    63.55   113.13   -29.69  8.86985e+08      23.63    35.67      18.98    46.75   0.069568      -0.2927      -0.4093      -0.8641   1.000000   0.847198  -0.194097   0.494553   0.917595  -0.530310  -0.252782   0.809242   0.745105   0.032058   0.947854   0.317088   215.81         23.6     17        9.69235e+11   -9.86808e+11     0.49968         1.81889       21.30507      0.011923
      2118       2118    37.93573367    20.45144207    25.99555059    88.11    91.63    40.80  8.84479e+08      23.56    37.69      15.45    44.23   0.052550       0.9978       0.0305      0.05858   1.000000  -0.184832  -0.012344   0.982693   0.869024   0.703252   0.696813   0.141026   0.838655  -0.686494   0.717146  -0.120113   217.16        23.56     17        8.65228e+11   -1.10001e+12     0.44775         2.03739        7.42046      0.032963
      1948       1948    37.79640865    20.49159270    25.91061619    83.78    97.19    54.48  8.13487e+08      22.93    35.20      18.03    39.81   0.042838       0.1631       -0.913       -0.374   1.000000   0.676394  -0.330687   0.658132   0.870373  -0.660068   0.124314   0.740848   0.752884   0.326804   0.935517   0.134191   216.65        22.92     16        6.44781e+11   -8.76606e+11     0.40082         2.04126       20.47877      0.028640
      1845       1845    38.24689973    20.49756061    25.53485463    26.49    52.13    59.54  7.70474e+08      22.51    34.24      17.73    36.56   0.026149       0.3635      -0.9053       0.2199   1.000000   0.870733  -0.398214  -0.288529   0.830077   0.487956   0.626860   0.607409   0.802721  -0.061011  -0.669681   0.740139   216.69         22.5     16        5.14982e+11   -7.92125e+11     0.29091         1.16887       20.12197      0.019999
      1717       1717    37.87832429    20.68636552    26.04372690     0.31    35.50   103.30  7.17021e+08      21.97    34.24      17.60    43.22   0.074662        0.616       0.4873        0.619   1.000000  -0.558278  -0.302284   0.772625   0.754713   0.203625   0.852855   0.480807   0.625735  -0.804277   0.425750  -0.414578   217.12        21.96     16        6.69766e+11   -7.25387e+11     0.51392         2.76904       12.69753      0.027153
      1601       1601    37.98017698    20.22211227    26.68241652    97.80   100.35   -16.18  6.68579e+08      21.48    32.38      17.19    35.71   0.043463      -0.6361      -0.5152      -0.5744   1.000000  -0.083248  -0.235503   0.968302   0.821111   0.074667   0.967469   0.241720   0.704842   0.993728  -0.092423   0.062955   216.58        21.46     16        4.26366e+11   -5.74655e+11     0.18954         3.46632       19.33412      0.027369
      1599       1599    37.89885855    20.92610102    25.15441319    30.26    63.64    70.63  6.67744e+08      21.47    32.44      17.62    36.79   0.008619      -0.5686      -0.8127       0.1272   1.000000   0.236211  -0.567351   0.788871   0.567727  -0.036380   0.806112   0.590644   0.480843   0.971021   0.168216  -0.169772   216.50        21.45     16        4.51833e+11    -5.8199e+11     0.79306         3.80584       19.54746      0.005090
      1466       1466    37.46784872    20.87801528    25.54269750   112.09    93.87    24.84  6.12203e+08      18.61    37.46      11.71    48.73   0.016010      -0.6034      -0.2528       0.7563   1.000000   0.179365   0.900220  -0.396776   0.872585   0.152336   0.373037   0.915225   0.703809   0.971917  -0.224603  -0.070226   304.72        13.27     16        7.26906e+11   -7.27536e+11     0.20554         0.89495        8.33058      0.000668
      1452       1452    37.47506354    20.09349751    26.20721585   130.38   133.74     1.82  6.06357e+08      20.86    31.97      16.46    36.09   0.050846      -0.1483      -0.9723      -0.1807   1.000000   0.235292  -0.327186   0.915198   0.875438   0.304005   0.919162   0.250445   0.760808   0.923157  -0.219297  -0.315738   214.38        20.81     16         3.9494e+11   -5.69681e+11     0.44713         0.15069        5.71040      0.037769
      1403       1403    37.26383247    21.16761594    26.13070165   115.09    53.40   -13.00  5.85894e+08      14.27    36.89      11.87    53.54   0.041845      0.07053      -0.2781        0.958   1.000000   0.655554  -0.391248   0.645890   0.814655  -0.740573  -0.165853   0.651187   0.725501   0.147653   0.905217   0.398473   647.54        4.786     16        8.39685e+11   -6.25093e+11     0.53734         1.80760       13.06726      0.029481
      1365       1365    38.17137725    20.13273151    26.59896765    86.25    92.35     5.99  5.70026e+08      20.36    32.87      12.86    39.94   0.040478      -0.3259      0.09671       0.9404   1.000000   0.240999   0.962929  -0.121193   0.906867   0.960335  -0.218553   0.173181   0.885957  -0.140274   0.158122   0.977405   216.89        20.35     15        4.54657e+11   -5.26459e+11     0.34423         1.60777        9.17186      0.020253
      1364       1364    37.55550807    20.79500404    26.01093529   115.98    59.13    18.51  5.69608e+08      20.36    30.43      16.38    34.73   0.039445      0.01199      -0.9811      -0.1932   1.000000  -0.172610   0.773369   0.610005   0.745831   0.979581   0.199597   0.024137   0.713219   0.103089  -0.601715   0.792030   216.47        20.35     15         3.4357e+11   -4.52819e+11     0.58146         2.03143       18.37465      0.024367
      1290       1290    37.21805097    20.07207761    25.24814476   122.27   110.85    -2.34  5.38706e+08      19.97    30.74      15.63    38.84   0.020743       0.8223        0.437      -0.3645   1.000000   0.383054   0.502442   0.775127   0.888587   0.840254   0.159055  -0.518339   0.769380  -0.383723   0.849855  -0.361252   217.20        19.97     15        4.06254e+11   -4.65754e+11     0.34586         1.22639        6.68785      0.009901
      1269       1269    37.74316422    20.93843677    25.85573517    64.11    18.87    -0.10  5.29936e+08      19.88    30.22      15.94    36.89   0.046525      -0.8277       0.4477      -0.3384   1.000000  -0.058069  -0.556011   0.829144   0.812657   0.995706   0.027722   0.088325   0.724811   0.072095  -0.830712  -0.552014   216.54        19.87     15        3.60584e+11   -4.33605e+11     0.58338         0.67667       17.90823      0.024953
      1214       1214    37.60686158    20.81977763    26.28890526   104.61    32.75   -27.30  5.06968e+08      19.62    30.58      15.77    32.97   0.030147        0.254      -0.9435       0.2128   1.000000   0.117710  -0.587061   0.800940   0.954210  -0.773632   0.451464   0.444605   0.819703   0.622605   0.671967   0.401027   215.28        19.59     15        2.75515e+11    -4.0162e+11     0.30987         1.09837       11.42113      0.022069
      1154       1154    38.15837334    20.21755818    25.88893720    71.99   108.50    41.65  4.81912e+08      19.24    29.86      15.08    34.32   0.034822       0.1828      -0.9289       -0.322   1.000000   0.835551  -0.518870  -0.180632   0.895247  -0.244322  -0.645387   0.723728   0.862213   0.492098   0.560579   0.666026   217.10        19.24     15        2.83805e+11   -3.84383e+11     0.38208         0.66105        8.26558      0.023714
      1149       1149    37.44468164    20.97760012    26.08003949   107.19    34.73   -13.11  4.79824e+08      19.23    30.03      15.16    32.54   0.034825      -0.9322      -0.2588       -0.253   1.000000  -0.465623   0.757693  -0.457271   0.896091   0.045339   0.536445   0.842717   0.765438   0.883821   0.371656  -0.284134   216.65        19.22     15        2.54005e+11   -3.88333e+11     0.32240         1.34846        6.64864      0.027517
      1128       1128    37.10104515    21.50790546    25.64312865    61.48    23.09    43.89  4.71054e+08      19.10    29.54      15.38    34.72   0.039120      -0.9514      -0.1944       0.2388   1.000000   0.766687  -0.010912  -0.641929   0.974457   0.526243   0.583442   0.618599   0.904438  -0.367778   0.812082  -0.453060   216.89         19.1     15        2.83954e+11   -3.62093e+11     0.60016         0.92731        9.00380      0.023936
      1111       1111    37.57157307    21.21981369    25.47121528    92.95    30.04    47.70  4.63955e+08      19.00    28.48      15.42    33.78   0.058411       0.7434       0.2674      -0.6131   1.000000   0.965974  -0.253262  -0.052470   0.940977   0.042092  -0.046227   0.998044   0.748379   0.255192   0.966293   0.033994   217.15           19     15        2.64773e+11   -3.25906e+11     0.47679         0.18213       17.20691      0.032008
      1102       1102    37.96497736    20.41594414    26.07944615    66.47   117.55   -11.13  4.60197e+08      18.95    29.21      14.98    32.30   0.037987       0.2713       0.4387      -0.8567   1.000000  -0.124626  -0.687698   0.715220   0.971921   0.892812  -0.392190  -0.221527   0.808941   0.432846   0.610949   0.662862   216.91        18.95     15        2.40088e+11   -3.45491e+11     0.43226         1.89404        8.37387      0.027524
      1097       1097    37.91888896    19.78754279    25.57035551    92.09   109.71    32.35  4.58108e+08      18.96    29.70      15.30    32.50   0.029707      -0.3346       0.3997      -0.8534   1.000000  -0.118873   0.808367   0.576552   0.763450   0.701526  -0.342548   0.624918   0.689268   0.702660   0.478752  -0.526370   215.60        18.94     15        2.41912e+11   -3.38164e+11     0.52287         3.53149       11.15596      0.020668
      1069       1069    37.63166090    20.53495897    26.15860692   138.31   106.62    30.44  4.46416e+08      18.77    28.60      14.73    35.14   0.079708      -0.5089       0.8513      -0.1278   1.000000   0.451690  -0.223251   0.863791   0.682157   0.689468  -0.527118  -0.496770   0.609221   0.566225   0.819942  -0.084170   216.59        18.76     15        2.75655e+11   -3.45028e+11     0.15818         1.35274       16.75165      0.048068
      1034       1034    38.48875269    20.06590783    25.73728885    28.76    68.35    48.30    4.318e+08      18.56    27.98      14.98    32.42   0.027104       0.6584      -0.2998      -0.6903   1.000000   0.928504  -0.252335  -0.272411   0.918042   0.315985   0.151628   0.936569   0.736773   0.195024   0.955686  -0.220521   216.93        18.55     15         2.2696e+11   -2.92097e+11     0.57627         0.63165       16.76819      0.016279
      1027       1027    37.54151986    20.66484095    25.53543008    86.01   100.94    53.86  4.28876e+08      18.52    27.41      14.91    31.75   0.021583       0.3541      -0.9146       -0.195   1.000000   0.930323   0.366251   0.018947   0.916645  -0.300645   0.791222  -0.532522   0.718064  -0.210028   0.489721   0.846204   216.78        18.51     15        2.16191e+11   -2.77902e+11     0.53445         0.48328       16.71147      0.012691
      1020       1020    37.49311603    21.05594883    25.56145200    80.69    15.85     5.52  4.25953e+08      18.47    28.30      14.95    30.24   0.037625       0.9713      -0.2161      0.09952   1.000000   0.314138   0.932300  -0.179260   0.855601   0.073955   0.164214   0.983649   0.761773   0.946493  -0.322258  -0.017363   216.87        18.47     15        1.94768e+11   -2.89799e+11     0.32930         0.65932       13.52329      0.027610
       997        997    37.81397496    20.61799995    26.17948401    87.47    53.26   -30.09  4.16348e+08      18.37    28.53      14.87    35.55   0.030129     -0.05666      -0.8416      -0.5371   1.000000   0.521224   0.656749  -0.544983   0.657217   0.453830   0.327509   0.828720   0.477380   0.722748  -0.679278  -0.127346   215.49        18.34     15        2.63127e+11    -2.8496e+11     0.49141         2.49238       10.89179      0.010812
       927        927    37.79872484    20.47543006    26.23838406    64.77    82.22    11.91  3.87116e+08      17.89    26.87      14.37    31.81   0.041896      -0.4512       0.8153       0.3629   1.000000   0.169010  -0.396955   0.902143   0.890170   0.120797   0.916752   0.380753   0.753287   0.978184  -0.044625  -0.202892   216.98        17.89     14        1.95818e+11   -2.41162e+11     0.42756         2.08482       16.13009      0.022996
       894        894    37.29160119    20.84180560    25.09459349   113.27    74.52    49.65  3.73335e+08      17.70    26.94      13.65    31.21   0.036843       0.9175      -0.3176      -0.2393   1.000000   0.254599  -0.129951   0.958276   0.895245  -0.453847   0.858967   0.237064   0.804384   0.853934   0.495266  -0.159714   216.04        17.68     14        1.81853e+11   -2.28877e+11     0.20734         0.79434       15.67380      0.021240
       893        893    37.48851576    20.23769601    26.19242044   145.39   120.58     2.59  3.72918e+08      17.68    27.62      14.19    31.83   0.060108      -0.9309      0.02254      -0.3646   1.000000   0.284199   0.956899  -0.059798   0.784458   0.934469  -0.262506   0.240537   0.720424  -0.214473   0.124240   0.968796   216.61        17.67     14        1.88882e+11   -2.36462e+11     0.57663         1.15186       10.26467      0.034874
       880        880    37.47079750    20.51624568    25.65026466   130.24   126.19    25.65  3.67489e+08      17.58    28.07      13.87    30.58   0.022240      -0.1691      -0.3304       0.9286   1.000000  -0.308724   0.811087  -0.496817   0.892480   0.428587   0.584925   0.688604   0.768752   0.849119  -0.000341  -0.528202   217.16        17.58     14        1.71825e+11   -2.48848e+11     0.59542         1.52086        9.78245      0.016612
       876        876    37.49763105    21.69799577    24.92367223    40.00    53.64    32.50  3.65819e+08      12.01    32.32       9.88    45.91   0.078855       0.9287      -0.2997       0.2185   1.000000  -0.185475  -0.466008   0.865122   0.822342  -0.374158   0.847571   0.376337   0.652520   0.908628   0.253891   0.331564   677.79        3.849     14        3.85495e+11   -3.05063e+11     0.52869         1.76024        9.00556      0.049980
       873        873    37.50867136    20.89534440    26.03212167   104.61    36.86     8.03  3.64566e+08      17.55    27.07      13.71    32.08   0.042813      -0.2316       0.3796      -0.8957   1.000000  -0.146479   0.856142   0.495544   0.750065   0.920423   0.301503  -0.248831   0.734200   0.362443  -0.419662   0.832177   216.37        17.54     14        1.87558e+11   -2.40755e+11     0.30218         0.36313       12.21208      0.026770
       867        867    37.14726831    20.11736691    25.02177277   166.00    40.07    34.68   3.6206e+08      14.64    32.53       9.40    52.16   0.027532       0.6092      -0.7696      -0.1911   1.000000  -0.727528   0.437723   0.528300   0.960269  -0.163980  -0.858653   0.485618   0.897781   0.666193   0.266670   0.696472   370.11        8.594     14         4.9247e+11   -3.13105e+11     0.14065         1.36456        6.78583      0.029072
       859        859    37.90786745    20.59270371    26.61970000   105.73    52.43   -34.58  3.58719e+08      17.46    27.05      13.65    32.91   0.066521     0.008032      -0.1198      -0.9928   1.000000   0.966187  -0.243824   0.083858   0.755159  -0.188017  -0.443681   0.876240   0.709683   0.176442   0.862379   0.474522   216.31        17.45     14        1.94264e+11   -2.26247e+11     0.42520         2.58488       12.15589      0.032691
       844        844    37.47110200    20.43233802    25.64648869   121.68   136.28    25.73  3.52455e+08      17.34    28.79      10.06    31.95   0.066249       0.4903      -0.5114      -0.7057   1.000000   0.415393   0.828991  -0.374463   0.766735   0.443035   0.175158   0.879227   0.706061   0.794461  -0.531125  -0.294512   217.09        17.34     14        1.79939e+11   -2.51171e+11     0.19881         1.13997        8.86345      0.049277
       803        803    37.57584193    21.37200373    24.68141838    42.60    61.80    57.54  3.35334e+08      17.05    25.77      13.60    28.42   0.032343      -0.8463       0.2266      -0.4821   1.000000  -0.363895   0.895822   0.255115   0.660635   0.510385  -0.037341   0.859135   0.637146   0.779158   0.442841  -0.443626   216.99        17.05     14        1.35471e+11   -1.91441e+11     0.53572         2.59494       15.32838      0.022230
       802        802    37.51618686    21.06463174    24.91935583    65.50    70.22    58.34  3.34916e+08      17.06    26.37      13.57    29.73   0.029480       0.3319      -0.1632      -0.9291   1.000000  -0.080239  -0.279877   0.956677   0.728510   0.988917   0.097926   0.111592   0.627555  -0.124915   0.955028   0.268918   216.47        17.05     14         1.4797e+11   -1.98045e+11     0.34728         1.53219        9.68206      0.019193
       785        785    37.58292226    20.93837145    25.47520299    42.26    48.34    51.12  3.27817e+08      16.94    23.78      13.46    29.87   0.120523       0.8627       0.1086      -0.4939   1.000000   0.187043   0.977361  -0.098898   0.678917   0.981780  -0.182548   0.052772   0.525427  -0.033523   0.106967   0.993697   216.44        16.91     14        1.46217e+11   -1.58606e+11     0.40679         4.42022       15.19815      0.039733
       757        757    37.62764125    21.17932125    24.76593599    48.74    60.43    54.49  3.16124e+08      16.72    25.00      12.87    27.15   0.027815       0.4306      -0.4968      -0.7535   1.000000  -0.392504  -0.468015   0.791771   0.811016  -0.812751   0.579474  -0.060378   0.711011   0.430553   0.667212   0.607826   217.01        16.72     14        1.16545e+11   -1.71726e+11     0.33103         1.47221       14.79404      0.019939
       744        744    37.43541516    20.28094995    26.02485552   152.27   118.90    18.56  3.10695e+08      16.67    25.36      13.41    28.25   0.013046       0.4163      -0.4491       0.7905   1.000000   0.354519   0.660919  -0.661440   0.809234   0.778541   0.183139   0.600278   0.698953   0.517871  -0.727768  -0.449626   215.23        16.64     14        1.24004e+11    -1.7322e+11     0.31997         1.29509       15.03967      0.008972
       731        731    37.93383583    20.54330082    26.50237195    77.59    52.80   -13.75  3.05266e+08      16.60    26.91       8.79    29.10   0.028248      -0.6469       0.7532       0.1196   1.000000   0.926960  -0.212452   0.309208   0.952231  -0.331985  -0.080648   0.939831   0.744186   0.174732   0.973838   0.145288   214.00        16.57     14        1.29231e+11    -1.8755e+11     0.58105         0.89296        7.95057      0.021482
       715        715    37.76645325    20.04796818    25.72053123   101.52   121.00    16.22  2.98585e+08      16.42    25.04      13.30    28.51   0.066258       0.3435        0.902      -0.2616   1.000000   0.831961  -0.106601   0.544498   0.792887  -0.481052   0.350405   0.803620   0.608423   0.276461   0.930512  -0.240242   216.61        16.41     14        1.21339e+11   -1.69926e+11     0.63805         1.11256        4.21163      0.046753
       686        686    37.82548062    20.06885046    26.85974273   122.32   103.15   -11.41  2.86474e+08      16.24    25.56      12.90    27.63   0.032170      -0.8984       0.1962       -0.393   1.000000  -0.057285  -0.131396   0.989673   0.984437   0.811234   0.571669   0.122855   0.844188  -0.581909   0.809895   0.073845   214.77        16.21     14        1.09341e+11   -1.57251e+11     0.38058         0.56297        9.20057      0.023366
       685        685    37.47395585    20.93776731    25.54146485   143.37   -16.48    57.74  2.86057e+08      11.44    29.93       9.40    41.37   0.029143      -0.9729       -0.179      -0.1466   1.000000   0.582248   0.761184  -0.285634   0.804745  -0.073678   0.399284   0.913862   0.684642   0.809666  -0.511050   0.288564   612.51        4.059     14         2.4478e+11   -2.03003e+11     0.23512         1.68885        7.03708      0.016619
       621        621    37.47268741    21.56812198    24.68503191    64.57    63.43    42.34   2.5933e+08      15.69    24.03      12.15    26.51   0.031016       0.2001       0.3394      -0.9191   1.000000   0.124413   0.941801  -0.312302   0.856399   0.680291   0.148160   0.717811   0.724111   0.722306  -0.301761  -0.622265   215.39        15.67     13         9.1154e+10   -1.29166e+11     0.26284         1.58287       10.77304      0.021792
       605        605    37.58781093    20.80091815    26.19567330   113.11    29.46    -9.04  2.52649e+08      15.54    24.19      12.40    25.82   0.015915      -0.6902      -0.7065      -0.1564   1.000000  -0.029357   0.800273  -0.598916   0.731465   0.114346   0.597930   0.793350   0.653140   0.993007  -0.045193  -0.109062   216.13        15.52     13         8.4203e+10    -1.2223e+11     0.40400         0.75113        8.89931      0.011423
       601        601    37.52527049    20.73653584    25.70347908   108.77    70.12     9.26  2.50978e+08      15.50    23.48      11.66    25.87   0.051381       0.9677      -0.1892       0.1664   1.000000   0.379105  -0.619854   0.687066   0.828312   0.214729   0.781152   0.586254   0.686090   0.900095   0.074719  -0.429240   216.31        15.49     13        8.39551e+10   -1.21022e+11     0.17636         0.92422       13.58202      0.036607
       599        599    37.98141772    20.59781147    26.27290083    35.28    56.00   -25.10  2.50143e+08      15.47    24.18      12.22    26.19   0.030426       0.9357       0.3225      -0.1432   1.000000  -0.521177   0.852565  -0.038831   0.927326   0.140410   0.130535   0.981451   0.897713   0.841819   0.506057  -0.187741   216.77        15.47     13        8.57854e+10   -1.24792e+11     0.57133         1.07453        8.63043      0.022292
       595        595    37.62566701    20.74813678    26.25838749    96.91    57.08   -35.00  2.48473e+08      15.45    24.03      12.36    26.00   0.008564       -0.621      -0.6671       0.4115   1.000000  -0.380712   0.824192   0.419244   0.759321   0.430484  -0.243285   0.869193   0.681822   0.818378   0.511390  -0.262180   216.07        15.44     13        8.39689e+10   -1.19793e+11     0.29606         0.55279        8.88820      0.006050
       594        594    37.60796204    20.83411673    26.31893558    91.62    21.81   -50.00  2.48055e+08      15.43    24.10      12.09    26.48   0.073153      0.08219       0.5651       0.8209   1.000000  -0.047525   0.746316  -0.663893   0.866373  -0.170846   0.648777   0.741553   0.782771   0.984151   0.148666   0.096673   216.73        15.42     13        8.69431e+10   -1.25596e+11     0.44335         1.08397        8.45186      0.053728
       592        592    37.67783810    21.22249691    25.48150091   105.71    -4.10    33.87   2.4722e+08      15.41    26.24       9.34    34.77   0.047118      0.03766      -0.4516      -0.8914   1.000000  -0.566496   0.674922  -0.472823   0.621050   0.781683   0.621744  -0.049049   0.499463  -0.260871   0.397384   0.879791   216.79        15.41     13        1.49433e+11   -1.42363e+11     0.41186         1.97523        8.30366      0.014841
       586        586    37.90017626    20.58098622    26.57766463   103.31    51.26   -24.88  2.44714e+08      15.40    23.99      12.26    31.31   0.127819     0.005974      -0.4292      -0.9032   1.000000   0.736572   0.619088  -0.272383   0.797634  -0.669981   0.723021  -0.168423   0.714682   0.092670   0.306547   0.947334   215.17        15.37     13        1.19983e+11   -1.24455e+11     0.37811         0.94915        5.56073      0.032334
       581        581    37.57498286    21.55230623    25.03951649    63.50    48.26    46.32  2.42626e+08      15.31    24.99      10.19    28.95   0.047641       0.9126      -0.4067      0.04213   1.000000  -0.165179   0.984402   0.060570   0.876140   0.726272   0.162955  -0.667814   0.810915   0.667267   0.066319   0.741860   217.08        15.31     13        1.01683e+11   -1.26527e+11     0.35226         0.14675        6.16034      0.028567
       581        581    36.80119797    21.46280330    25.74363614   125.45    99.13     6.29  2.42626e+08      15.32    23.77      12.49    26.21   0.024809      -0.1504       0.6526      -0.7426   1.000000   0.638753   0.682466  -0.355296   0.856579  -0.337547   0.663525   0.667680   0.784630   0.691417  -0.306554   0.654193   216.69        15.31     13        8.33228e+10   -1.11226e+11     0.86785         0.37447        9.24777      0.015770
       580        580    37.60168608    21.45721108    24.93271041    29.86    53.96    56.48  2.42209e+08      15.31    24.10       9.42    26.80   0.041625      0.06152       0.1391      -0.9884   1.000000   0.461748  -0.059376   0.885022   0.915032   0.659026   0.690784  -0.297493   0.906859  -0.593694   0.720620   0.358098   216.80         15.3     13        8.70127e+10   -1.28919e+11     0.43482         0.56381        3.18254      0.032470
       578        578    37.89613876    20.93676840    25.14025044    37.19    48.18    82.55  2.41373e+08      12.03    28.16       7.88    39.07   0.048098      -0.5788      -0.8078       0.1111   1.000000   0.297452  -0.375885   0.877629   0.769164  -0.536003   0.694954   0.479312   0.644365   0.790078   0.612984  -0.005240   445.50        5.863     13        1.84239e+11   -1.56955e+11     0.31507         0.85338        7.12656      0.026927
       576        576    37.28004665    21.15837997    25.42670779   120.29    53.36    52.53  2.40538e+08      15.30    23.16      12.03    24.57   0.060928       0.8016      -0.1173       0.5863   1.000000  -0.445946   0.079786   0.891497   0.783017   0.441707  -0.846669   0.296726   0.752263   0.778477   0.526105   0.342326   215.75        15.28     13        7.26142e+10   -1.10362e+11     0.41039         0.40841       13.66231      0.045405
       567        567    37.62497620    20.77730322    26.28109411    87.18    50.93   -54.26   2.3678e+08      15.18    23.68      12.06    26.45   0.023047     -0.07604       0.9118      -0.4036   1.000000   0.827296   0.543621  -0.141625   0.874781  -0.553405   0.831994  -0.039117   0.772892   0.096566   0.110738   0.989147   217.21        15.18     13        8.28472e+10   -1.19831e+11     0.27040         1.11352        5.43252      0.017206
       566        566    37.98190263    20.54763931    26.47626537    42.66    53.67     1.60  2.36362e+08      15.19    22.98      11.67    26.90   0.018694       0.2765       0.9351      -0.2218   1.000000  -0.232676  -0.495459   0.836888   0.768585   0.954892  -0.279633   0.099934   0.719274   0.184509   0.822390   0.538174   216.54        15.18     13        8.55302e+10   -1.07866e+11     0.05414         1.78488       13.42817      0.010867
       561        561    38.43578127    20.09404312    25.76404906    49.71    66.26    43.27  2.34274e+08      15.14    23.17      11.72    28.18   0.051330      -0.3805       0.8619      -0.3351   1.000000   0.712711  -0.449525  -0.538490   0.892083   0.675079   0.648104   0.352462   0.701980   0.190557  -0.614727   0.765375   216.53        15.13     13        9.30071e+10   -1.12017e+11     0.25534         1.55328       13.43255      0.027732
       560        560    37.58444210    21.51563911    25.07309070    62.59    37.86    24.98  2.33857e+08      15.14    23.65      12.00    28.20   0.051618      0.09005      -0.2486      -0.9644   1.000000   0.062740   0.859621  -0.507065   0.901829   0.932678  -0.231327  -0.276765   0.776162   0.355211   0.455564   0.816264   216.36        15.13     13        9.29945e+10   -1.12124e+11     0.57182         1.77760        8.52688      0.028021
       555        555    37.19373645    21.23155541    26.06951425   114.26    44.38     5.42  2.31769e+08      15.08    23.63       7.90    27.94   0.040466       0.3302       0.7913      -0.5145   1.000000   0.637138  -0.165580   0.752754   0.962244   0.730098  -0.183333  -0.658290   0.859112   0.247004   0.969006   0.004081   216.86        15.08     13        9.04329e+10   -1.14388e+11     0.67404         0.49407        4.63197      0.024757
