#  npart(1)  nvpart(2)      Xc(3)          Yc(4)          Zc(5)      VXc(6)   VYc(7)   VZc(8)    Mvir(9)      Rvir(10) Vmax(11)   Rmax(12) sigV(13) lambda(14)      Lx(15)       Ly(16)       Lz(17)     a(18)     Eax(19)    Eay(20)    Eaz(21)     b(22)     Ebx(23)    Eby(24)    Ebz(25)     c(26)     Ecx(27)    Ecy(28)    Ecz(29) ovdens(30)    Redge(31) nbins(32)     Ekin(33)       Epot(34)   mbp_offset(35)  com_offset(36)   r2(37)      lambdaE(38)
   1828374    1828374    39.75896093    22.35277015    26.22184502   102.71    98.98    19.12  7.63531e+11     200.98   183.34      34.33   177.66   0.019948     -0.04665       0.5686       0.8213   1.000000   0.018006   0.061553   0.997941   0.949770   0.963189  -0.268825  -0.000798   0.851128   0.268223   0.961220  -0.064127   301.85          201     35        1.20503e+16   -2.20227e+16     0.06107         2.32873       15.94172      0.022734
     77271      77271    39.49907822    22.51555781    26.19406409   206.90     7.58    50.87  3.22685e+10      70.04    58.91      10.37    62.77   0.049412      -0.6368         0.26       0.7258   1.000000   0.728405  -0.680666   0.078226   0.922996  -0.454832  -0.395000   0.798187   0.898547   0.512400   0.616984   0.597309   301.44        70.03     26        6.35743e+13   -1.04823e+14     0.05108         1.87638        5.75235      0.050588
     71079      71079    39.46087099    22.42085088    26.12742504   183.41    32.88    97.81  2.96827e+10      68.08    64.09      10.67    62.74   0.048608      -0.6199       0.6566      -0.4297   1.000000   0.431990   0.611318   0.663080   0.958796   0.809207  -0.587349   0.014309   0.944285  -0.398206  -0.530388   0.748412   301.85        68.08     26        5.84249e+13   -1.03439e+14     0.00952         0.71085        4.26195      0.055722
     29124      29124    39.69980307    22.26912849    26.26245608   173.76   208.84   -78.90  1.21622e+10      50.57    64.48       3.91    61.45   0.029587      -0.2935       -0.865        0.407   1.000000   0.504996   0.718608  -0.478102   0.787687  -0.506713   0.695250   0.509774   0.752923   0.698728  -0.015173   0.715227   301.79        50.57     24        2.29612e+13   -3.93264e+13     0.08341         1.13234        2.07884      0.043016
      5192       5192    39.62029544    22.50542046    26.20113557   204.30    -6.87    98.96  2.16819e+09      28.48    29.92       4.60    29.16   0.029686      -0.2064      -0.9776      0.04068   1.000000   0.947508  -0.293731   0.126294   0.855102   0.294278   0.955606   0.014731   0.842427  -0.125014   0.023208   0.991883   301.36        28.47     19        9.21641e+11   -1.63465e+12     0.10913         0.70230        2.41621      0.037920
      4467       4467    39.54891564    22.50295459    26.24180874   264.86    29.65    20.54  1.86542e+09      27.08    31.38       2.58    30.46   0.027011      -0.3842       0.8564       0.3448   1.000000   0.392567  -0.143870   0.908401   0.893492   0.833571   0.473030  -0.285311   0.833908  -0.388653   0.869220   0.305621   301.60        27.07     19         8.6528e+11   -1.43244e+12     0.09453         0.38232        1.67580      0.034877
      4406       4406    40.09015065    22.44637096    26.29040896    26.53   114.28   -57.24  1.83995e+09      26.95    22.10       5.66    21.55   0.048527      -0.9221      -0.1634      -0.3508   1.000000  -0.362648   0.312220   0.878069   0.793093   0.789315   0.603819   0.111289   0.717428  -0.495448   0.733431  -0.465414   301.57        26.95     19        4.27376e+11   -7.60653e+11     0.13094         1.24795        2.98013      0.048587
      4337       4337    40.15704744    22.17027512    26.14132867    33.06   164.78    32.28  1.81114e+09      26.87    26.90       3.19    25.70   0.030919      -0.6418       0.7666      0.02179   1.000000   0.681331  -0.213054   0.700283   0.945813   0.229381   0.970660   0.072140   0.829450  -0.695106   0.111480   0.710211   299.49        26.86     19        5.98068e+11   -1.06859e+12     0.11451         0.26764        1.65464      0.037313
      2769       2769    39.60684619    22.36886726    26.29433004   137.87   166.11    57.43  1.15634e+09      23.12    28.83       2.84    26.76   0.024170       0.9198      -0.1166       0.3746   1.000000   0.878992   0.463627  -0.111459   0.854620  -0.320494   0.747501   0.581829   0.802937   0.353067  -0.475701   0.805637   300.26        23.11     17        4.14173e+11   -7.61122e+11     0.08879         0.26846        1.83335      0.036387
      2228       2228    39.55892390    22.49963187    26.16740094   223.13     6.44    99.47  9.30415e+08      21.29    23.20       2.70    22.07   0.021414      -0.3113      -0.9339       0.1759   1.000000   0.693720  -0.513901  -0.504636   0.893130   0.698851   0.310776   0.644224   0.868076   0.174239   0.799577  -0.574732   309.41        20.77     17        2.26668e+11   -4.08917e+11     0.09291         0.23465        1.75161      0.027867
      2005       2005    39.53041399    22.42698426    26.16012873   245.48    41.50    20.57   8.3729e+08      20.82    21.29       2.71    19.91   0.016266       0.4681      -0.8818     -0.05711   1.000000   0.839385  -0.488704  -0.237912   0.957013   0.542178   0.721874   0.430046   0.882328  -0.038422  -0.489965   0.870895   297.94         20.8     16        1.65951e+11    -3.1478e+11     0.15361         0.44022        1.77276      0.021018
      1956       1956    39.73005933    22.34927083    26.13027904   278.09    51.58    58.80  8.16828e+08      16.63    28.06       2.97    26.16   0.008706      -0.8518     -0.04637      -0.5218   1.000000   0.669741  -0.116311   0.733429   0.801649   0.657728  -0.365585  -0.658590   0.749678   0.344732   0.923482  -0.168347   569.98        8.807     16        2.79485e+11   -5.41417e+11     0.06683         0.22844        1.95120      0.013673
      1938       1938    39.62296320    22.35520800    26.03945113   190.54    31.64   115.44  8.09311e+08      20.56    23.16       2.34    21.87   0.014510        0.633      -0.6085      -0.4786   1.000000   0.895713  -0.287132   0.339490   0.985349  -0.255552   0.292370   0.921528   0.922163   0.363857   0.912181  -0.188502   298.83        20.55     16        1.93469e+11   -3.67894e+11     0.06765         0.18958        1.48308      0.020869
      1725       1725    39.87235941    22.34633734    26.32326421   165.49    65.73   -40.70  7.20362e+08      19.74    27.78       2.14    25.42   0.005506       0.5599       0.6283      -0.5401   1.000000   0.675502   0.257905   0.690783   0.781107  -0.733699   0.328311   0.594893   0.720516   0.073366   0.908679  -0.410999   300.66        19.73     16        2.32786e+11   -4.32719e+11     0.07347         0.07970        1.84782      0.009332
      1552       1552    39.65350763    22.34201986    26.23154684   133.75    59.76    -2.30  6.48117e+08      16.54    27.91       2.26    25.33   0.008683       0.6343      -0.2646      -0.7264   1.000000   0.970522   0.156456  -0.183325   0.646902  -0.184621   0.971570  -0.148213   0.622433   0.154924   0.177689   0.971815   459.30        10.87     16         2.0787e+11   -3.99532e+11     0.08938         0.20113        1.49068      0.014664
      1428       1428    39.52277375    22.48785566    26.18661711   222.42     4.10    33.99  5.96334e+08      18.54    20.16       1.96    22.44   0.023467       0.7454       0.4053       0.5292   1.000000  -0.610906   0.791230   0.027370   0.820732  -0.175453  -0.169016   0.969871   0.778285   0.772017   0.587697   0.242076   300.46        18.53     16         1.5015e+11   -1.75547e+11     0.17516         0.52998        1.30249      0.016596
      1312       1312    39.51141697    22.52057899    26.20441522   160.77    46.31    28.52  5.47893e+08      10.26    25.31       1.91    27.81   0.027609      -0.8807      -0.4732     -0.01852   1.000000   0.724929  -0.066127   0.685642   0.765875   0.494532   0.742857  -0.451223   0.748049  -0.479496   0.666176   0.571220  1629.36          1.9     15        2.11859e+11   -2.90162e+11     0.07965         0.12770        1.26929      0.027758
      1282       1282    39.66940736    22.11600421    26.26071404   155.45    61.43    76.12  5.35365e+08      18.00    19.47       3.30    17.71   0.008382      0.08032      -0.4723       0.8778   1.000000   0.270040   0.940896  -0.204432   0.922571   0.804510  -0.103836   0.584792   0.832934  -0.529002   0.322385   0.785000   294.71        17.97     15        8.39252e+10   -1.62133e+11     0.25884         0.26481        2.18136      0.011417
      1212       1212    39.76152597    22.32180677    26.16033985   -34.58   172.12     6.42  5.06133e+08       9.54    29.18       1.57    27.00   0.014110      0.05155       0.4471       -0.893   1.000000  -0.409376   0.684001   0.603783   0.859827   0.826903  -0.001489   0.562343   0.767000   0.385542   0.729480  -0.564993  1873.10        1.537     15        1.84487e+11   -3.65675e+11     0.08443         0.05465        1.36281      0.022524
      1207       1207    39.85043526    22.40361298    26.18183389    50.22    75.81   -87.90  5.04045e+08      17.89    23.33       2.74    21.61   0.007312      -0.7091       0.6682       0.2252   1.000000   0.846190   0.525853   0.086262   0.804467  -0.028284  -0.117330   0.992690   0.718067  -0.532130   0.842444   0.084410   282.40        17.83     15        1.17698e+11   -2.20605e+11     0.13038         0.34260        1.73847      0.012099
      1120       1120    39.63594075    22.33112528    26.13674987    87.46    27.92  -102.15  4.67713e+08      17.80    18.35       2.71    18.76   0.022080      0.06903      -0.5653        0.822   1.000000   0.943162   0.002134   0.332326   0.871001   0.064524   0.979775  -0.189415   0.783908  -0.326009   0.200092   0.923949   266.20        17.64     15        8.23046e+10   -1.26039e+11     0.10854         0.14023        1.25451      0.025601
      1117       1117    39.80229374    22.55939323    26.05296449   136.60    70.92   -31.13  4.66461e+08      17.14    19.78       2.90    18.00   0.013917      -0.4967       0.6595      -0.5643   1.000000   0.523635   0.611676  -0.593008   0.864083   0.708843  -0.698936  -0.095020   0.713233   0.472596   0.370594   0.799571   297.21        17.13     15        7.55731e+10    -1.4715e+11     0.07767         0.30507        1.88383      0.020313
      1075       1075    39.92006853    22.39514758    26.24686882    19.67    59.00   189.10  4.48921e+08      16.90    14.24       2.69    14.81   0.077340       0.7687       0.4087       0.4919   1.000000  -0.361513   0.830332  -0.424095   0.720286  -0.907534  -0.209096   0.364226   0.611036   0.213752   0.516553   0.829146   298.65        16.88     15        4.92088e+10   -8.39822e+10     0.19860         2.16483        1.83106      0.081169
      1042       1042    39.73062337    22.39217059    26.06945348    18.27   125.07   -30.49   4.3514e+08      16.78    24.32       1.45    21.78   0.007087       0.8499       0.1093       0.5154   1.000000  -0.191543  -0.458982   0.867552   0.804771  -0.166083   0.886329   0.432247   0.771496   0.967330   0.061292   0.245999   295.60        16.76     15        1.03225e+11   -1.96393e+11     0.07829         0.20136        0.92739      0.012516
      1029       1029    39.55463604    22.50813800    25.87031044   126.91    -2.96    67.74  4.29712e+08      16.74    17.51       2.19    16.50   0.020888      -0.7349       0.3085       -0.604   1.000000   0.260046   0.596379   0.759414   0.954893  -0.924452  -0.073366   0.374174   0.873438  -0.278864   0.799344  -0.532245   293.91        16.71     15        5.84746e+10   -1.09567e+11     0.14645         0.14690        1.43479      0.027633
      1020       1020    39.69830077    22.36781666    26.21125105    26.08   -50.42   -75.27  4.25953e+08       8.46    27.91       1.20    25.77   0.011277      -0.4519      -0.3495       0.8208   1.000000   0.871114  -0.419044   0.256051   0.835868   0.273882   0.847348   0.454961   0.713552  -0.407613  -0.326195   0.852906  2254.10        1.133     15        1.41409e+11   -2.76689e+11     0.05949         0.09546        1.03381      0.017413
       956        956    39.86379072    22.24773463    26.11652239   146.64   160.33   138.30  3.99227e+08      16.75    20.36       1.68    19.04   0.019357      -0.4922      -0.3829       0.7817   1.000000  -0.422782   0.546317   0.723044   0.859979   0.885310   0.078538   0.458322   0.792824   0.193603   0.833888  -0.516864   272.45        16.66     14         7.2357e+10   -1.36091e+11     0.08491         0.26643        1.04081      0.030796
       855        855    39.54070991    22.38921132    26.09003079   180.39    31.54   110.19  3.57049e+08      15.75    19.42       1.95    17.93   0.018995      -0.6307      -0.1966      -0.7507   1.000000   0.949464  -0.308430  -0.058211   0.917430  -0.127603  -0.548740   0.826197   0.861545   0.286767   0.777017   0.560366   293.37        15.73     14         5.7402e+10   -1.10245e+11     0.08798         0.36379        1.17501      0.029830
       777        777    40.01671959    22.37479577    26.22745450   -26.31   151.06    57.60  3.24476e+08      15.14    15.60       1.91    14.15   0.030209      -0.9943       0.1054      0.01576   1.000000   0.936056  -0.332404  -0.115352   0.932612   0.341970   0.936636   0.075955   0.849751   0.082795  -0.110545   0.990416   299.86        15.14     14        3.24831e+10    -6.2686e+10     0.18721         0.48482        1.23604      0.038701
       749        749    39.73917933    22.35395693    26.03234554    46.29   180.57   112.43  3.12783e+08      15.24    18.40       2.20    16.58   0.017206       0.1799       0.2759       0.9442   1.000000  -0.050780  -0.056535   0.997108   0.813821   0.076883   0.995212   0.060343   0.779728   0.995746  -0.079725   0.046190   283.57        15.19     14        4.29712e+10   -8.90007e+10     0.08903         0.32254        0.99234      0.028319
       712        712    39.70466882    22.30694949    26.08706520   235.98   153.80   106.30  2.97332e+08      14.83    18.78       1.97    16.81   0.027778       0.2873       0.7622         0.58   1.000000   0.249024  -0.608491  -0.753476   0.940562   0.956802   0.034028   0.288743   0.860324   0.150059   0.792831  -0.590679   292.39        14.81     14        4.20046e+10   -8.40867e+10     0.09555         0.45674        1.20586      0.045368
       711        711    39.73970496    22.34211193    26.33826927    97.98    95.75   -94.77  2.96914e+08      12.25    20.22       1.63    18.52   0.007871       0.7896      -0.1172      -0.6023   1.000000  -0.037358  -0.152108   0.987658   0.757179   0.790552   0.600056   0.122316   0.688566  -0.611255   0.785364   0.097832   518.12        7.138     14        5.09205e+10   -9.70205e+10     0.12879         0.13220        1.07187      0.012246
       679        679    40.09621820    22.18738090    26.08259732    55.75   175.20    70.17  2.83551e+08      14.47    11.71       4.66    11.80   0.062977     -0.07031       0.9207       0.3838   1.000000  -0.529558  -0.224153   0.818122   0.872140   0.834980  -0.307821   0.456131   0.820082   0.149592   0.924663   0.350172   300.34        14.46     14        1.97483e+10   -3.50984e+10     0.16069         0.96473        3.07962      0.064339
       665        665    39.75775301    22.30947485    26.02719712   150.85    45.82   -60.10  2.77705e+08      14.41    16.21       1.95    15.30   0.018382       0.3792       0.8856       0.2681   1.000000  -0.041443   0.020261   0.998935   0.807552   0.998482   0.037133   0.040671   0.732686  -0.036270   0.999105  -0.021769   298.01         14.4     14           3.25e+10   -5.75394e+10     0.11924         1.04952        1.67264      0.024437
       663        663    39.97780259    22.18995075    26.21767949    12.67   203.09    57.48   2.7687e+08      14.42    13.68       1.85    12.75   0.006807     0.004957       0.1238      -0.9923   1.000000   0.964468  -0.145174  -0.220742   0.866272   0.262671   0.616671   0.742105   0.821020  -0.028391   0.773719  -0.632892   296.45         14.4     13        2.25191e+10   -4.20564e+10     0.18362         0.35752        1.61320      0.008020
       656        656    39.42761855    22.48792510    26.03282200   187.27   -21.92    86.75  2.73946e+08      14.38    16.39       1.36    14.84   0.032282      -0.9917     -0.07762        0.103   1.000000   0.197061  -0.198482   0.960089   0.851809   0.684961   0.728511   0.010017   0.838222   0.701424  -0.655650  -0.279514   295.50        14.37     13        3.01582e+10   -5.79618e+10     0.14732         0.36348        0.83453      0.045803
       653        653    39.89936098    22.32958033    25.98125327    58.00   157.38   -16.02  2.72694e+08      14.38    17.72       1.35    15.80   0.016914       0.1985       0.9377       0.2853   1.000000   0.749145  -0.569343  -0.338570   0.854104  -0.207126  -0.686831   0.696680   0.793218   0.629190   0.451788   0.632462   294.63        14.36     13        3.40531e+10   -6.93765e+10     0.12488         0.14718        1.15725      0.027166
       630        630    39.46314099    22.63996800    26.16030120   222.00    43.01   102.57  2.63089e+08      14.14    14.60       2.52    13.45   0.020421      -0.2723      -0.8925      -0.3596   1.000000   0.861879  -0.378183   0.337851   0.909395  -0.007940   0.656077   0.754652   0.774261   0.507053   0.653101  -0.562456   298.74        14.13     13        2.37883e+10   -4.51792e+10     0.13288         0.31929        1.52822      0.026237
       614        614    39.76685490    22.31374641    26.08347665    57.43   221.13   107.55  2.56407e+08      12.44    18.24       1.93    16.16   0.007794      -0.4886      -0.5028       -0.713   1.000000  -0.152240   0.766956   0.623380   0.837178   0.410096  -0.524853   0.745889   0.738350   0.899246   0.369200  -0.234622   427.32        8.788     13        3.34783e+10   -6.71801e+10     0.09463         0.15620        1.67337      0.012098
       572        572    39.75644925    22.38670583    26.27856734  -140.87   178.22    80.89  2.38868e+08       5.82    20.13       1.35    19.74   0.018083      -0.9896      0.03026       0.1409   1.000000   0.559309   0.529518   0.637796   0.849860  -0.714169  -0.082833   0.695055   0.778004  -0.420875   0.844245  -0.331836  3888.80       0.4517     13        4.65421e+10   -8.06288e+10     0.06373         0.20785        0.87996      0.020725
       533        533    39.81015992    22.46314881    25.97597429   142.59    96.24   167.69  2.22581e+08      13.46    14.45       1.62    13.19   0.040845       -0.207      0.08784       0.9744   1.000000   0.224773   0.947968   0.225463   0.918293   0.736763  -0.316769   0.597359   0.876897  -0.637697  -0.031843   0.769629   293.26        13.43     13        1.93621e+10   -3.61419e+10     0.08995         0.27072        1.37998      0.053593
       508        508    39.61607734    22.46409130    26.22402461    78.34    83.32   -27.73  2.12141e+08      13.23    18.23       1.87    16.12   0.001766       0.1668      -0.6459      -0.7449   1.000000   0.780647  -0.594840  -0.191718   0.866329   0.113687  -0.166486   0.979468   0.703402   0.614545   0.786414   0.062342   294.08        13.21     13        2.75733e+10   -5.45328e+10     0.10765         0.13694        1.24402      0.003056
       466        466    39.73794282    22.35709384    26.07663443    58.93    81.45    40.32  1.94602e+08      12.82    17.81       1.57    15.81   0.020133       -0.942      -0.3204     -0.09978   1.000000  -0.075266  -0.069088   0.994767   0.688901  -0.255551   0.965617   0.047728   0.611625   0.963861   0.250622   0.090333   296.13        12.81     13        2.43158e+10   -4.95897e+10     0.04366         0.10752        1.33972      0.036202
       464        464    39.66726144    22.19198764    26.37648044   177.25    96.94    70.73  1.93767e+08      12.75    14.83       1.95    13.30   0.023014     -0.03626      -0.8417      -0.5387   1.000000   0.856194   0.514177  -0.050533   0.878730  -0.027961   0.143779   0.989215   0.801183  -0.515897   0.845547  -0.137480   299.85        12.75     13        1.71462e+10    -3.3183e+10     0.09980         0.32595        1.23394      0.033014
       415        415    39.82413170    22.27331329    26.12245890   128.95    51.88   -64.63  1.73304e+08      12.77    16.74       1.52    14.78   0.021896       -0.385       -0.875       0.2934   1.000000  -0.479343   0.509374   0.714681   0.625568  -0.057543   0.794339  -0.604743   0.572809   0.875739   0.331005   0.351450   266.91         12.7     12        1.89345e+10   -3.78646e+10     0.16020         0.18583        1.28911      0.038187
       412        412    39.81690019    22.31465076    26.38270539   136.89    80.76   -58.39  1.72052e+08      12.29    17.45       1.31    15.64   0.003897      -0.1528      -0.3972       0.9049   1.000000   0.203330  -0.263507   0.942985   0.653253   0.954775   0.266753  -0.131331   0.581074  -0.216937   0.927042   0.305829   297.29        12.29     12        2.10544e+10   -4.31636e+10     0.08983         0.10265        1.10474      0.007259
       408        408    39.76978601    22.37570034    26.17922154  -139.46   132.79   -44.88  1.70381e+08       5.28    20.19       1.04    18.50   0.012916     -0.04315       0.6994       0.7134   1.000000   0.843488   0.192615  -0.501425   0.867566   0.494692  -0.642301   0.585431   0.678128   0.209303   0.741855   0.637059  3713.42       0.4292     12        2.91476e+10   -5.67137e+10     0.09123         0.07791        0.64528      0.017777
       387        387    39.82679506    22.19777858    26.09359371   141.99   173.53    75.06  1.61612e+08      12.03    13.71       1.89    12.45   0.019208       0.5626      0.08482       0.8224   1.000000   0.008022   0.115794   0.993241   0.792819   0.806917   0.585906  -0.074823   0.752028  -0.590610   0.802063  -0.088736   298.19        12.02     12        1.25288e+10   -2.34905e+10     0.21801         0.15035        1.20484      0.026525
       385        385    39.63516003    22.43846830    26.26892860    47.88   101.22   -71.05  1.60776e+08      11.89    15.09       1.51    13.84   0.016206       -0.952      -0.0905       0.2924   1.000000  -0.282904   0.109677   0.952857   0.822293   0.749884  -0.594120   0.291026   0.731907   0.598030   0.796864   0.085833   306.96        11.69     12        1.54084e+10    -2.9112e+10     0.15560         0.25291        0.91459      0.025008
       376        376    39.65689857    22.35614426    26.08565183    19.65    78.20    31.55  1.57018e+08      12.00    17.58       1.22    16.17   0.009316      -0.6298       0.7041        0.328   1.000000   0.474201   0.094956   0.875281   0.794694   0.851276  -0.303112  -0.428313   0.722848   0.224638   0.948212  -0.224570   291.51        11.99     12         2.0519e+10   -3.86609e+10     0.09746         0.27006        0.70477      0.017017
       375        375    39.70494549    22.25556027    26.20368115   207.35   232.43    68.56    1.566e+08       9.48    19.56       1.20    16.91   0.013625       0.1615      0.07085      -0.9843   1.000000   0.451476   0.889697  -0.067892   0.913767   0.745160  -0.334087   0.577168   0.773245  -0.490822   0.311168   0.813799   590.05        4.849     12         2.2403e+10   -4.61453e+10     0.13739         0.20095        0.72697      0.025369
       359        359    39.85837952    22.45952383    26.14547783    57.07   139.79  -100.35  1.49919e+08      11.55    14.27       1.82    13.12   0.019853      -0.5375       0.3933       0.7459   1.000000   0.910872   0.410994  -0.037364   0.792556   0.081272  -0.089879   0.992631   0.735032  -0.404607   0.907197   0.115271   312.25        11.17     12        1.29056e+10   -2.36213e+10     0.03915         0.34314        1.16335      0.028636
       357        357    40.09866868    22.43447583    26.27325146    28.11   112.35   -43.35  1.49084e+08      11.65    10.57       2.28    11.26   0.050275      -0.9928      -0.1089      0.05042   1.000000  -0.011445   0.406918   0.913393   0.956011  -0.435804   0.820103  -0.370818   0.797234   0.899969   0.402304  -0.167950   302.32        11.64     12        9.44753e+09   -1.44234e+10     0.19757         0.59624        1.41955      0.049914
       342        342    39.72633811    22.44612231    26.20139693    47.00   229.08   163.65   1.4282e+08       8.65    16.26       1.30    15.29   0.012033       0.4035       0.4143       0.8158   1.000000  -0.312817   0.686294  -0.656617   0.908041  -0.345804   0.561575   0.751700   0.749341   0.884627   0.462205   0.061653   708.90        3.682     12        1.66861e+10   -2.94688e+10     0.12290         0.05700        0.82347      0.017218
       341        341    39.66504581    22.39397252    26.11934460    66.72    71.78    38.02  1.42402e+08      11.76    17.34       1.20    15.29   0.014363      -0.4365      -0.8006       0.4104   1.000000   0.532670  -0.262095   0.804717   0.841931   0.030338  -0.944314  -0.327644   0.787066   0.845779   0.198940  -0.495056   280.98        11.72     12        1.66387e+10   -3.26581e+10     0.13164         0.14549        0.74831      0.026909
       339        339    39.48614422    22.48200543    26.01266939   145.82   -42.29    31.58  1.41567e+08      11.47    10.87       2.03     9.75   0.037220      -0.4858      -0.8097       0.3291   1.000000  -0.057213   0.763068   0.643781   0.789699  -0.195491  -0.640917   0.742300   0.748434   0.979035  -0.083384   0.185841   301.48        11.46     12         6.7246e+09   -1.28416e+10     0.25193         1.12123        1.77760      0.042795
       333        333    39.69338022    22.33840698    26.05627977   257.53   215.19   116.21  1.39061e+08      10.48    12.95       1.43    12.53   0.022607        0.905      -0.4235     -0.04011   1.000000   0.583116   0.394855   0.709975   0.931657  -0.744633  -0.089630   0.661429   0.833348  -0.324804   0.914361  -0.241757   388.26        8.144     12         1.0917e+10   -1.87651e+10     0.10946         0.43795        1.23241      0.028651
       323        323    39.77566600    22.30111421    26.16408554    41.90   303.78    -6.63  1.34885e+08       6.13    15.29       1.51    14.14   0.017085       -0.735       0.4585      -0.4995   1.000000  -0.468246   0.735439   0.489770   0.828792   0.152098  -0.478930   0.864576   0.789451   0.870409   0.479328   0.112398  1878.06       0.9855     12        1.34753e+10   -2.63545e+10     0.11626         0.19642        1.00047      0.021878
       323        323    39.65234132    22.41782118    26.22182845   262.80    24.17    22.27  1.34885e+08       8.20    17.89       1.13    15.73   0.012168       0.3876      -0.9169      -0.0947   1.000000  -0.689133   0.625767  -0.365392   0.930302  -0.053051   0.459321   0.886684   0.709710   0.722690   0.630428  -0.283336   785.79        3.149     12        1.66912e+10   -3.40877e+10     0.06121         0.17408        0.96796      0.020938
       319        319    39.79457188    22.34887507    26.25685073   -82.69   105.37     6.03  1.33215e+08       3.59    22.99       0.70    20.72   0.010724      -0.8264       0.2129      -0.5213   1.000000   0.843262   0.218007   0.491307   0.943074  -0.155242   0.973883  -0.165687   0.720017  -0.514596   0.063446   0.855082  9278.15       0.1166     12        2.86047e+10   -5.65569e+10     0.12941         0.08970        0.47314      0.015663
       319        319    40.15494645    22.15507613    26.21254955    24.87   151.75    10.14  1.33215e+08      11.40    11.56       1.85    10.51   0.019998       0.6027      -0.7858      -0.1391   1.000000   0.824803   0.237480  -0.513131   0.930950   0.562824  -0.257968   0.785291   0.842797  -0.054120   0.936513   0.346432   288.76        11.36     12        7.35462e+09   -1.42052e+10     0.21647         0.31968        1.18457      0.025783
       318        318    40.05411719    22.24098824    26.19911775    27.22   183.69    69.19  1.32797e+08      11.24     9.54       3.24     9.61   0.090252      -0.5918       0.6114       0.5254   1.000000   0.111456  -0.656768   0.745810   0.915692  -0.935986   0.182804   0.300855   0.753536   0.333929   0.731600   0.594351   300.37        11.23     12        6.13316e+09   -9.62146e+09     0.47589         0.60942        2.24970      0.082705
       314        314    40.02494658    22.50821628    26.39662307    16.29   127.78   -31.16  1.31127e+08      11.17    10.43       2.23     9.43   0.026170        0.204       0.3427       -0.917   1.000000   0.891345  -0.452106  -0.033227   0.853387   0.304287   0.542359   0.783107   0.726694   0.336026   0.708129  -0.620999   301.74        11.17     11        5.82818e+09   -1.19503e+10     0.14543         0.56446        1.92153      0.032083
       310        310    39.78904919    22.16487356    26.13246977   153.87   152.23    39.10  1.29456e+08      11.26    14.19       1.44    12.42   0.024791       0.1536       0.8005      -0.5793   1.000000   0.790067   0.575900   0.210080   0.948054  -0.600424   0.657857   0.454660   0.804336   0.123636  -0.485348   0.865535   291.32        11.24     11        9.98308e+09   -1.99024e+10     0.08401         0.18074        1.23544      0.039332
       306        306    39.58818528    22.33974542    26.38334218    61.95    -8.59    -1.33  1.27786e+08      11.16    11.27       1.38    10.44   0.016737      -0.5218       -0.772      -0.3629   1.000000  -0.590495   0.098187   0.801046   0.738672  -0.053794   0.985575  -0.160460   0.642710   0.805246   0.137842   0.576695   294.68        11.15     11        6.96627e+09   -1.27431e+10     0.09252         0.40401        0.83369      0.020445
       296        296    40.02088300    22.46730648    26.24550199    15.66   100.25   -81.20   1.2361e+08      11.33    11.49       1.52    10.45   0.014608     -0.07127      -0.2227       0.9723   1.000000   0.908758  -0.105548   0.403756   0.840956   0.114179   0.993456   0.002716   0.808600  -0.401400   0.043632   0.914863   272.86        11.26     11        6.75393e+09   -1.32181e+10     0.14930         0.35284        1.30103      0.019657
       295        295    39.84824950    22.41382902    26.01677197   161.57   174.17   166.63  1.23192e+08      11.13     8.90       3.52     9.02   0.069452       0.6221    -0.002363       0.7829   1.000000  -0.561269   0.505864   0.655041   0.836091   0.411252   0.857303  -0.309684   0.657913   0.718226  -0.095571   0.689215   287.02        11.07     11        5.01333e+09   -8.40282e+09     0.22375         0.68674        2.30701      0.067294
       294        294    39.73309417    22.39296649    26.28057987   -96.33   238.75    16.43  1.22775e+08       5.79    15.46       1.40    15.88   0.034545       -0.336      -0.6167       0.7119   1.000000   0.477118   0.014266   0.878723   0.757864  -0.174917   0.981405   0.079041   0.734807   0.861256   0.191416  -0.470742  2025.15       0.8637     11        1.54765e+10   -2.38844e+10     0.09294         0.06696        1.19053      0.038174
       290        290    39.68643651    22.47980098    26.31417404    34.42   136.07   -97.18  1.21104e+08       8.95    14.04       1.19    12.55   0.011424       -0.175      -0.9657      -0.1919   1.000000  -0.327840   0.526674   0.784305   0.880026   0.753467  -0.355054   0.553375   0.769546   0.569919   0.772367  -0.280431   541.84        4.987     11         9.5302e+09   -1.90446e+10     0.21681         0.25168        1.01558      0.016921
       289        289    39.92052119    22.46698872    26.24559403    81.32   105.75  -123.08  1.20687e+08      11.18    10.62       2.09    10.38   0.028218      -0.1968      -0.9142       0.3542   1.000000   0.594799   0.425949   0.681749   0.842999  -0.661843  -0.221873   0.716056   0.746666  -0.456265   0.877120  -0.149942   276.82        11.12     11        6.50119e+09   -1.12501e+10     0.19166         0.57845        0.56207      0.033121
       279        279    39.96831807    22.30761600    26.25713453   -13.99   210.72    58.66  1.16511e+08      10.79     9.27       2.91    10.18   0.081438      -0.7637       0.1437      -0.6294   1.000000   0.174586   0.762229  -0.623319   0.884024  -0.237080   0.646959   0.724732   0.824020   0.955674   0.021248   0.293660   297.43        10.78     11        6.03324e+09   -8.60176e+09     0.25885         0.66401        2.49935      0.071532
       270        270    39.90944907    22.26886936    25.90577250    99.46   166.72   114.18  1.12752e+08      10.85    10.74       1.37     9.69   0.009490      -0.4747       0.5598      -0.6792   1.000000   0.805849  -0.063607   0.588695   0.925945  -0.578790   0.125162   0.805814   0.848581   0.124937   0.990095  -0.064047   283.30        10.81     11        5.29237e+09   -1.03157e+10     0.04999         0.18170        0.82766      0.012078
       266        266    39.75696074    22.29439621    26.20579086   245.83    -8.95  -141.75  1.11082e+08       6.48    15.21       1.10    15.38   0.014263       0.1994      -0.8003       0.5655   1.000000   0.245462   0.968938  -0.030140   0.926519   0.852943  -0.230644  -0.468285   0.691923   0.460691  -0.089239   0.883063  1309.98        1.493     11        1.31379e+10   -2.13218e+10     0.08314         0.34016        0.65898      0.018175
       259        259    39.74827938    22.36691222    26.38755631   199.25   118.46   -18.23  1.08159e+08      10.79    13.30       1.57    11.98   0.001663       0.4345       0.8902      -0.1368   1.000000  -0.026268  -0.324470   0.945531   0.805832   0.963499  -0.260301  -0.062558   0.726829   0.266421   0.909375   0.319464   276.21        10.74     11        7.76466e+09    -1.4859e+10     0.19263         0.37922        1.34982      0.002615
       259        259    39.75294045    22.38827809    26.00931808   124.78    84.85    -6.29  1.08159e+08      10.54    12.53       1.83    11.14   0.032614         -0.2       0.8346      -0.5132   1.000000  -0.073673  -0.166483   0.983288   0.715592   0.847036  -0.530878  -0.026420   0.561088   0.526405   0.830934   0.180128   296.21        10.53     11        6.71345e+09   -1.35906e+10     0.15077         0.11319        1.09910      0.049906
       255        255    39.57964038    22.52054647    26.16284186   191.92   -25.44    42.09  1.06488e+08      10.49    13.26       1.39    12.10   0.022518       0.5922      -0.2053       0.7792   1.000000   0.947624   0.213792  -0.237282   0.857293  -0.264101   0.942302  -0.205714   0.722746   0.179611   0.257606   0.949410   296.46        10.48     11        7.78994e+09   -1.50268e+10     0.07003         0.23859        1.16290      0.035804
       252        252    39.69843121    21.91268200    26.08666928   167.40   205.33    18.72  1.05235e+08      10.40     8.21       3.09     8.01   0.074146      -0.9526      -0.2647      -0.1502   1.000000  -0.489082   0.855623   0.169433   0.958900  -0.167737  -0.282887   0.944372   0.741515   0.855958   0.433455   0.281874   300.14         10.4     11        3.37761e+09   -6.05289e+09     0.22373         0.59735        2.68621      0.072240
       244        244    39.50193451    22.50187679    26.18902156   251.02    12.08   152.45  1.01895e+08       5.68    13.67       1.34    13.24   0.035332      -0.8123      -0.5412      -0.2173   1.000000   0.296470   0.326863   0.897366   0.804780   0.686402   0.580391  -0.438177   0.767633  -0.664047   0.745860  -0.052291  1786.36       0.9595     11        8.93378e+09   -1.57247e+10     0.12972         0.31815        0.43002      0.041852
       230        230    39.57370624    22.38209197    26.14013916    50.41    96.72   -33.48  9.60483e+07      10.16    10.53       1.59     9.50   0.013723      -0.4855       0.8724      0.05732   1.000000   0.951018  -0.111548   0.288310   0.807336  -0.261406   0.207677   0.942623   0.669395   0.165023   0.971816  -0.168346   294.03        10.14     11        4.33088e+09   -7.94375e+09     0.23909         0.70927        1.01096      0.016824
       224        224    39.49966951    22.27796074    26.18929182    85.49    74.75     1.98  9.35427e+07      10.07    11.42       1.39     9.81   0.030017       0.7752      -0.0486      -0.6298   1.000000   0.908998   0.298382   0.291015   0.777855  -0.416306   0.615996   0.668759   0.712737   0.020281  -0.729052   0.684158   293.65        10.06     11        4.50424e+09   -9.12967e+09     0.19059         0.46939        0.85954      0.042575
       223        223    39.73326419    22.38322384    26.33305581   139.03    25.47   -31.27  9.31251e+07       6.06    13.31       1.50    11.48   0.016993      -0.7752      -0.1944        0.601   1.000000  -0.330446   0.482729   0.811035   0.855432   0.719076  -0.427830   0.547623   0.733962   0.611339   0.764156  -0.205744  1343.13        1.362     11        6.13615e+09   -1.33045e+10     0.26707         0.15336        0.99863      0.023376
       223        223    39.70004945    22.08965698    26.07161797    57.07    99.56    42.47  9.31251e+07      10.19     9.72       1.93     9.43   0.030866      0.04728      -0.9957      0.07991   1.000000   0.581238   0.728865   0.361827   0.886581   0.708766  -0.671906   0.214929   0.775474  -0.399767  -0.131526   0.907131   282.23        10.15     11         4.1398e+09   -7.14065e+09     0.20090         0.26619        1.65372      0.035629
       220        220    39.82102053    22.33179655    26.31655875   150.91   167.46  -163.43  9.18723e+07       6.86    12.74       1.59    11.23   0.020890     -0.08965      -0.5684       0.8178   1.000000   0.028969  -0.358809   0.932961   0.802886   0.081871   0.931069   0.355540   0.738716   0.996222  -0.066083  -0.056348   913.07        2.268     11        5.78946e+09   -1.16721e+10     0.10402         0.16198        1.38692      0.028077
       208        208    39.73893039    22.37581317    26.27301023    81.58   150.69    66.92   8.6861e+07       6.95    10.66       1.77    12.39   0.047401      0.07629       0.7569      -0.6491   1.000000   0.611415  -0.386570  -0.690461   0.582450   0.623445  -0.302037   0.721173   0.490221   0.487328   0.871400  -0.056335   831.33        2.523     10        6.66213e+09   -8.34852e+09     0.17469         0.36322        1.18650      0.036306
       208        208    39.88776536    22.44820040    25.88571791   154.87   102.87   129.76   8.6861e+07       9.79     8.69       3.22     7.70   0.030455      -0.6618       0.4489       0.6004   1.000000   0.359092   0.118726   0.925720   0.899494  -0.395542   0.917753   0.035729   0.822704   0.845340   0.378991  -0.376519   297.38        9.774     10        2.57542e+09   -5.27266e+09     0.50392         0.49080        2.14083      0.035014
       201        201    39.75944156    22.35376017    26.23892319   100.29  -240.22    83.32  8.39378e+07       1.41    20.47       0.57    19.83   0.013997       0.1928        0.359       0.9132   1.000000   0.218893   0.351877   0.910093   0.901963  -0.750841   0.656413  -0.073204   0.874391   0.623156   0.667312  -0.407888 97021.09            0     10        1.65112e+10   -3.00605e+10     0.02380         0.08140        0.49547      0.014145
       196        196    39.92312517    22.38947350    26.24825289    20.76    64.62   182.31  8.18498e+07       4.42    11.42       1.88    12.85   0.040569       0.2353       0.4456       0.8638   1.000000   0.728931  -0.682048   0.058899   0.792582   0.633659   0.639640  -0.435129   0.718217   0.259105   0.354501   0.898440  3046.15       0.4378     10         6.7558e+09   -9.41668e+09     0.15914         0.11233        1.24251      0.033032
       196        196    39.82017229    22.14852775    26.16165429   169.80   182.01    41.87  8.18498e+07       7.13    11.94       0.73    11.19   0.017698      -0.8351       0.4299      -0.3433   1.000000  -0.226527   0.625323   0.746764   0.896780  -0.297550   0.685614  -0.664377   0.804499   0.927442   0.372699  -0.030755   723.40        2.977     10        5.12524e+09   -9.51271e+09     0.09504         0.25712        0.35536      0.023514
