#  npart(1)  nvpart(2)      Xc(3)          Yc(4)          Zc(5)      VXc(6)   VYc(7)   VZc(8)    Mvir(9)      Rvir(10) Vmax(11)   Rmax(12) sigV(13) lambda(14)      Lx(15)       Ly(16)       Lz(17)     a(18)     Eax(19)    Eay(20)    Eaz(21)     b(22)     Ebx(23)    Eby(24)    Ebz(25)     c(26)     Ecx(27)    Ecy(28)    Ecz(29) ovdens(30)    Redge(31) nbins(32)     Ekin(33)       Epot(34)   mbp_offset(35)  com_offset(36)   r2(37)      lambdaE(38)
   2385368    2385368    39.95897671    22.55563389    26.26668581   102.30    86.82    20.70  9.96132e+11     206.33   188.97      34.19   186.30   0.039756      0.01888       0.6117       0.7909   1.000000   0.966637  -0.015384  -0.255687   0.811360   0.251737   0.241514   0.937176   0.719032  -0.047335   0.970275  -0.237329   363.94        206.3     36         1.7286e+16   -2.98909e+16     0.00900         9.50307       15.67054      0.043892
    114531     114531    40.06145820    22.57146751    26.23415047   193.99   140.71   -77.00  4.78283e+10      63.49    63.07      39.51    97.58   0.051291      -0.3582       -0.558       0.7486   1.000000   0.939164   0.152360  -0.307827   0.778525   0.252260   0.302264   0.919239   0.679933  -0.233100   0.940969  -0.245442   599.78        38.53     27        2.27717e+14   -1.78234e+14     0.06345         6.18305       35.33594      0.040990
     14111      14111    40.08915694    22.57473715    26.22416213   153.14   136.41   -18.35  5.89277e+09      14.90    52.64       3.80    55.02   0.033679        -0.89       0.4391       0.1233   1.000000   0.976049  -0.205362  -0.071791   0.952556   0.143442   0.359404   0.922092   0.889222   0.163561   0.910305  -0.380254  5718.81       0.9482     22        8.91916e+12   -1.40836e+13     0.08191         0.31303        1.72203      0.034188
     10847      10847    39.92588489    22.54465932    26.25804202  -137.50    99.73   -55.96  4.52972e+09      17.77    52.14       3.55    63.94   0.041037      0.05287      -0.3565      -0.9328   1.000000   0.613417   0.781817  -0.111723   0.850081   0.095900   0.066681   0.993155   0.830371   0.783915  -0.619933  -0.034073  2589.43        2.498     21        9.25972e+12   -1.07075e+13     0.07530         0.45498        1.59869      0.031340
      4313       4313    40.15364611    22.53539610    26.22173760   -62.81   172.24    46.44  1.80111e+09      24.04    27.05       2.90    26.15   0.030591      -0.5618       0.7611       0.3244   1.000000   0.359263  -0.086474   0.929221   0.974501  -0.038233   0.993498   0.107238   0.839982   0.932453   0.074053  -0.353621   415.82        21.05     19        6.15933e+11   -1.08205e+12     0.13636         1.40833        1.51234      0.038776
      4029       4029    40.06289364    22.48001279    26.14303986    89.33   112.18   -59.79  1.68252e+09      24.58    26.35       2.99    25.48   0.015471       0.4644       -0.352      -0.8127   1.000000   0.632419  -0.621480  -0.462394   0.710129   0.696435   0.717522  -0.011867   0.697325   0.339153  -0.314523   0.886595   363.79        24.58     18        5.46005e+11   -8.64433e+11     0.12491         0.05820        1.55888      0.017541
      4014       4014    40.01924152    22.62211029    26.18541910  -115.55    10.85     4.69  1.67625e+09      24.77    22.28       3.36    23.29   0.043979      -0.9874      -0.1552      0.03124   1.000000   0.918563   0.267753  -0.290775   0.876479  -0.395113   0.643032  -0.656046   0.838645   0.011319   0.717509   0.696458   353.97        24.71     18        4.54522e+11   -7.16002e+11     0.10688         0.86140        1.66261      0.045535
      2505       2505    40.00928895    22.39500317    26.19662707    90.38    34.60   -18.43  1.04609e+09      21.00    26.97       1.99    23.58   0.011787      -0.8234      -0.2008       0.5308   1.000000  -0.198000   0.932445   0.302230   0.735588   0.912047   0.062290   0.405328   0.603601  -0.359120  -0.355903   0.862766   362.54        20.99     17        2.90783e+11   -5.52837e+11     0.06281         0.21183        1.29613      0.018025
      2151       2151    39.97092655    22.46576134    26.20632887    14.62    -4.99     2.70   8.9826e+08      18.62    27.22       2.26    25.17   0.015622       0.5055      -0.1732      -0.8452   1.000000   0.513726  -0.603647  -0.609669   0.830249   0.832003   0.523972   0.182275   0.750696   0.209420  -0.600886   0.771414   446.63        15.17     17        2.84617e+11   -5.22868e+11     0.08545         0.15628        1.45236      0.024980
      1598       1598    39.88310964    22.58954534    26.29094004    84.15    66.68  -150.78  6.67327e+08      14.51    27.61       1.99    25.19   0.008201      -0.7678      -0.4294      -0.4755   1.000000   0.692632  -0.408387  -0.594543   0.858239   0.633161  -0.050582   0.772366   0.731045   0.345497   0.911406  -0.223540   701.24         7.53     16        2.11644e+11   -4.18184e+11     0.08622         0.09520        1.31208      0.014508
      1559       1559    40.07879993    22.52733333    26.17040350    99.67   124.96   -61.15   6.5104e+08      17.94    20.60       2.25    19.69   0.013274      -0.6085      0.07187      -0.7903   1.000000   0.888075  -0.251735  -0.384647   0.675369   0.280288   0.959727   0.019030   0.665059   0.364365  -0.124712   0.922868   361.79        17.93     16        1.26249e+11   -1.99683e+11     0.13980         0.33151        1.18271      0.015960
      1371       1371    40.00944500    22.70017924    26.35821219    71.60   177.51    31.43  5.72531e+08      17.26    21.02       1.33    18.90   0.014652         0.58      -0.8144     -0.01596   1.000000   0.329616   0.755973   0.565561   0.764653   0.216062  -0.643541   0.734284   0.742911   0.919060  -0.119835  -0.375458   357.22        17.24     15        1.02278e+11    -1.8355e+11     0.10818         0.32500        1.14917      0.020671
      1343       1343    39.86942136    22.59656614    26.30518449    68.06   116.09   160.20  5.60838e+08      10.86    27.02       1.61    24.59   0.010959      -0.1817       0.9192      -0.3495   1.000000   0.902059  -0.431128   0.020425   0.835231  -0.092965  -0.147866   0.984628   0.757173   0.421481   0.890092   0.173464  1405.61        2.812     15        1.69585e+11   -3.24594e+11     0.02154         0.06490        1.39195      0.017289
      1253       1253    40.00597444    22.40122308    26.36643240   139.01   200.14     7.18  5.23254e+08      16.66    19.10       2.74    17.24   0.011113       0.1409      -0.4757       0.8683   1.000000  -0.127558   0.887368  -0.443066   0.923064   0.445944   0.450327   0.773524   0.876436   0.885925  -0.098914  -0.453159   362.86        16.66     15        7.77581e+10   -1.54708e+11     0.13478         0.23894        1.76815      0.016402
      1107       1107    40.03518933    22.60788205    26.11038661    68.81   -20.57   100.29  4.62285e+08      15.98    19.71       2.06    18.26   0.020803      -0.8076       0.3286      -0.4897   1.000000   0.068571   0.820130  -0.568054   0.895941  -0.537034   0.510203   0.671780   0.840742   0.840769   0.259000   0.475422   363.73        15.98     15        7.70767e+10   -1.46646e+11     0.06904         0.12354        1.34106      0.032355
      1053       1053    39.91066973    22.58875466    26.27796640    71.59    79.31   177.26  4.39734e+08       8.11    28.84       1.32    26.22   0.006801       0.9719      -0.0748       0.2233   1.000000  -0.581377   0.807613  -0.098803   0.775051   0.138285   0.217747   0.966159   0.724648   0.801796   0.548040  -0.238274  2646.14        1.115     15        1.51159e+11   -2.98091e+11     0.06699         0.06020        0.90471      0.011513
      1043       1043    39.86323581    22.49886164    26.09532371   166.56     5.39   154.62  4.35558e+08      15.71    17.74       2.58    16.99   0.017515      -0.7723       0.3241      -0.5463   1.000000  -0.204308   0.734734  -0.646857   0.894437  -0.797100   0.258711   0.545619   0.846629   0.568234   0.627084   0.532800   360.76         15.7     15        6.28403e+10    -1.1331e+11     0.16023         0.91878        1.66356      0.024416
       921        921    39.81105879    22.50831190    26.36952611   -14.44    80.37   -75.70  3.84611e+08      15.15    15.57       2.26    14.87   0.059578       0.3825       0.4261       0.8199   1.000000  -0.175137  -0.583095   0.793302   0.826744   0.937241  -0.345496  -0.047033   0.759885   0.301508   0.735277   0.607009   354.90        15.13     14        4.25367e+10   -7.40579e+10     0.08618         0.45861        1.42328      0.073003
       874        874    39.90030922    22.55082742    26.26849082   132.17   -66.15   -53.72  3.64983e+08       6.01    27.35       1.26    25.23   0.012221       0.0563      -0.0602       0.9966   1.000000   0.915537  -0.330955  -0.228607   0.875984   0.265378   0.069898   0.961607   0.828477   0.302270   0.941054  -0.151823  5389.19        0.406     14        1.16182e+11   -2.27037e+11     0.07022         0.24033        0.79592      0.018642
       834        834    39.98827090    22.58863078    26.28117053   118.22    33.24  -175.61  3.48279e+08       5.14    21.40       1.82    19.91   0.023547      -0.8908       0.4033       0.2096   1.000000   0.455175   0.739267   0.496286   0.845769  -0.084831  -0.518833   0.850656   0.801857   0.886352  -0.429298  -0.173447  8208.00       0.2281     14         6.9003e+10   -1.33503e+11     0.03901         0.19007        1.23883      0.026560
       815        815    39.97268573    22.54846616    26.29812347   395.09    56.20    46.32  3.40345e+08       4.73    25.09       1.02    24.91   0.022030       0.5127       0.6069       0.6073   1.000000  -0.518584  -0.126705   0.845587   0.885942   0.852466  -0.153106   0.499861   0.702696   0.066130   0.980053   0.187410 10319.44       0.1668     14        1.05591e+11   -1.75127e+11     0.03374         0.10227        0.88592      0.025316
       768        768    39.84258820    22.61068633    26.28695013   -17.34    40.66   -82.11  3.20718e+08       9.96    20.38       1.13    18.82   0.012530      -0.6157      -0.3266       0.7171   1.000000   0.613033  -0.615283  -0.495598   0.787241   0.765046   0.305715   0.566784   0.772930  -0.197221  -0.726612   0.658133  1041.77         3.48     14        5.67915e+10    -1.0979e+11     0.09179         0.10857        0.98125      0.019357
       743        743    39.97211683    22.52096068    26.17485736   184.40   159.00   174.50  3.10278e+08       8.10    17.97       2.07    16.97   0.009669      -0.1537       0.3593      -0.9205   1.000000   0.230847   0.037562   0.972265   0.894624  -0.214628   0.976606   0.013230   0.812205   0.949023   0.211729  -0.233509  1874.12        1.573     14        4.46765e+10   -8.56536e+10     0.08858         0.23382        1.05647      0.012242
       682        682    40.06417433    22.61112209    26.22466972   112.60   110.74   -78.07  2.84804e+08      13.89    18.34       1.60    16.98   0.013521      -0.3559      -0.4002       0.8445   1.000000   0.942107   0.325176   0.081824   0.711607  -0.310239   0.752719   0.580660   0.623613   0.127226  -0.572429   0.810024   341.07        13.85     14        4.10428e+10   -7.33856e+10     0.05699         0.20123        0.94909      0.021700
       657        657    40.06900092    22.56309255    26.21227107   132.43    96.02    21.87  2.74364e+08       8.54    19.92       1.32    18.71   0.022352      -0.9842       0.1461     -0.09988   1.000000  -0.360531   0.067681   0.930289   0.859123   0.826872  -0.438335   0.352342   0.810522   0.431625   0.896260   0.102070  1415.11        2.196     13        4.80472e+10   -8.72396e+10     0.06776         0.09808        0.83988      0.032136
       646        646    39.96239953    22.63511716    26.09512113    12.99   105.38   132.77   2.6977e+08      13.50    18.55       0.93    16.38   0.010712      -0.3478       0.9279        0.134   1.000000  -0.172929  -0.387201   0.905633   0.738710   0.984822  -0.081834   0.153063   0.701542   0.014845   0.918356   0.395476   351.86        13.48     13        3.61986e+10     -7.017e+10     0.05515         0.14623        0.77833      0.018339
       624        624    40.00241409    22.49336959    26.35913331   161.73    13.34   -35.38  2.60583e+08      11.52    19.22       1.14    17.67   0.026628        0.751       0.3429       0.5643   1.000000   0.026663  -0.124220   0.991896   0.756072   0.944047   0.329429   0.015879   0.743262  -0.328732   0.935973   0.126053   547.75        7.651     13        4.06966e+10   -7.66251e+10     0.05135         0.10844        0.95657      0.044822
       610        610    39.95486553    22.54118293    26.26112871  -238.87   -24.23    31.23  2.54737e+08       3.00    23.84       1.13    25.72   0.028524      -0.2355        0.763       -0.602   1.000000   0.843790  -0.462075  -0.272956   0.817582   0.513315   0.843299   0.159229   0.684790   0.156608  -0.274468   0.948758 30382.58            0     13        8.42677e+10   -1.19451e+11     0.10022         0.09481        0.78960      0.024794
       609        609    40.03098575    22.47233336    26.09925154    91.77   107.02   115.73  2.54319e+08      13.73    17.01       1.36    15.75   0.010775    -0.007783       0.9983      0.05806   1.000000  -0.615563   0.245041   0.749024   0.965895   0.785329   0.111279   0.608995   0.912842   0.065878   0.963105  -0.260937   315.39        13.63     13        3.15422e+10   -5.86398e+10     0.06741         0.32783        0.84219      0.017623
       573        573    39.85131185    22.47890234    26.21126480    67.34   -38.28   -67.71  2.39285e+08      13.50    14.23       1.51    14.23   0.007823      -0.7512      -0.5293       0.3943   1.000000   0.984847   0.119717   0.125480   0.833969  -0.049326   0.887004  -0.459120   0.758982  -0.166265   0.445973   0.879468   312.42        13.36     13        2.42369e+10   -3.83138e+10     0.07021         0.38077        0.95528      0.009718
       569        569    39.87647497    22.56059175    26.41549806    22.97    70.58    -7.34  2.37615e+08      12.95    19.31       0.88    16.93   0.011595       0.3139       0.7302       0.6068   1.000000   0.002094   0.007802   0.999967   0.762202   0.994603   0.103717  -0.002892   0.677172  -0.103737   0.994576  -0.007543   351.17        12.93     13        3.40544e+10   -6.51705e+10     0.07407         0.17953        0.73876      0.021123
       559        559    40.06604706    22.55764298    26.39497142    98.72   103.53    74.05  2.33439e+08      12.84    15.30       1.74    13.67   0.025083       0.3105       0.9366       0.1623   1.000000   0.421087  -0.104799   0.900946   0.686879   0.892781  -0.127430  -0.432093   0.633903   0.160090   0.986295   0.039904   353.79        12.82     13        2.18204e+10   -4.08213e+10     0.13229         0.53264        1.49351      0.036195
       556        556    39.97518439    22.48342215    26.29962299   346.21   141.72   121.44  2.32186e+08       8.21    16.13       0.92    15.40   0.040887      -0.9669      0.09862       0.2354   1.000000   0.471755   0.843918  -0.255439   0.784394   0.419579   0.039937   0.906840   0.705601   0.775500  -0.534983  -0.335249  1347.85        2.216     13        2.75347e+10   -4.95508e+10     0.05805         0.22699        0.58570      0.051047
       543        543    39.84226909    22.55192286    26.18670289   210.61    45.99   -21.68  2.26757e+08       9.15    19.98       1.00    17.70   0.008468      -0.8426       0.3984      -0.3623   1.000000   0.930900  -0.335187   0.145171   0.873414   0.350298   0.706569  -0.614859   0.868284   0.103520   0.623226   0.775160   949.66        3.507     13        3.55356e+10   -6.96973e+10     0.11273         0.05949        0.86227      0.014238
       517        517    40.10414902    22.58590924    26.22383368   173.93   189.79    -9.35    2.159e+08       9.27    18.65       1.01    18.88   0.015429      0.04315       0.9188       0.3923   1.000000   0.979188  -0.136423  -0.150264   0.711482   0.050655   0.881229  -0.469967   0.634237   0.196532   0.452575   0.869800   868.58        3.886     13        3.84948e+10   -5.62385e+10     0.04138         0.42569        0.87448      0.019770
       481        481    39.99365204    22.47497922    26.37310418   106.95    60.74   -43.02  2.00866e+08      12.78    17.83       1.45    16.22   0.007204      -0.8626       0.4534       0.2244   1.000000  -0.324793   0.821594  -0.468500   0.890780  -0.414044   0.321849   0.851458   0.746574   0.850339   0.470528   0.235642   309.09        12.69     13        2.64377e+10   -5.09346e+10     0.06755         0.11601        1.23181      0.013683
       460        460    40.12105309    22.57090564    26.25378979   -75.59   169.62    82.26  1.92097e+08       6.63    12.13       3.21    12.78   0.055763      -0.2509        0.745        0.618   1.000000   0.651355  -0.089309   0.753499   0.971551   0.736505  -0.164399  -0.656150   0.880360   0.182474   0.982343  -0.041306  2118.74        1.138     13        1.56869e+10   -2.49092e+10     0.13870         0.25954        1.39104      0.048937
       434        434    39.98868215    22.59188348    26.33910787   246.55  -142.49   -13.78  1.81239e+08       5.67    15.18       1.41    14.65   0.013658       0.4356      -0.5431      -0.7179   1.000000  -0.081995  -0.824485  -0.559911   0.954745   0.989125   0.001507  -0.147069   0.850771   0.122101  -0.565881   0.815396  3195.23       0.6455     12        1.94448e+10   -3.49833e+10     0.13852         0.09714        0.70648      0.015250
       419        419    40.03859184    22.52161314    26.36749584   126.42   205.30  -105.87  1.74975e+08      10.01    14.82       1.19    13.17   0.010788       0.4869       -0.405      -0.7739   1.000000   0.070646  -0.331022   0.940975   0.903163   0.372339   0.883901   0.282990   0.836809   0.925404  -0.330369  -0.185696   560.24        6.501     12        1.51705e+10   -3.02492e+10     0.09900         0.16421        1.01313      0.016333
       413        413    40.05365373    22.58111834    26.27304967   258.51   210.33    -3.93  1.72469e+08       7.47    16.62       1.28    15.66   0.034772       0.1627       0.1055        0.981   1.000000   0.989338   0.051889   0.136082   0.776694  -0.140014   0.081691   0.986774   0.597234  -0.040086   0.995306  -0.088085  1326.08        2.051     12        2.11593e+10   -3.69157e+10     0.18861         0.10957        0.82977      0.047180
       394        394    39.92287822    22.49399873    26.37368119   -49.16   -23.20    29.23  1.64535e+08       8.54    14.04       1.22    13.53   0.024629      -0.9636      -0.1543      -0.2185   1.000000   0.121576  -0.604689   0.787128   0.836455   0.586290   0.683638   0.434630   0.737652   0.800927  -0.408645  -0.437636   848.29        3.663     12        1.50499e+10   -2.52137e+10     0.11856         0.15388        1.05054      0.030072
       340        340    39.88626102    22.41608120    26.18803859   229.03    21.60   131.56  1.41984e+08      11.25    11.38       1.21    10.44   0.019766       0.4316      -0.8878       0.1595   1.000000   0.505964   0.851584   0.137133   0.864744   0.018886  -0.169884   0.985283   0.761998   0.862348  -0.495928  -0.102038   319.87        11.15     12        7.73444e+09   -1.37095e+10     0.18109         0.36670        1.04198      0.024615
       331        331    39.82271768    22.59886756    26.25744615    49.72    83.03    91.86  1.38226e+08       8.66    17.41       0.97    15.29   0.006944       0.5347       0.7819       0.3206   1.000000   0.864028  -0.366405   0.345258   0.829161  -0.395959  -0.071044   0.915516   0.689370   0.310920   0.927739   0.206465   683.73        4.608     12        1.61643e+10    -3.3472e+10     0.07854         0.06401        0.57064      0.013261
       321        321    40.01137912    22.54949971    26.20192087   155.98    26.00  -111.39   1.3405e+08       5.48    17.99       0.95    16.50   0.014765      -0.1583       0.8693      -0.4682   1.000000   0.745382  -0.176037  -0.642975   0.695545   0.527564  -0.433856   0.730373   0.665568   0.407532   0.883617   0.230518  2609.23       0.7649     12        1.82572e+10   -3.38713e+10     0.02070         0.17839        0.56704      0.021978
       318        318    39.90045371    22.57380608    26.14848331    36.78   -13.04   136.60  1.32797e+08       7.75    14.75       1.23    13.33   0.009991      -0.9621     -0.02565      -0.2715   1.000000   0.262322  -0.597001   0.758141   0.853612   0.325848   0.794308   0.512735   0.751596   0.908301  -0.112537  -0.402896   913.90        3.088     12         1.1794e+10   -2.24826e+10     0.15897         0.12707        0.78732      0.014772
       313        313    40.04240727    22.58141829    26.27315626    12.43    46.44   -69.43  1.30709e+08       4.23    16.30       1.29    14.84   0.012578       0.5443      0.06432      -0.8364   1.000000   0.638535   0.499731   0.585271   0.862468  -0.768923   0.445999   0.458086   0.824238  -0.032111  -0.742532   0.669040  5531.71       0.2785     11        1.43952e+10   -2.83922e+10     0.11457         0.13358        0.83755      0.015973
       305        305    40.01656219    22.56667828    26.29641341   296.58    87.67   -99.18  1.27368e+08       4.35    17.52       0.72    16.32   0.017395      -0.4853       0.8551       0.1826   1.000000   0.823189   0.316613   0.471292   0.859604  -0.489778  -0.023881   0.871520   0.838801  -0.287189   0.948254  -0.135411  4950.81       0.3201     11        1.69609e+10   -3.24214e+10     0.03424         0.13843        0.61557      0.024165
       303        303    39.94634028    22.55900473    26.31408323    83.61     5.61   280.29  1.26533e+08       3.62    16.14       1.05    16.54   0.025109        0.945       0.3136       0.0924   1.000000   0.636370  -0.316398  -0.703510   0.805026   0.436614   0.899597  -0.009641   0.741777   0.635926  -0.301027   0.710620  8593.56       0.1531     11        1.73143e+10   -2.81765e+10     0.06873         0.13627        0.66543      0.026817
       296        296    39.81107335    22.56077811    26.19014023   -10.48    25.30   -71.52   1.2361e+08       8.67    10.68       1.55    10.96   0.015039      -0.5035      -0.1478       0.8513   1.000000   0.808151  -0.195010   0.555755   0.784201  -0.581305  -0.415888   0.699372   0.689379  -0.094747   0.888261   0.449461   609.41        5.176     11        7.42042e+09   -1.09827e+10     0.17022         0.12744        1.35695      0.014579
       291        291    39.92141405    22.58731170    26.38425296   129.49   -28.90   -50.54  1.21522e+08       7.44    15.88       1.18    14.11   0.015068      -0.9119      0.03155       0.4091   1.000000  -0.052342   0.540379   0.839792   0.834133   0.888884   0.408477  -0.207440   0.779248   0.455132  -0.735620   0.501715   945.86        2.864     11        1.20908e+10   -2.46412e+10     0.09852         0.20348        0.69254      0.025843
       280        280    39.98282339    22.68207246    26.27653844   -58.44   -17.54   -83.62  1.16928e+08       7.73    11.18       1.44    10.44   0.031028       0.2712       0.6887      -0.6724   1.000000   0.324265   0.879414   0.348544   0.836248   0.926230  -0.370033   0.071923   0.746763  -0.192223  -0.299510   0.934529   812.38        3.463     11        6.37591e+09   -1.18662e+10     0.31051         0.40536        0.95330      0.037280
       274        274    40.13649803    22.50718245    26.22960950   -67.74   182.40    10.60  1.14423e+08       7.01    11.51       1.07    10.99   0.018785       0.8263      -0.3618      -0.4316   1.000000  -0.315449  -0.271846   0.909171   0.932273   0.530324   0.744005   0.406464   0.868983   0.786923  -0.610374   0.090529  1066.78        2.391     11        6.90977e+09   -1.30988e+10     0.05424         0.33940        0.24660      0.023317
       268        268    39.98701682    22.54328821    26.26329428   238.35    82.16   176.71  1.11917e+08       3.26    21.82       0.48    19.83   0.025543      -0.5478      -0.6877       0.4764   1.000000   0.681939  -0.575407  -0.451514   0.800968   0.627930   0.144039   0.764824   0.694348   0.375050   0.805083  -0.459542 10406.32       0.1139     11        2.19958e+10   -4.26571e+10     0.08117         0.07410        0.41752      0.040369
       267        267    39.92929684    22.50324376    26.16715912   215.49   -28.68    79.01    1.115e+08       5.29    14.07       1.16    12.64   0.010787      -0.2171      -0.5812       0.7843   1.000000  -0.442177   0.649330   0.618748   0.937871   0.694189  -0.189079   0.694514   0.888088   0.567962   0.736627  -0.367152  2418.23       0.7961     11        8.90661e+09   -1.77439e+10     0.16723         0.12989        0.74211      0.014264
       263        263    40.00517842    22.55928230    26.30522868   139.36   182.27   213.96  1.09829e+08       3.78    13.75       1.32    14.11   0.035892      -0.9467      -0.1227       0.2977   1.000000   0.767315  -0.220227   0.602269   0.804175   0.567498   0.670546  -0.477822   0.769290  -0.298619   0.708426   0.639499  6525.83       0.2108     11        1.09288e+10   -1.77182e+10     0.16031         0.09206        0.69252      0.035703
       253        253    39.85906504    22.41713915    26.26889924   184.24   107.56   -80.70  1.05653e+08       9.73    11.64       1.35    10.41   0.026317       0.2267      -0.6662       0.7105   1.000000   0.603405   0.581168  -0.546028   0.875466  -0.193294   0.770905   0.606913   0.653284   0.773654  -0.260670   0.577504   368.65        9.601     11        5.72321e+09   -1.11318e+10     0.23209         0.18057        1.15904      0.038958
       251        251    40.01486289    22.54839131    26.46272870    35.02    18.22    94.62  1.04818e+08       9.76    10.96       1.47    10.02   0.028659       0.2125       0.9238       0.3186   1.000000   0.734611   0.652240   0.186896   0.937986  -0.327206   0.099254   0.939726   0.749887  -0.594377   0.751486  -0.286330   361.49         9.76     11        5.26163e+09   -1.03521e+10     0.11426         0.55166        1.24144      0.041567
       250        250    39.95104680    22.52798345    26.30955193   147.28    52.48  -200.35    1.044e+08       3.75    15.01       1.18    13.75   0.013068       0.5667       0.4138       0.7125   1.000000  -0.051295  -0.328582   0.943082   0.774888   0.995724  -0.089467   0.022986   0.713717   0.076822   0.940228   0.331766  6346.19       0.2151     11        9.86194e+09   -1.90998e+10     0.07136         0.12967        0.77407      0.015891
       244        244    40.04825382    22.41463897    26.21815378    65.90   126.62     7.08  1.01895e+08       9.44    16.70       0.71    14.45   0.012156       0.2789      -0.6187       0.7345   1.000000   0.576464   0.793289  -0.195914   0.908988  -0.162941   0.346544   0.923773   0.763734   0.800712  -0.500600   0.329030   388.95        8.832     11        1.06338e+10   -2.29091e+10     0.05354         0.17948        0.41623      0.027691
       239        239    39.82541831    22.57310382    26.17856863   169.15     0.12    -7.22  9.98067e+07       7.81    15.32       0.74    13.63   0.012960     -0.05228       0.9969     -0.05945   1.000000   0.760633  -0.443598  -0.473982   0.863076   0.649060   0.533819   0.541994   0.758984   0.012593  -0.719901   0.693962   672.47        4.227     11        9.27726e+09   -1.78651e+10     0.08523         0.11689        0.62176      0.022932
       233        233    39.96600352    22.58329290    26.23419921    32.05  -149.52   120.17  9.73011e+07       2.87    17.85       0.68    15.85   0.012973       0.8958      -0.1323      -0.4243   1.000000  -0.042713  -0.704356   0.708561   0.819933   0.915009  -0.312349  -0.255337   0.791851   0.401166   0.637433   0.657833 13223.10      0.07897     11        1.22235e+10   -2.43357e+10     0.09392         0.05421        0.44575      0.016950
       226        226    39.85224631    22.59914816    26.30342152   -51.75    25.17    42.06  9.43779e+07       5.84    12.50       1.21    11.32   0.029727      -0.2513       0.9447      -0.2109   1.000000   0.915690  -0.236658  -0.324814   0.922964   0.325687   0.910508   0.254760   0.886423   0.235455  -0.339069   0.910820  1520.84        1.398     11        6.04717e+09     -1.155e+10     0.11439         0.30425        1.04959      0.038506
       223        223    40.03910175    22.58782456    26.23688650    20.76    36.10    -3.50  9.31251e+07       5.09    16.96       0.74    14.95   0.006601      -0.7537      -0.4011       0.5206   1.000000   0.760990   0.596913  -0.254145   0.840993  -0.219915   0.605885   0.764552   0.816018  -0.610354   0.525926  -0.592343  2269.91       0.8157     11        1.04098e+10   -2.09124e+10     0.14135         0.09428        0.64153      0.011174
       222        222    39.91597999    22.53947923    26.13556765   -31.19    -9.28   100.47  9.27075e+07       7.54    10.06       1.26     9.20   0.026415       0.1614      -0.6716       0.7232   1.000000  -0.063937   0.145378   0.987308   0.837634  -0.585982   0.795350  -0.155060   0.751133   0.807798   0.588459  -0.034337   693.54        3.958     11        3.92535e+09    -7.7804e+09     0.19508         0.64615        1.09791      0.033132
       217        217    39.82506826    22.57773361    26.29879237   -22.00    22.33    -2.97  9.06195e+07       8.17    11.22       1.32     9.85   0.034949       0.8672      -0.3939      -0.3047   1.000000   0.755218  -0.377114  -0.536126   0.840541   0.147916  -0.698773   0.699884   0.736668   0.638566   0.607866   0.471945   532.89        5.581     10        4.39871e+09   -8.90813e+09     0.12735         0.19615        1.11708      0.050488
       216        216    39.90298906    22.55846180    26.18209781   -79.47   -40.10   132.07  9.02019e+07       4.41    11.54       1.74    10.79   0.020175       -0.438      -0.7492       0.4969   1.000000  -0.428042  -0.188545   0.883873   0.933245   0.714003   0.529020   0.458626   0.889768  -0.554058   0.827398  -0.091821  3385.94       0.4735     10        5.25285e+09    -1.0074e+10     0.15765         0.22426        1.10314      0.022229
       214        214    40.00720524    22.61409491    26.41947551   -13.56     1.03   109.36  8.93667e+07       9.49     8.02       2.96     8.06   0.027748       0.9595      -0.1828      -0.2145   1.000000   0.025749   0.924964   0.379181   0.897337   0.999664  -0.022674  -0.012573   0.719782   0.003032  -0.379377   0.925237   335.90        9.405     10        2.90206e+09   -4.61452e+09     0.80999         0.60330        2.10243      0.026989
       204        204    39.98976482    22.60063497    26.24368571   -72.14    67.83   186.86  8.51906e+07       5.00    15.17       0.77    13.55   0.013497      -0.5088      -0.7333        0.451   1.000000  -0.417229  -0.377024   0.826906   0.885783   0.836829  -0.514260   0.187761   0.689515   0.354455   0.770318   0.530068  2189.18        0.831     10        7.82582e+09   -1.58143e+10     0.05274         0.16911        0.65224      0.021590
       200        200    40.04091602    22.41632151    26.15560872   133.33   273.09    60.20  8.35202e+07       7.05     8.18       3.12     8.43   0.053558      -0.7246      -0.6581      -0.2047   1.000000   0.794889  -0.604318   0.054329   0.887139  -0.097099  -0.038309   0.994537   0.798186   0.598935   0.795822   0.089130   766.23        3.347     10        2.96521e+09   -4.77121e+09     0.37487         0.20806        2.75391      0.049331
       198        198    39.87140203    22.42539013    26.21468038   112.85   221.07    91.14   8.2685e+07       8.82     9.82       1.63     8.41   0.018624     -0.07954      -0.8403      -0.5363   1.000000   0.780099   0.621445   0.072476   0.879860   0.292851  -0.465049   0.835445   0.859156  -0.552888   0.630504   0.544775   386.50        8.307     10        2.92455e+09   -6.01503e+09     0.24067         0.37683        0.99675      0.025362
       190        190    39.85184245    22.52851733    26.22116354   267.10   160.64    46.52  7.93442e+07       5.33    11.40       1.18    10.59   0.029666       0.9113      -0.2101       -0.354   1.000000   0.730331  -0.599496  -0.327447   0.900053   0.337628  -0.099913   0.935962   0.855105   0.593821   0.794117  -0.129437  1679.45        1.156     10        4.44662e+09   -8.44308e+09     0.09318         0.23517        0.99556      0.037222
       190        190    39.85513167    22.53421619    26.20003528   -19.92    89.55    93.70  7.93442e+07       5.15    12.45       1.09    10.93   0.009013     -0.09497       0.9287      -0.3583   1.000000   0.890000   0.108205   0.442936   0.741947  -0.434931   0.493088   0.753458   0.687704   0.136879   0.863224  -0.485910  1869.50        1.002     10        4.73529e+09   -9.41425e+09     0.10914         0.12437        0.94568      0.012019
       188        188    40.13049145    22.62138132    26.23388755    33.81    42.98   187.28   7.8509e+07       7.39     8.44       2.64     7.94   0.036749      -0.8969       0.1166       0.4267   1.000000  -0.120884  -0.617928   0.776886   0.892009   0.961090   0.122970   0.247355   0.767479  -0.248381   0.776559   0.579019   624.71        4.304     10        2.47337e+09    -4.8347e+09     0.17162         0.28780        2.26003      0.042163
       183        183    40.10224485    22.56773423    26.38846159    56.87    55.26   -20.35   7.6421e+07       8.41    10.87       1.28     9.58   0.027402       0.6044      -0.7568       0.2487   1.000000   0.702972   0.174970   0.689359   0.717307  -0.401695   0.897543   0.181817   0.626590  -0.586917  -0.404724   0.701232   412.90         7.41     10        3.51046e+09   -7.09629e+09     0.16136         0.11622        1.07660      0.042454
       182        182    40.01277113    22.60426143    26.26697823   -73.32    65.10   241.45  7.60034e+07       4.07    10.54       1.72    10.13   0.026167       0.2784      -0.9569       0.0831   1.000000   0.950401   0.303225  -0.069223   0.898342  -0.301117   0.952776   0.039337   0.869110   0.077882  -0.016541   0.996825  3629.09       0.4078     10         3.8996e+09   -7.14847e+09     0.16696         0.25782        1.13158      0.026984
       181        181    39.94316662    22.56484416    26.30176808  -103.57   223.62   222.31  7.55858e+07       2.46    12.99       1.08    15.83   0.038870       -0.359      -0.5695      -0.7394   1.000000  -0.519174   0.803338  -0.291730   0.848785  -0.823892  -0.379648   0.420795   0.829618   0.227287   0.458820   0.858967 16349.54            0     10        9.47481e+09   -1.09972e+10     0.06476         0.12255        0.71793      0.021449
       181        181    40.10849280    22.57778582    26.25764040   108.53   149.87   -19.53  7.55858e+07       7.29    11.79       1.19    10.18   0.018422       -0.286      -0.7721      -0.5675   1.000000   0.963487   0.137260  -0.229896   0.906141  -0.050516   0.936372   0.347355   0.854905   0.262946  -0.323059   0.909116   626.60        4.233     10         3.9148e+09   -7.66947e+09     0.04363         0.14639        0.70315      0.027494
       180        180    40.03944862    22.50227406    26.15028812   127.14    68.37  -143.41  7.51682e+07       5.75    12.53       0.83    11.13   0.011218       0.2856       0.8436      -0.4548   1.000000  -0.583442   0.215156   0.783137   0.850125   0.481240  -0.685167   0.546767   0.701993   0.654220   0.695883   0.296214  1266.92        1.653     10        4.65982e+09   -8.86146e+09     0.03719         0.27593        0.69494      0.015824
       177        177    39.79864151    22.53089908    26.20310925    36.86   -18.58   -66.30  7.39154e+07       8.03     8.47       0.71     8.80   0.027198      -0.6366       0.6636        0.393   1.000000   0.788253  -0.498963   0.360128   0.884660   0.473021   0.865650   0.164017   0.743780  -0.393583   0.041061   0.918371   458.77        6.367     10        2.85978e+09   -4.09555e+09     0.13518         0.39569        0.52109      0.024991
       161        161    40.01089441    22.63077519    26.18287658  -109.55     1.91    -4.85  6.72338e+07       5.70     9.60       1.10     8.82   0.021881       0.9917       0.1287     0.001888   1.000000  -0.520215   0.716138  -0.465320   0.802289   0.851850   0.474055  -0.222765   0.684537  -0.061057   0.512268   0.856652  1165.47         1.78     10        2.61518e+09   -4.94682e+09     0.12599         0.27817        0.94386      0.025584
       161        161    39.96876643    22.58689724    26.23138059    92.87   185.12    48.12  6.72338e+07       2.73    19.42       0.39    17.28   0.011005       0.2986       0.8676      -0.3976   1.000000   0.470446  -0.449271   0.759497   0.720109   0.853867   0.014558  -0.520288   0.634171   0.222693   0.893277   0.390467 10614.09      0.09358     10        1.00338e+10   -2.08221e+10     0.09005         0.07647        0.24421      0.019153
       159        159    39.81759816    22.53510210    26.23805072    98.56    78.96   119.09  6.63986e+07       5.71    11.58       0.87    10.50   0.039994       0.2927      -0.0813       0.9527   1.000000   0.811530   0.262655   0.521950   0.753481  -0.176247   0.961702  -0.209918   0.636552  -0.557097   0.078362   0.826742  1142.57         1.82     10        3.66118e+09    -7.3912e+09     0.02641         0.03489        0.73213      0.059963
       157        157    39.90509083    22.64291083    26.28647527   -99.63    68.80    38.05  6.55634e+07       6.33    11.10       1.32    10.32   0.021733      -0.6297      -0.3508       0.6931   1.000000   0.149872   0.922293   0.356251   0.834048   0.988427  -0.131211  -0.076131   0.812198   0.023471  -0.363538   0.931284   829.33        2.778     10        3.49043e+09   -6.59159e+09     0.02817         0.29607        1.11034      0.031673
       150        150    40.06974083    22.70941568    26.24781666   -21.98   134.08   140.93  6.26402e+07       7.03     8.06       1.24     7.58   0.044446       0.9698      -0.1738      -0.1712   1.000000  -0.522186   0.676751   0.518970   0.914813  -0.388523  -0.730485   0.561642   0.896990   0.759192   0.091650   0.644382   579.88        4.409      9        1.79906e+09   -3.54609e+09     0.17024         0.36553        0.63814      0.053605
       148        148    39.87470677    22.56514526    26.22044113   268.10    62.03   120.21   6.1805e+07       4.45    10.47       0.87     9.87   0.018010        0.709       0.5619      -0.4262   1.000000   0.956564  -0.278309   0.086774   0.859222   0.056396   0.468697   0.881557   0.690931   0.286016   0.838372  -0.464034  2245.39       0.7219      9        3.01094e+09   -5.83065e+09     0.08397         0.06979        0.71973      0.022269
       139        139    39.86609747    22.54848721    26.40315223   220.21   108.05    15.05  5.80466e+07       5.95    10.29       1.04     9.07   0.020514      0.01578       0.4306       0.9024   1.000000   0.890116   0.104042   0.443699   0.724686  -0.247044  -0.707981   0.661613   0.664120  -0.382966   0.698526   0.604483   884.64        2.448      9        2.38805e+09   -4.92962e+09     0.12164         0.22861        0.88895      0.029635
       138        138    39.98159488    22.50642392    26.20009087   -26.45   -59.88     7.19   5.7629e+07       5.44    10.34       0.98    10.05   0.028421       0.2919      -0.3555       0.8879   1.000000  -0.251321   0.591702   0.765981   0.852150   0.944755   0.322007   0.061234   0.699335  -0.210419   0.739054  -0.639940  1150.83        1.719      9         2.9103e+09   -5.48059e+09     0.10614         0.26591        0.28348      0.039757
       131        131    40.08875598    22.43326356    26.19095847    88.02   211.75    91.23  5.47058e+07       7.85     9.48       0.89     8.65   0.039613      -0.5588       0.5535      -0.6176   1.000000   0.360932   0.851560   0.380228   0.913571  -0.356858  -0.250570   0.899926   0.729041   0.861615  -0.460499   0.213447   362.94        7.849      9        2.04482e+09   -3.87437e+09     0.12368         0.28193        0.63929      0.059178
