#  npart(1)  nvpart(2)      Xc(3)          Yc(4)          Zc(5)      VXc(6)   VYc(7)   VZc(8)    Mvir(9)      Rvir(10) Vmax(11)   Rmax(12) sigV(13) lambda(14)      Lx(15)       Ly(16)       Lz(17)     a(18)     Eax(19)    Eay(20)    Eaz(21)     b(22)     Ebx(23)    Eby(24)    Ebz(25)     c(26)     Ecx(27)    Ecy(28)    Ecz(29) ovdens(30)    Redge(31) nbins(32)     Ekin(33)       Epot(34)   mbp_offset(35)  com_offset(36)   r2(37)      lambdaE(38)
   2271424    2271424    39.89111389    22.49056339    26.24298751   105.88    88.86    21.53  9.48549e+11     208.14   191.98      34.45   193.25   0.039197       0.0359       0.6224       0.7819   1.000000   0.959162  -0.105469  -0.262457   0.901754   0.280663   0.239555   0.929431   0.797782   0.035153   0.965137  -0.259373   337.64        208.1     35        1.77119e+16   -2.96735e+16     0.06723         5.07864       15.77987      0.042817
     67548      67548    39.79703803    22.48036745    26.27489660   334.04    52.90    87.51  2.82081e+10      62.41    65.37       9.39    72.58   0.052781      -0.7478        0.446      -0.4918   1.000000   0.973711  -0.062592  -0.219018   0.838463   0.121804   0.955569   0.268426   0.755475   0.192486  -0.288046   0.938072   372.52        56.56     26        7.43017e+13   -1.04746e+14     0.09849         2.16111        5.22832      0.053559
     26869      26869    39.87024128    22.47547068    26.25598886   424.68   -31.67     2.52  1.12205e+10      17.14    62.28       8.68    77.10   0.069571      -0.7908        0.311       0.5271   1.000000   0.914310   0.362449  -0.180741   0.899663  -0.220672   0.820009   0.528100   0.870416   0.339618  -0.442963   0.829725  7154.29       0.8088     23        3.33471e+13   -4.02551e+13     0.06357         0.38189        3.95085      0.044303
     17702      17702    39.97277731    22.55371456    26.25409242    66.29    59.30    36.65  7.39238e+09      41.28    54.89       2.79    51.85   0.043871      -0.4662      -0.3035       -0.831   1.000000   0.782140   0.622804  -0.019275   0.745393  -0.102007   0.158498   0.982076   0.699681  -0.614696   0.766155  -0.187498   337.27        41.28     22        9.93554e+12   -1.54015e+13     0.06644         1.34942        1.87618      0.058541
      4878       4878    39.96363603    22.41927561    26.21943280   185.21    29.05  -135.23  2.03706e+09      26.87    26.92       5.06    31.57   0.023324       0.9578       0.1489      -0.2457   1.000000   0.061526   0.832273  -0.550940   0.892308  -0.765521   0.393546   0.509017   0.833144   0.640462   0.390439   0.661336   336.97        26.87     19        1.01493e+12   -1.29318e+12     0.11061         0.31366        2.54527      0.020560
      4511       4511    40.17798289    22.40508590    26.19029306   -11.43   167.71    37.78   1.8838e+09      26.21    26.42       2.69    24.52   0.028095       -0.559       0.8156       0.1497   1.000000  -0.433499   0.624823  -0.649365   0.951067   0.248760   0.775565   0.580188   0.878477   0.866139   0.089975  -0.491637   335.72         26.2     19        5.66231e+11   -1.05924e+12     0.03069         1.19119        1.33480      0.035208
      4438       4438    40.08284700    22.58335781    26.20914270   -48.77    75.78   -49.80  1.85331e+09      26.03    22.78       4.84    23.48   0.050870      -0.9314      -0.2206      -0.2895   1.000000   0.931175   0.350764  -0.099386   0.957125  -0.067052   0.432734   0.899024   0.866486  -0.358353   0.830485  -0.426471   337.41        26.02     19        5.11083e+11   -8.44334e+11     0.11958         1.01414        2.42486      0.053085
      3329       3329    39.92705803    22.41283502    26.22353330   130.98  -102.15   -54.18  1.39019e+09      18.59    26.94       3.02    32.58   0.016287       0.2893       0.6856       -0.668   1.000000  -0.680444   0.732408   0.023981   0.949253  -0.206899  -0.223407   0.952514   0.847190   0.702986   0.643170   0.303550   694.60        9.036     18        7.37719e+11   -9.05902e+11     0.12471         0.28861        1.59047      0.013603
      2250       2250    39.90522142    22.53487330    26.26498707   247.80   -38.18  -136.76  9.39603e+08      10.10    29.13       2.72    27.91   0.017900       0.9981     -0.05628      0.02646   1.000000  -0.062849   0.819306   0.569901   0.868667  -0.582828  -0.493673   0.645444   0.818988   0.810161  -0.291589   0.508542  2924.84        1.166     17        3.65887e+11   -6.78341e+11     0.07228         0.12648        1.85413      0.022226
      1670       1670    39.87873362    22.50567660    26.34936756   -38.47   139.73    20.84  6.97394e+08      15.11    27.53       1.98    25.22   0.008464      -0.7698      -0.3992      -0.4981   1.000000   0.405289   0.023921   0.913876   0.846947   0.736089  -0.601362  -0.310702   0.734295   0.542138   0.798619  -0.261334   648.26        7.872     16        2.21761e+11   -4.34719e+11     0.12637         0.18204        1.29455      0.014299
      1605       1605    39.93677034    22.52417291    26.30383010   137.44   294.24   134.59   6.7025e+08      12.88    22.30       1.92    25.08   0.042906      -0.5495      -0.3569       0.7554   1.000000  -0.524455   0.758228  -0.387345   0.820784  -0.581026   0.013831   0.813768   0.759681   0.622379   0.651842   0.433296  1006.03        4.324     16        2.10786e+11   -2.84202e+11     0.08980         0.27445        0.98479      0.040883
      1472       1472    39.92466139    22.47070765    26.20536594  -160.59   154.34   -48.25  6.14709e+08       8.66    28.06       1.55    26.24   0.010132      0.09223       0.9758      -0.1983   1.000000   0.917681  -0.315753  -0.241167   0.769286   0.285044   0.100356   0.953246   0.717298   0.276788   0.943519  -0.182098  3034.06       0.9641     16        2.11612e+11   -3.94425e+11     0.10032         0.16256        1.07791      0.013621
      1249       1249    39.89302419    22.26769909    26.34694629   154.19   150.18    40.84  5.21584e+08      17.12    19.44       2.80    17.55   0.009315       0.2102       -0.237       0.9485   1.000000   0.184164   0.963850   0.192553   0.931091   0.955640  -0.221402   0.194253   0.882971  -0.229863  -0.148237   0.961867   333.88         17.1     15        8.03497e+10   -1.58597e+11     0.16535         0.03116        1.79932      0.013572
      1147       1147    39.94436532    22.45506169    26.25428871   293.34    32.94  -138.74  4.78989e+08       4.26    24.23       2.36    28.27   0.028125      -0.7319      -0.5058       0.4566   1.000000   0.811983  -0.545333   0.208077   0.912445   0.553489   0.606220  -0.571094   0.877197   0.185296   0.578887   0.794075 19864.99      0.07243     15        1.91336e+11   -2.46763e+11     0.14987         0.15321        1.18985      0.018740
      1114       1114    39.93716860    22.45734726    26.25420782    44.40    81.60  -135.63  4.65208e+08       6.83    29.77       1.49    28.97   0.012349       0.2446        0.242      -0.9389   1.000000   0.670723  -0.382925   0.635215   0.944870  -0.414324   0.516910   0.749092   0.818068   0.615196   0.765619  -0.188048  4695.79       0.4908     15         1.9521e+11   -3.44612e+11     0.05444         0.36993        0.95402      0.017602
      1110       1110    39.97051915    22.61292034    26.05812555    98.76     7.90    40.96  4.63537e+08      16.41    19.69       2.02    17.91   0.022447       -0.793       0.3946      -0.4641   1.000000   0.230666   0.776676  -0.586147   0.955074   0.116322   0.576061   0.809087   0.916457   0.966055  -0.254811   0.042533   336.60        16.41     15        7.43529e+10   -1.44967e+11     0.09041         0.14151        1.30339      0.034234
      1076       1076    39.95407400    22.47944127    26.29426340   218.57    94.13   204.12  4.49339e+08       9.86    17.20       5.11    23.48   0.021623      -0.3052      -0.9519      0.02906   1.000000   0.668597   0.738259  -0.089175   0.909986   0.584342  -0.447426   0.677019   0.775280  -0.459915   0.504762   0.730543  1506.55        2.209     15        1.23867e+11   -1.16189e+11     0.15377         0.14207        1.91666      0.008693
      1032       1032    39.74455851    22.50047404    25.99435356   145.00    -5.96   112.67  4.30964e+08      16.03    17.54       2.13    16.23   0.017438      -0.6357       0.4005        -0.66   1.000000   0.602230  -0.162951   0.781515   0.919468   0.417398  -0.770211  -0.482238   0.889494   0.680513   0.616621  -0.395828   335.58        16.03     15        5.67485e+10    -1.0774e+11     0.13759         0.48826        1.39789      0.024026
      1007       1007    39.84745588    22.45701843    26.40272904   -73.91    53.04     1.34  4.20524e+08      15.25    15.45       2.52    15.76   0.067827       0.4936       0.2833       0.8222   1.000000   0.058017  -0.544065   0.837035   0.881368  -0.940860   0.250541   0.228062   0.824844   0.333792   0.800764   0.497354   380.22        13.55     15        5.22021e+10   -8.37526e+10     0.18901         0.23783        1.73024      0.073481
       973        973    39.85491343    22.47384883    26.29557262   155.51   177.25   165.78  4.06326e+08       9.20    22.96       2.10    22.00   0.018088      -0.5045       0.8212       0.2666   1.000000   0.726899   0.469185  -0.501481   0.722945   0.538551   0.063651   0.840185   0.665186  -0.426122   0.880803   0.206412  1676.00        1.853     15        9.82927e+10   -1.71219e+11     0.13326         0.22477        1.46353      0.023942
       944        944    39.80062083    22.52362081    26.15805826   102.40    56.22   152.86  3.94216e+08      15.65    24.38       1.35    21.91   0.008127       0.8442      -0.5303      0.07841   1.000000   0.458557  -0.202972   0.865175   0.771323   0.794775  -0.341880  -0.501449   0.705274   0.397566   0.917562   0.004545   329.93        15.64     14        9.45935e+10   -1.86844e+11     0.09271         0.12203        0.80997      0.016267
       923        923    39.91660821    22.52488367    26.26335350   -53.57   225.28    99.42  3.85446e+08       5.89    27.65       1.33    26.02   0.022128      -0.2517     -0.07863       0.9646   1.000000   0.766859   0.640877   0.034711   0.890108  -0.542040   0.675656  -0.499681   0.795300  -0.343687   0.364370   0.865514  6059.65       0.3281     14        1.30461e+11   -2.46533e+11     0.07477         0.29461        0.86376      0.031167
       882        882    39.83190868    22.42415507    26.09663856   172.31   101.70    46.34  3.68324e+08      15.20    18.23       1.99    16.71   0.006942       0.7589      0.09297       0.6446   1.000000   0.604368   0.184119   0.775138   0.844147   0.796458  -0.163861  -0.582069   0.811524   0.019845   0.969149  -0.245676   336.54         15.2     14        5.14002e+10   -9.72745e+10     0.11869         0.18704        1.21408      0.010336
       797        797    39.90632786    22.53339748    26.31731531  -118.30   179.98    43.84  3.32828e+08       8.05    20.45       1.74    19.55   0.018233      -0.5997       -0.437       0.6703   1.000000   0.502163   0.360743   0.785937   0.866224  -0.211301   0.932473  -0.292995   0.833363   0.838560   0.018938  -0.544479  2046.61        1.328     14        6.35852e+10   -1.18555e+11     0.09402         0.18056        1.11449      0.023933
       763        763    39.96135391    22.55466937    26.26283749    87.27   108.31    23.96   3.1863e+08       9.56    22.96       1.56    21.18   0.016488      -0.6068       0.6992      -0.3781   1.000000   0.895819   0.435543  -0.088381   0.830108  -0.172732   0.524457   0.833732   0.657589  -0.409478   0.731606  -0.545051  1170.60        2.757     14        7.14671e+10   -1.35818e+11     0.10715         0.32943        1.00526      0.026652
       741        741    40.14263617    22.43669190    26.19005505     2.95   176.80    81.60  3.09442e+08      14.40    12.04       3.29    12.05   0.065224      -0.4168       0.8101       0.4122   1.000000  -0.343224  -0.184804   0.920893   0.898235   0.919825  -0.264519   0.289743   0.794379   0.190048   0.946508   0.260776   332.75        14.38     14        2.24473e+10   -3.93332e+10     0.12485         0.61461        2.13933      0.068250
       702        702    39.87373824    22.48160775    26.25930756   452.42    41.72   -34.11  2.93156e+08       3.76    23.77       1.36    27.60   0.043044      -0.9125      -0.2372      -0.3334   1.000000   0.199663   0.290167   0.935916   0.854759   0.783428   0.526418  -0.330341   0.762665  -0.588537   0.799179  -0.122218 17710.69      0.07167     14        1.11663e+11   -1.41112e+11     0.04061         0.09410        0.93206      0.032082
       688        688    39.89391300    22.47312613    26.27996341   383.70   194.55    49.18   2.8731e+08       5.03    20.47       1.43    21.68   0.005951       0.6707      -0.6536      -0.3507   1.000000   0.957894   0.063153  -0.280092   0.888986   0.273390  -0.498697   0.822532   0.756635   0.087735   0.864473   0.494964  7237.20       0.2348     14        6.74978e+10   -1.03254e+11     0.13108         0.06731        0.99050      0.005769
       671        671    39.86434805    22.51295118    26.31670851   179.74   -39.18   179.02   2.8021e+08       7.98    20.02       1.00    19.27   0.026308       0.6527       0.4874         0.58   1.000000   0.644986  -0.572202  -0.506535   0.755091   0.647096   0.056338   0.760324   0.676711   0.406522   0.818175  -0.406607  1766.77        1.526     14        5.20371e+10   -9.08674e+10     0.07564         0.11436        0.64690      0.034330
       652        652    39.95147517    22.54107400    26.01790853    19.11   135.95    71.00  2.72276e+08      13.72    18.05       1.25    15.87   0.019289      0.02566       0.9266       0.3752   1.000000  -0.510435   0.107690   0.853146   0.793389   0.563410  -0.707633   0.426410   0.739303   0.649634   0.698326   0.300527   338.02        13.71     13        3.42734e+10   -6.88865e+10     0.08254         0.36111        0.75839      0.032066
       622        622    39.73357768    22.45338414    26.18915431   264.18   -16.75   138.39  2.59748e+08      10.44    15.73       0.92    14.40   0.037525      -0.9736       0.2031        0.104   1.000000   0.635389   0.246471   0.731801   0.877730  -0.215731   0.966617  -0.138247   0.774949   0.741445   0.070031  -0.667350   731.98        4.817     13        2.69278e+10   -5.36417e+10     0.10387         0.07065        0.78844      0.050109
       614        614    39.94992810    22.40019773    26.03317842   118.38    82.36    59.25  2.56407e+08      13.46    16.34       1.81    14.88   0.014136     0.006286       0.9904        0.138   1.000000  -0.500582   0.168971   0.849039   0.920000   0.788102  -0.316875   0.527717   0.849655   0.358208   0.933295   0.025455   337.55        13.46     13        2.83999e+10   -5.58612e+10     0.02739         0.25293        1.00932      0.022010
       597        597    39.87480042    22.50406286    26.37957105   -13.52    78.98   112.78  2.49308e+08      11.67    18.75       1.22    16.71   0.003536       0.1621        0.272       0.9486   1.000000   0.322583   0.309961   0.894352   0.848142   0.527711   0.725501  -0.441781   0.798220   0.785787  -0.614470  -0.070465   503.30         7.83     13        3.48026e+10   -6.63017e+10     0.10470         0.15506        0.75895      0.005648
       596        596    39.79233451    22.65456401    26.29876576   247.18   -33.28    85.85   2.4889e+08      13.92    15.02       1.64    13.18   0.018995        0.196      -0.6998      -0.6869   1.000000  -0.499522   0.866284   0.005537   0.841440   0.392716   0.220744   0.892775   0.784580   0.772174   0.448135  -0.450470   296.04        13.82     13        2.16099e+10   -4.25794e+10     0.07947         0.23794        0.97359      0.027080
       593        593    39.72243435    22.51608502    26.22709596    99.88    51.85   -73.25  2.47638e+08      13.48    19.59       1.18    17.57   0.024063      -0.3333       0.8724      -0.3575   1.000000   0.902672  -0.233055  -0.361757   0.860813   0.408328   0.729226   0.549089   0.761871   0.135835  -0.643363   0.753415   324.50        13.46     13         3.8233e+10   -7.24288e+10     0.10598         0.09787        1.01038      0.043323
       529        529    39.90160265    22.45770987    26.36250089   132.65   -11.71    80.48  2.20911e+08      12.09    17.56       1.81    16.20   0.023684       0.8334       0.5524     -0.01898   1.000000  -0.169693   0.183424   0.968277   0.880003  -0.269571   0.936415  -0.224631   0.683331   0.947911   0.299138   0.109458   400.81        10.19     13        2.89905e+10   -5.32247e+10     0.11818         0.26087        1.14243      0.038116
       486        486    39.87781064    22.53491247    26.27623032  -180.33   -19.97   -51.96  2.02954e+08       4.65    15.64       2.23    16.90   0.029303      -0.9417      -0.3204       -0.103   1.000000   0.987076  -0.137289   0.082661   0.841690   0.082113   0.876253   0.474804   0.818755  -0.137617  -0.461880   0.876201  6481.36       0.2422     13        2.89991e+10   -4.56848e+10     0.10650         0.15946        0.74301      0.026408
       464        464    39.80256191    22.50587571    26.22968046   228.10   -39.23    70.91  1.93767e+08       7.60    17.76       1.36    16.00   0.006825       0.8145      -0.4108       0.4096   1.000000   0.319948  -0.333128   0.886938   0.818266   0.789357  -0.424005  -0.444000   0.767720   0.523975   0.842167   0.127298  1419.34        1.807     13        2.48141e+10   -5.00633e+10     0.13865         0.16701        0.89614      0.010130
       452        452    39.86264801    22.47899498    26.25984112   355.04   -82.75   -13.60  1.88756e+08       3.06    20.08       1.44    20.79   0.013671      -0.1781       0.7724       0.6096   1.000000  -0.408726   0.743506   0.529284   0.786539  -0.489920  -0.668039   0.560091   0.760130   0.770014  -0.030383   0.637304 21107.38            0     12        4.07961e+10   -6.30875e+10     0.10745         0.22441        0.99096      0.012425
       436        436    39.92027101    22.37892051    26.41368347   170.90   166.33   -22.91  1.82074e+08      12.15    15.03       1.11    13.72   0.018685      -0.2978      -0.8488      -0.4369   1.000000   0.204002   0.715498  -0.668166   0.847972   0.640928   0.418297   0.643614   0.797203   0.739996  -0.559545  -0.373250   325.75        12.13     12        1.71471e+10   -3.26491e+10     0.07469         0.33481        0.94880      0.029249
       406        406    39.95604675    22.53469928    26.27474359    15.88   -36.86   240.90  1.69546e+08       6.61    13.55       1.89    13.70   0.021685      -0.7509       0.2536       0.6099   1.000000   0.530598   0.845593   0.058638   0.898522   0.270760  -0.234640   0.933613   0.772634   0.803215  -0.479496  -0.353453  1887.59        1.182     12        1.59114e+10   -2.70473e+10     0.11956         0.39765        1.63913      0.022781
       404        404    39.95402977    22.50681076    26.28845701   226.39   135.43    40.34  1.68711e+08       7.56    15.36       1.55    15.53   0.031275      -0.1249       0.8558      -0.5019   1.000000   0.368112   0.565651   0.737924   0.953496  -0.922796   0.125163   0.364392   0.793194  -0.113758   0.815091  -0.568055  1254.09        2.035     12        2.03341e+10    -3.3275e+10     0.06980         0.28099        0.97338      0.038072
       384        384    39.81480919    22.46421485    26.28920348   193.00   120.48    33.76  1.60359e+08       8.63    20.08       0.80    17.92   0.005573     -0.02614       0.7416       0.6703   1.000000   0.860116  -0.144909   0.489083   0.919794  -0.504933  -0.377982   0.775998   0.652643  -0.072416   0.914402   0.398278   800.92        3.638     12        2.57343e+10   -5.13323e+10     0.08373         0.07868        0.48392      0.010726
       362        362    39.93588236    22.42967831    26.13994831    31.88   166.22    95.49  1.51172e+08      10.36    17.88       1.07    16.02   0.007273      -0.1177      -0.9455      -0.3038   1.000000   0.436919   0.321687   0.840012   0.962374  -0.898812   0.192669   0.393720   0.740976   0.035190   0.927036  -0.373317   436.01        8.025     12        1.94029e+10   -3.89236e+10     0.07389         0.09599        0.90001      0.014209
       343        343    39.84718936    22.50925124    26.20091374  -139.09   166.31    17.57  1.43237e+08       4.24    18.11       0.94    17.22   0.026808       0.6026        0.784        0.149   1.000000   0.549345  -0.330747   0.767350   0.916355   0.824224   0.063492  -0.562694   0.781195   0.137389   0.941581   0.307488  6013.99       0.2383     12         2.1246e+10   -3.84339e+10     0.09961         0.03351        0.60253      0.033195
       341        341    39.78372823    22.47894305    26.23166609   190.73   107.83   170.37  1.42402e+08       7.67    17.17       1.00    15.24   0.005696      -0.9348     -0.06195       0.3497   1.000000   0.802047   0.522631   0.289097   0.917280  -0.533995   0.410676   0.739050   0.878736  -0.267525   0.747129  -0.608464  1012.37        2.559     12        1.65397e+10   -3.43281e+10     0.06666         0.07869        0.61228      0.009704
       338        338    39.72343949    22.42351599    26.10074978   195.48   -32.92    95.74  1.41149e+08      11.64    11.48       1.45    10.14   0.025626      0.01721      -0.8487       0.5286   1.000000  -0.248982   0.916980  -0.311697   0.909088  -0.519534   0.145154   0.842030   0.832243   0.817369   0.371587   0.440262   287.02        11.51     12        7.25401e+09   -1.34972e+10     0.12276         0.31594        1.24096      0.032144
       337        337    39.80559238    22.51229349    26.18694521   210.47    -0.06    18.67  1.40732e+08       6.81    14.39       2.05    13.39   0.013230      -0.6005       0.7763       0.1917   1.000000   0.914120  -0.372847  -0.159276   0.989776   0.399633   0.762319   0.509080   0.942693  -0.068390  -0.529013   0.845854  1427.82        1.611     12        1.26174e+10   -2.47715e+10     0.16286         0.39172        1.32368      0.017766
       329        329    39.88761170    22.57057036    26.08801686     5.45    26.25    28.78  1.37391e+08      11.31    13.76       1.61    12.93   0.005354       0.2855      -0.8023      -0.5243   1.000000   0.932268   0.273625   0.236655   0.858697  -0.138487  -0.334407   0.932198   0.839694  -0.334212   0.901832   0.273863   305.17        11.26     12        1.14917e+10   -2.08421e+10     0.04028         0.54707        1.35409      0.008320
       319        319    40.01787107    22.65581205    26.33305720   -29.97    70.96   -61.95  1.33215e+08      11.00    10.89       2.16    10.05   0.036075      0.01053       0.5292      -0.8484   1.000000   0.384335   0.816043   0.431695   0.878277  -0.146688  -0.407690   0.901261   0.799428   0.911465  -0.409711  -0.036986   320.81        10.97     12        6.72631e+09   -1.30452e+10     0.15733         0.32172        1.34122      0.046895
       316        316    40.16492998    22.37621314    26.22354125   -15.88   162.87     6.58  1.31962e+08      10.91    11.06       2.16     9.92   0.026014       0.6204      -0.6924      -0.3685   1.000000  -0.312381  -0.311325   0.897494   0.954595   0.906076   0.186181   0.379951   0.852259  -0.285385   0.931887   0.223924   325.78        10.89     11        6.49948e+09   -1.32592e+10     0.24623         0.25049        0.70568      0.035162
       303        303    39.83396298    22.59271272    26.37769302    99.72    19.17    57.97  1.26533e+08      11.09    15.90       0.97    13.79   0.009814      -0.7463       0.6033       0.2812   1.000000   0.353859   0.380583   0.854365   0.908202   0.910310  -0.349885  -0.221171   0.765275   0.214756   0.856000  -0.470259   297.57        11.05     11        1.20326e+10   -2.50566e+10     0.04258         0.21964        0.80810      0.019359
       298        298    39.97532169    22.53263161    26.35363564    77.19    30.28   194.76  1.24445e+08       9.61    11.28       1.55    11.06   0.010514      0.08596       0.3821       0.9201   1.000000   0.902753  -0.261578   0.341487   0.959846  -0.071470   0.691620   0.718717   0.871596   0.424180   0.673230  -0.605667   450.00        7.211     11        7.61379e+09   -1.28243e+10     0.13924         0.53129        0.91509      0.012415
       281        281    39.86941925    22.50304043    26.27661019   -65.13   179.08    26.97  1.17346e+08       2.68    21.26       0.69    19.27   0.015112      -0.7169      -0.4099       -0.564   1.000000   0.871397  -0.411887  -0.266488   0.854173   0.312441   0.047161   0.948766   0.695490   0.378216   0.910014  -0.169787 19549.56            0     11        2.17837e+10   -4.34275e+10     0.05425         0.19435        0.59072      0.020371
       279        279    39.92864227    22.22249051    26.12142113   155.15   236.17    34.12  1.16511e+08      10.45     8.23       3.42     7.96   0.070899      -0.8123      -0.5615      -0.1577   1.000000  -0.228775   0.922093  -0.312099   0.875843  -0.713521   0.059265   0.698123   0.819768   0.662231   0.382403   0.644374   327.48        10.42     11        3.68864e+09   -6.63757e+09     0.48092         0.58030        2.27297      0.070157
       279        279    39.97924364    22.56705644    26.15107456   -83.83    27.35   -29.74  1.16511e+08       9.12    11.99       1.57    11.02   0.028105      -0.3308        0.228       0.9158   1.000000   0.860607   0.389585  -0.327992   0.822517  -0.476038   0.844233  -0.246290   0.705604   0.180950   0.368095   0.912010   493.17        6.243     11        7.08014e+09   -1.30791e+10     0.07437         0.04664        1.34075      0.037050
       277        277    39.85888231    22.52553860    26.35459427    98.27     4.20    50.40  1.15676e+08       8.44    15.04       1.43    13.42   0.005997      -0.4648       0.7121       0.5262   1.000000  -0.187708   0.731437   0.655565   0.799927   0.912961  -0.116266   0.391131   0.739346   0.362308   0.671924  -0.645950   616.71        4.623     11        1.04163e+10   -2.06827e+10     0.13389         0.20583        1.22017      0.010024
       277        277    39.79189335    22.54262906    26.16382236   132.96   -45.36   -61.32  1.15676e+08       7.39    13.94       0.94    12.79   0.016091      -0.3472      -0.8743       0.3392   1.000000   0.698193  -0.258678   0.667542   0.933782  -0.090367   0.893137   0.440613   0.781114   0.710184   0.367957  -0.600206   920.93        2.708     11        9.45578e+09     -1.855e+10     0.13216         0.07243        0.80781      0.023676
       276        276    39.94629837    22.50061308    26.25788137   266.42   172.87   -25.99  1.15258e+08       4.31    16.10       0.97    15.71   0.025034      -0.4687        0.516       0.7169   1.000000   0.826121  -0.068460   0.559318   0.897049  -0.194927   0.896591   0.397652   0.764017  -0.528703  -0.437536   0.727349  4631.52       0.3139     11        1.42283e+10    -2.4184e+10     0.06137         0.18328        0.63123      0.029534
       276        276    39.73334565    22.35938712    26.32816621   142.04    47.21   -69.20  1.15258e+08      10.35    11.38       2.03    10.20   0.014624       -0.173      -0.8869       0.4284   1.000000   0.807987   0.352723  -0.471958   0.763201  -0.089241   0.865034   0.493713   0.659703   0.582404  -0.356796   0.730413   334.07        10.34     11        5.99191e+09   -1.14808e+10     0.27037         0.14630        1.26471      0.019855
       261        261    39.73042678    22.56315625    26.20591648    79.47    31.61   -57.98  1.08994e+08      10.30    14.13       0.99    12.45   0.009763      -0.3373       0.6569       0.6743   1.000000   0.940335  -0.326702   0.095058   0.704731   0.261000   0.871826   0.414486   0.619915  -0.218287  -0.364945   0.905078   319.85        10.28     11        8.44112e+09   -1.69781e+10     0.08464         0.25615        0.56161      0.017445
       260        260    39.88966632    22.51720482    26.26801575  -232.52   189.56   -90.05  1.08576e+08       2.95    13.50       1.82    15.87   0.027952       0.1094      -0.9934      0.03481   1.000000   0.915233   0.197170   0.351387   0.971027  -0.388911   0.204288   0.898340   0.857290  -0.105342   0.958848  -0.263653 13545.80      0.07358     11        1.36705e+10   -1.71076e+10     0.07470         0.22776        1.62867      0.017029
       259        259    39.91925830    22.59892095    26.20225631    83.40    72.50    -1.19  1.08159e+08      10.43    17.65       0.60    15.25   0.009661       0.1939      -0.3908      -0.8998   1.000000   0.121335   0.959233  -0.255243   0.599666   0.908685  -0.003858   0.417464   0.531581  -0.399460   0.282589   0.872110   306.08         10.4     11        1.25748e+10   -2.53757e+10     0.05832         0.28758        0.49622      0.021431
       252        252    40.01780246    22.50249832    26.10419475    40.70   158.83   176.01  1.05235e+08       9.79    10.53       1.84     9.44   0.009595     0.005576      -0.2556      -0.9668   1.000000  -0.290828   0.002555   0.956772   0.865389   0.916035  -0.287958   0.279214   0.786946   0.276224   0.957640   0.081406   360.36        9.169     11        4.69211e+09   -9.40934e+09     0.08665         0.18934        1.12720      0.012865
       249        249    39.97836816    22.35007713    26.21875471   118.78    39.66    -7.20  1.03983e+08      10.07    16.62       0.73    14.51   0.007546       0.8518      -0.5031      -0.1462   1.000000   0.013854   0.996213  -0.085841   0.776232  -0.512513   0.080789   0.854870   0.584980   0.858567   0.032151   0.511691   326.53        10.06     11         1.0945e+10   -2.28747e+10     0.09586         0.12337        0.61158      0.016521
       247        247    40.07768007    22.59030312    26.21379823   -62.55    90.59   -56.28  1.03147e+08       6.70    10.85       1.13    13.26   0.044348       -0.886      -0.4459       0.1272   1.000000  -0.357063   0.675599   0.645036   0.743722   0.473853  -0.464093   0.748386   0.659534   0.804965   0.572873  -0.154424  1102.24        2.051     11        9.07012e+09   -1.05106e+10     0.14834         0.24222        0.47209      0.027731
       244        244    39.94806750    22.54499683    26.11053653   -34.75     5.40   -32.61  1.01895e+08       7.23    10.36       1.87     9.99   0.022195      -0.6623      -0.1507        0.734   1.000000   0.636276   0.675861   0.371974   0.913897  -0.308358  -0.219169   0.925678   0.850823   0.707155  -0.703688   0.068956   865.87        2.819     11        5.08076e+09   -9.47118e+09     0.09997         0.29850        1.13845      0.025482
       230        230    39.91510310    22.49096897    26.10433560    98.31    62.76   153.87  9.60483e+07       7.44    12.64       1.48    11.21   0.023351      -0.2471       0.4596       -0.853   1.000000  -0.047971   0.045647   0.997805   0.858192   0.959381  -0.275928   0.058747   0.678319   0.278004   0.960094  -0.030556   747.02        3.365     11        6.03366e+09   -1.24831e+10     0.15064         0.42639        0.92688      0.034984
       225        225    40.00150560    22.59438017    26.29932020    36.96    58.84   197.67  9.39603e+07       8.51     8.35       3.22     8.71   0.034300       0.8573       0.1744       0.4845   1.000000   0.510348   0.851301  -0.121783   0.818974  -0.564478   0.438449   0.699376   0.761126   0.648775  -0.288182   0.704303   489.20        5.874     11        3.56347e+09   -5.75095e+09     0.37942         0.27197        1.38401      0.032709
       225        225    39.79813439    22.27807221    26.15242052    82.48   168.00    71.91  9.39603e+07       9.60     9.73       2.00     9.18   0.042318      -0.5147       -0.751      -0.4137   1.000000  -0.000953   0.985547   0.169398   0.863217   0.877735  -0.080342   0.472362   0.752363  -0.479145  -0.149137   0.864973   340.38        9.527     11        3.95567e+09   -6.95964e+09     0.26550         0.37025        1.26364      0.050238
       219        219    39.68515335    22.42009033    26.19918256   180.35   126.23    17.49  9.14547e+07       9.53    11.27       1.46     9.86   0.022143       0.9954      0.09315      0.02063   1.000000   0.887994   0.459570   0.016178   0.774053   0.027453  -0.088097   0.995734   0.693607  -0.459034   0.883762   0.090846   338.99        9.493     11        4.44413e+09    -9.0429e+09     0.26007         0.26513        0.58530      0.033288
       217        217    39.94123611    22.49067814    26.23501828   -46.01   326.69   125.73  9.06195e+07       2.94    13.71       1.30    13.34   0.040287       0.1059       0.7299      -0.6753   1.000000   0.037422   0.953883   0.297837   0.946872   0.975196   0.030207  -0.219271   0.902565   0.218156  -0.298655   0.929093 11415.11      0.08704     10        8.06156e+09   -1.48045e+10     0.06896         0.06461        1.14075      0.041124
       215        215    40.07515387    22.57546688    26.09580065   101.10    73.78   169.06  8.97843e+07       9.59     9.14       2.29     8.09   0.028411      -0.8221       0.3927       0.4121   1.000000  -0.562365   0.623133  -0.543554   0.821522   0.758903   0.649972  -0.040036   0.738006  -0.328347   0.435019   0.838419   326.84        9.563     10        2.93857e+09   -5.70428e+09     0.26371         0.38330        1.50142      0.033841
       215        215    40.02895008    22.50625988    26.28903250   -87.62   185.23    45.96  8.97843e+07       7.43     8.77       1.72     8.89   0.047041      -0.1261       0.7956       0.5926   1.000000  -0.085549  -0.136465   0.986944   0.903686   0.985291  -0.158660   0.063467   0.752793   0.147928   0.977857   0.148030   703.17        3.567     10        3.54417e+09   -6.14837e+09     0.17012         0.40300        0.41134      0.047852
       214        214    39.98998481    22.48646226    26.15234334    65.78   179.81    57.74  8.93667e+07       8.30    15.17       0.81    13.07   0.013807       -0.958      0.02184       0.2861   1.000000   0.767101  -0.330439  -0.549879   0.910715   0.615278   0.136276   0.776442   0.812902   0.181631   0.933938  -0.307849   502.06         5.58     10        7.63483e+09   -1.59174e+10     0.12898         0.15100        0.68099      0.026598
       212        212    39.90893566    22.52270316    26.26579338  -170.45   214.80   138.38  8.85315e+07       2.55    14.23       1.36    16.96   0.051365        0.986     -0.07903       0.1465   1.000000   0.789066   0.614163  -0.013373   0.880224   0.439082  -0.548633   0.711484   0.851544  -0.429630   0.567280   0.702575 17150.44            0     10        1.27265e+10   -1.60127e+10     0.10619         0.11140        0.85978      0.034873
       206        206    40.03376223    22.52148912    26.38093510   120.58    66.72    39.00  8.60258e+07       9.84    10.74       1.34     9.39   0.029700       0.8819      -0.4592      -0.1067   1.000000   0.868926   0.328276   0.370409   0.682135  -0.475214   0.344163   0.809768   0.603709  -0.138346   0.879651  -0.455054   289.82        9.776     10        3.79319e+09   -7.46967e+09     0.14269         0.10008        1.12241      0.043121
       191        191    39.71796385    22.51003453    26.15524544   158.06    79.50    57.15  7.97618e+07       9.09    10.71       1.67     9.65   0.018042       0.5712       0.6897      -0.4449   1.000000   0.709975  -0.207764   0.672882   0.865918  -0.674518   0.073978   0.734543   0.824152   0.202390   0.975378   0.087618   341.29        8.989     10        3.71244e+09   -6.91499e+09     0.22942         0.35823        1.01834      0.025339
       191        191    39.92192277    22.48768925    26.19579662  -103.81    30.81  -156.25  7.97618e+07       2.96    12.86       1.45    11.97   0.024384       0.5315       0.5615      -0.6342   1.000000   0.954444   0.085115  -0.285994   0.832534   0.213744   0.473758   0.854322   0.699043  -0.208208   0.876532  -0.433983  9872.43       0.1012     10        5.70998e+09    -1.0951e+10     0.18836         0.12973        1.02526      0.025005
       179        179    39.88010092    22.51247200    26.29237779    68.44     0.43    81.21  7.47506e+07       2.79    18.31       0.68    16.78   0.017959     -0.07102       0.9812      -0.1792   1.000000  -0.074098   0.796274  -0.600381   0.862102   0.347195   0.584970   0.732984   0.800972   0.934861  -0.154136  -0.319808 11085.98      0.08487     10        1.05251e+10   -2.11306e+10     0.06633         0.20978        0.57890      0.027123
       175        175    39.92876963    22.45440349    26.14272476    79.64    93.55    35.58  7.30802e+07       8.96     9.57       1.15     9.22   0.033343      -0.6373        0.321      -0.7005   1.000000  -0.380429   0.074194   0.921829   0.571861   0.894822   0.281307   0.346642   0.507028  -0.233598   0.956745  -0.173408   326.52        8.939     10        3.10645e+09   -5.18232e+09     0.26429         0.51948        0.98727      0.040853
       174        174    39.97936724    22.49323685    26.24117743   -14.11   297.07    71.25  7.26626e+07       5.13    11.96       0.97    10.78   0.011282      -0.8552       0.1224       0.5036   1.000000   0.869891  -0.231188   0.435709   0.881448  -0.360113   0.305964   0.881309   0.754180   0.337060   0.923546  -0.182902  1723.34        1.006     10        4.21947e+09   -8.16428e+09     0.09829         0.13364        0.83604      0.014510
       174        174    39.94642653    22.45806923    26.25930553   341.72   131.55    25.56  7.26626e+07       2.53    13.39       1.13    14.69   0.052578       0.6102      -0.1688       0.7741   1.000000  -0.238555   0.861154   0.448893   0.941161   0.834686  -0.054447   0.548028   0.730546   0.496378   0.505419  -0.705805 14353.47            0     10        7.83863e+09    -1.0795e+10     0.05847         0.19587        0.76490      0.041118
       168        168    39.79076913    22.48529071    26.16171484   -28.37    54.07    63.61   7.0157e+07       7.42    12.22       0.99    10.68   0.026269        0.186    -0.005426       0.9825   1.000000   0.570544  -0.273542   0.774374   0.762336   0.782724   0.466583  -0.411879   0.589153  -0.248643   0.841116   0.480313   550.72         4.55     10        4.00292e+09   -8.07674e+09     0.16262         0.21312        0.84512      0.042755
       166        166    39.88012566    22.50485084    26.29200804   332.68   -88.13   -68.68  6.93218e+07       2.53    12.93       1.19    12.24   0.016818       0.5065      -0.4029      -0.7623   1.000000  -0.152228   0.655462   0.739727   0.782512  -0.293869   0.684582  -0.667074   0.765374   0.943646   0.318930  -0.088407 13749.13            0     10        5.18906e+09   -9.97644e+09     0.11986         0.07416        0.82194      0.017532
       164        164    39.71650530    22.46743450    26.36180841   168.49   103.03    86.13  6.84866e+07       8.89     9.67       1.46     8.44   0.027115       0.6721     -0.08593       0.7355   1.000000   0.715417   0.356846  -0.600700   0.869559   0.675786  -0.571768   0.465183   0.635160   0.177462   0.738744   0.650204   313.04        8.854     10        2.43927e+09   -5.10003e+09     0.10037         0.25508        0.86278      0.039984
       161        161    40.06805154    22.57855825    26.14352149    28.64   199.25   125.39  6.72338e+07       8.67     8.58       0.70     7.76   0.041527       0.9288      -0.3688     -0.03662   1.000000  -0.596550   0.128943   0.792150   0.828249   0.597133   0.730786   0.330733   0.697847  -0.536246   0.670318  -0.512946   331.66        8.656     10         2.0253e+09   -3.98687e+09     0.11118         0.36572        0.50143      0.052880
       152        152    39.93236119    22.55817899    26.27690446   168.81    19.74  -141.86  6.34754e+07       5.30    11.20       1.32    10.22   0.021858      -0.1123      -0.8996       0.4221   1.000000  -0.009607   0.399106   0.916854   0.912339   0.961790  -0.247206   0.117686   0.735774   0.273621   0.882952  -0.381481  1369.51        1.306     10        3.31533e+09   -6.39868e+09     0.16062         0.30267        0.79373      0.028904
