#  npart(1)  nvpart(2)      Xc(3)          Yc(4)          Zc(5)      VXc(6)   VYc(7)   VZc(8)    Mvir(9)      Rvir(10) Vmax(11)   Rmax(12) sigV(13) lambda(14)      Lx(15)       Ly(16)       Lz(17)     a(18)     Eax(19)    Eay(20)    Eaz(21)     b(22)     Ebx(23)    Eby(24)    Ebz(25)     c(26)     Ecx(27)    Ecy(28)    Ecz(29) ovdens(30)    Redge(31) nbins(32)     Ekin(33)       Epot(34)   mbp_offset(35)  com_offset(36)   r2(37)      lambdaE(38)
   1164955    1164955    38.82799704    21.58388538    26.07649897   116.09    94.75    22.66  4.86487e+11     189.60   182.08      63.65   190.99   0.019044      -0.2387       0.3376       0.9105   1.000000   0.564374  -0.396145   0.724259   0.829492   0.398106  -0.637971  -0.659170   0.703681   0.723183   0.660351  -0.202346   229.07        189.6     34        8.87307e+15   -1.46889e+16     0.04510         4.54884       29.82588      0.017913
     50110      50110    38.36962928    22.17299240    25.80786827   147.32    55.18     9.06   2.0926e+10      66.44    65.20      14.89    66.34   0.053352      -0.8622       0.3313      -0.3832   1.000000  -0.310122   0.304471   0.900623   0.861827   0.315269   0.926660  -0.204713   0.827557   0.896900  -0.220453   0.383367   229.01        66.44     25        4.60426e+13   -8.05607e+13     0.12841         4.05165        6.27414      0.053201
     47844      47844    38.69407995    21.41549606    25.47902929   164.70   144.91    73.32  1.99797e+10      65.42    70.93      11.64    73.66   0.053371      -0.8493     -0.01724       0.5277   1.000000   0.614906  -0.033456   0.787890   0.929426  -0.086182   0.990265   0.109309   0.737397   0.783877   0.135117  -0.606037   229.00        65.42     25        5.42032e+13   -8.62275e+13     0.08957         0.62556        4.94624      0.053278
     21637      21637    38.32237236    22.00576825    25.62771505   109.34    74.32    72.27  9.03564e+09      50.22    48.32      14.87    51.44   0.025548        0.995      0.09665       0.0268   1.000000  -0.454794   0.728917   0.511705   0.927889   0.505554  -0.261718   0.822143   0.902022   0.733196   0.632600  -0.249479   228.90        50.22     23        1.19543e+13   -1.88822e+13     0.06364         0.77763       10.39422      0.022982
     16213      16213    38.28034181    22.07315343    25.52302772   107.28    43.45   102.30  6.77057e+09      45.61    48.68       7.33    49.81   0.032684       0.7439        0.603      -0.2881   1.000000  -0.076072   0.766772   0.637396   0.970101  -0.050090  -0.641379   0.765587   0.868714   0.995843   0.026313   0.087198   229.07        45.61     22        8.39882e+12   -1.45048e+13     0.11693         0.49514        3.84630      0.035102
     12529      12529    38.76429959    21.63818807    25.91482959   109.21    64.07   -86.81  5.23213e+09      41.26    45.63       9.22    55.05   0.034876      -0.8879       0.3536      -0.2942   1.000000   0.222777  -0.415433   0.881922   0.750917   0.463410   0.841038   0.279115   0.702692   0.857684  -0.346511  -0.379880   239.12        39.52     21          7.928e+12   -9.60709e+12     0.11235         1.99225        4.97504      0.024175
     12495      12495    38.96384047    21.50970704    26.14443628   -27.64   163.24  -130.77  5.21793e+09      41.83    42.79      11.00    45.47   0.023316      -0.1542      -0.7849       0.6002   1.000000   0.523626   0.535242  -0.662821   0.911950   0.851742  -0.311784   0.421101   0.771831  -0.018734   0.785052   0.619146   228.76        41.83     21          5.395e+12   -8.60935e+12     0.14240         2.76772        7.43769      0.022579
     11992      11992    39.10517099    21.45382842    26.48622790    67.53   130.38   -53.89  5.00787e+09      41.25    44.15      11.26    46.09   0.009478       0.9817       0.1888     -0.02688   1.000000   0.705179  -0.532860   0.467741   0.904189  -0.181036   0.502511   0.845405   0.782591   0.685528   0.680840  -0.257894   228.91        41.25     21         5.3189e+12   -8.36139e+12     0.12530         1.39713        7.68907      0.009239
     11748      11748    38.89200578    21.62425472    26.21082642    71.34   121.21  -116.20  4.90598e+09      40.98    53.13       7.15    50.88   0.007962      -0.1972       0.4149       0.8882   1.000000   0.366927   0.078794   0.926907   0.862529  -0.064274   0.996173  -0.059238   0.809203   0.928027   0.037840  -0.370587   228.88        40.97     21        6.35105e+12   -1.14934e+13     0.16687         0.20339        4.96059      0.010265
     10683      10683    38.75614939    21.66579059    25.86163625   206.65   -47.26    95.10  4.46123e+09      39.70    43.64      10.46    42.59   0.025225      -0.6206       0.1647      -0.7667   1.000000   0.112261   0.354105   0.928443   0.900190   0.857292  -0.506957   0.089694   0.849599   0.502442   0.785878  -0.360483   228.78         39.7     21        4.04697e+12   -7.40293e+12     0.08640         0.80051        7.06938      0.028439
      8648       8648    38.25131307    22.06519960    25.64500855    90.15    75.82    59.81  3.61142e+09      36.99    36.88       7.04    43.20   0.042643       0.2418      -0.5945       0.7669   1.000000  -0.085868   0.807405   0.583716   0.901949   0.995944   0.085366   0.028429   0.790550   0.026876  -0.583789   0.811460   228.97        36.99     20        3.36989e+12   -4.30514e+12     0.16557         1.26395        3.91820      0.030263
      6720       6720    38.86130413    21.40485544    25.86788908    12.56    91.99   153.57  2.80628e+09      34.01    31.88       7.86    33.01   0.026491       0.1639       0.7752         0.61   1.000000   0.835452  -0.465157  -0.292657   0.889841   0.441470   0.885203  -0.146696   0.715403   0.327298  -0.006641   0.944898   229.02        34.01     20        1.52908e+12   -2.65397e+12     0.16284         1.11307        5.48630      0.025441
      5560       5560    38.16546556    22.02910853    25.54957094   130.03    26.44    39.28  2.32186e+09      31.94    31.33       9.85    33.60   0.047531      -0.1465      -0.7827       0.6049   1.000000   0.719950   0.296777   0.627371   0.824479  -0.569325  -0.264427   0.778426   0.768495  -0.396913   0.917607   0.021411   228.76        31.93     19        1.31081e+12   -2.05491e+12     0.23545         1.30153        6.96581      0.043484
      4783       4783    38.84942562    21.65127205    26.20726302   -78.11   170.39   -24.04  1.99739e+09      26.64    32.54       8.00    34.96   0.016542      -0.9978    -0.003106     -0.06638   1.000000   0.505714   0.095519   0.857397   0.891072   0.725382  -0.585057  -0.362670   0.794750   0.466984   0.805348  -0.365159   339.01           18     19        1.22058e+12   -1.89711e+12     0.21198         0.24128        3.47281      0.015321
      4134       4134    38.66196189    21.58483375    25.98309943    -0.15    15.28    87.12  1.72636e+09      28.92    31.70       8.24    33.26   0.046267      -0.5207      0.05676       0.8518   1.000000   0.578088  -0.221351   0.785378   0.829623   0.809322   0.278198  -0.517305   0.737791  -0.103984   0.934671   0.339967   228.96        28.92     18        9.54865e+11   -1.48374e+12     0.25085         0.37319        4.43626      0.045674
      4003       4003    38.24779794    22.11371473    25.66774434    84.03    61.46   123.82  1.67166e+09      28.84    28.05       9.77    31.92   0.050753      -0.6765       0.4735       -0.564   1.000000   0.226976   0.791438   0.567545   0.892354  -0.532994  -0.386791   0.752536   0.858100   0.815107  -0.473305   0.334039   223.62        28.77     18        8.51639e+11   -1.22883e+12     0.20742         0.89254        2.91682      0.043635
      3915       3915    38.54693908    21.80245258    25.99048080   169.90    23.61   122.83  1.63491e+09      28.42    31.41       5.26    30.54   0.026087        0.461       0.7975       0.3892   1.000000  -0.576844   0.460871   0.674424   0.934244   0.344083  -0.611722   0.712322   0.843361   0.740849   0.642957   0.194291   228.57        28.42     18        7.62225e+11   -1.40171e+12     0.15098         0.13232        2.63285      0.029640
      3834       3834    38.19827817    22.21462281    25.45632357    94.23    45.40    98.27  1.60108e+09      28.21    31.32       5.87    31.46   0.017588      -0.9514      -0.2117       0.2238   1.000000  -0.107584   0.714957   0.690841   0.854248   0.968637  -0.081170   0.234848   0.809629  -0.223982  -0.694440   0.683802   228.90        28.21     18          7.923e+11   -1.33335e+12     0.08560         0.36777        3.99855      0.018700
      2838       2838    38.22862650    22.12826471    25.50984890   104.67    42.70    72.96  1.18515e+09      25.55    29.31       6.37    28.76   0.007484      -0.9287      0.07575       0.3631   1.000000  -0.617067   0.640660  -0.456928   0.921163  -0.367024   0.279316   0.887286   0.842773   0.696075   0.715219   0.062781   228.09        25.54     17        4.90249e+11   -8.73831e+11     0.12529         0.12452        2.43185      0.008614
      2815       2815    38.40670732    22.08179619    25.66138001    70.00    62.99   114.63  1.17555e+09      25.45    25.08       3.67    25.71   0.037508      -0.9919      -0.1253      0.02117   1.000000   0.742552   0.388032   0.545937   0.834290  -0.184134   0.901947  -0.390623   0.785085  -0.643981   0.189533   0.741193   228.94        25.45     17        3.88562e+11   -6.54184e+11     0.14929         0.97374        2.44735      0.036146
      2446       2446    38.74073626    21.60816750    26.03513764    37.02    47.84   213.59  1.02145e+09      23.03    32.91       4.60    33.38   0.018950      -0.4809       0.8767    -0.007751   1.000000   0.396342  -0.331477   0.856175   0.787448   0.903306  -0.025962  -0.428211   0.621429   0.164170   0.943106   0.289136   268.55        19.64     17        5.69168e+11   -9.27403e+11     0.13470         0.07929        3.10577      0.023217
      2124       2124    38.36490806    22.23498484    25.52796489    85.11    65.63   108.56  8.86985e+08      23.17    21.32      13.85    23.36   0.037871       0.4041      -0.9127      0.06091   1.000000   0.886892   0.415224  -0.202514   0.666505  -0.442984   0.639965  -0.627861   0.608906  -0.131101   0.646555   0.751518   228.75        23.17     17         2.4202e+11   -3.68408e+11     0.24727         3.17536        9.49576      0.031840
      2066       2066    39.06621379    21.16129202    26.63547084   190.52   177.17   -21.22  8.62764e+08      22.95    21.11      10.65    22.53   0.047846      -0.2768      -0.8121      -0.5137   1.000000   0.960135   0.271750   0.065521   0.931234   0.101633  -0.557708   0.823792   0.850167  -0.260407   0.784292   0.563093   228.98        22.95     17        2.19041e+11   -3.50564e+11     0.14013         1.06884        5.66078      0.041986
      2049       2049    39.04395780    21.41089880    26.18306413    52.72   171.00  -117.29  8.55665e+08      22.90    26.87       2.72    25.99   0.012720       0.8954     -0.04684       0.4427   1.000000  -0.524274   0.684523  -0.506523   0.926995   0.126345   0.650771   0.748688   0.829874   0.842125   0.328521  -0.427668   228.67         22.9     17        2.89087e+11   -5.16759e+11     0.08086         0.28020        1.28813      0.014791
      2011       2011    39.44420676    20.82469992    25.90141167   118.32   165.30    29.59  8.39796e+08      22.76    23.32       5.76    23.35   0.034142      -0.5502       0.1675      -0.8181   1.000000  -0.155080   0.986393  -0.054581   0.947407   0.279087   0.096742   0.955380   0.779304   0.947661   0.132927  -0.290292   228.75        22.75     16        2.28916e+11   -4.05505e+11     0.27346         0.91088        2.92635      0.035511
      1951       1951    38.26092984    22.33087256    25.79849609   139.32    36.96    11.87   8.1474e+08      22.54    23.21       5.93    23.83   0.020000     -0.07098      -0.5334      -0.8429   1.000000  -0.733779   0.577143   0.358434   0.953791   0.438952   0.805424  -0.398263   0.839799   0.518546   0.134902   0.844341   228.28        22.53     16        2.31366e+11   -3.79159e+11     0.19849         0.40862        4.01196      0.019524
      1920       1920    38.35256325    22.16796256    25.92872844   155.38     7.88    21.14  8.01794e+08      22.51    23.01       5.98    23.07   0.026220       0.2864      -0.6812      -0.6737   1.000000  -0.435987  -0.481061   0.760589   0.861534  -0.548683   0.811988   0.199053   0.781422   0.713346   0.330538   0.617966   225.49        22.48     16        2.13317e+11   -3.78935e+11     0.19577         0.38596        4.05164      0.027516
      1915       1915    38.82343803    21.44268536    26.07228734   189.52   143.44   157.18  7.99706e+08      22.40    29.48       4.50    27.88   0.016835       0.2141      -0.7341       0.6445   1.000000   0.261549   0.838590   0.477869   0.816258  -0.152072  -0.453115   0.878385   0.725996   0.953135  -0.302411   0.009014   228.48        22.39     16        3.10739e+11   -5.82856e+11     0.10250         0.62066        2.81681      0.022645
      1693       1693    39.20853163    21.42057073    26.36740658    57.69   121.95   -70.43  7.06999e+08      21.51    24.70       3.43    23.95   0.015888      -0.5471        -0.65      -0.5274   1.000000   0.385405   0.221544   0.895757   0.969297   0.921240  -0.036919  -0.387239   0.890333  -0.052720   0.974451  -0.218324   227.90         21.5     16        2.02698e+11   -3.60463e+11     0.24415         0.77563        2.33438      0.018040
      1689       1689    39.24541563    21.26575079    26.02775600    66.45   186.98    39.65  7.05328e+08      21.49    22.08       4.65    22.09   0.008832      0.09349      -0.1931       0.9767   1.000000   0.747269   0.018459   0.664265   0.940313  -0.127597   0.984999   0.116169   0.876293  -0.652157  -0.171568   0.738415   228.22        21.48     16        1.72069e+11   -2.99706e+11     0.20102         0.60594        2.47574      0.009035
      1632       1632    39.04589656    21.32478538    26.01582464   141.04    89.66    -8.29  6.81525e+08      21.24    27.38       3.86    25.92   0.027154      -0.3674      -0.9019       0.2271   1.000000  -0.574740   0.809391  -0.120668   0.944233  -0.217032  -0.008587   0.976127   0.852292   0.789032   0.587208   0.180599   228.13        21.24     16        2.28984e+11   -4.04154e+11     0.17051         0.20661        2.69924      0.033491
      1578       1578    39.26156789    21.18463392    25.85186814    54.48    98.40    68.29  6.58975e+08      20.99    21.44       5.85    22.57   0.049456      -0.3906      -0.3726      -0.8418   1.000000  -0.419959   0.907360   0.018249   0.940464  -0.447479  -0.224520   0.865652   0.814696   0.789555   0.355372   0.500313   228.80        20.98     16        1.67811e+11   -2.65608e+11     0.15601         1.02943        3.11205      0.046851
      1543       1543    38.94080803    21.42180813    26.07922488   210.84    15.25   -70.07  6.44359e+08      20.83    21.77       3.30    24.81   0.027215     -0.03077      -0.6123         0.79   1.000000  -0.279491   0.888972  -0.362786   0.784901   0.940520   0.177472  -0.289701   0.766784   0.193152   0.422176   0.885698   228.72        20.83     16        1.98386e+11   -2.55528e+11     0.10290         0.59954        1.72261      0.020080
      1523       1523    39.23162973    21.35081541    26.46031988   129.70   205.98   -26.51  6.36007e+08      20.74    20.99       7.22    21.62   0.017183       0.2375       0.9194      -0.3134   1.000000   0.875999  -0.121246  -0.466825   0.926621  -0.190071   0.802779  -0.565171   0.803917   0.443282   0.583819   0.680188   228.86        20.74     16        1.48657e+11   -2.43651e+11     0.09738         0.85045        4.90523      0.016523
      1436       1436    39.17887424    21.28623271    26.17186067    68.44   197.79    61.51  5.99675e+08      20.36    21.72       3.82    21.56   0.032817      -0.6329      -0.7369      -0.2377   1.000000  -0.004319  -0.526077   0.850426   0.967516  -0.452898   0.759242   0.467370   0.859146   0.891552   0.383137   0.241538   228.16        20.35     16        1.39333e+11   -2.48305e+11     0.21404         0.39114        1.92006      0.035516
      1377       1377    38.69057508    21.73812151    26.00854887   204.56   -78.27    79.48  5.75037e+08      20.06    21.02       4.64    21.78   0.012894      -0.5368    -0.009137      -0.8437   1.000000  -0.449621  -0.083929   0.889268   0.985160   0.892194   0.005498   0.451619   0.899028  -0.042793   0.996457   0.072409   228.65        20.06     15        1.36349e+11   -2.20908e+11     0.21341         0.99627        4.05249      0.012725
      1352       1352    38.77766394    21.60820701    26.12082309    58.01   188.43  -133.56  5.64597e+08      16.68    25.39       4.00    26.08   0.016459       0.9947     -0.01738       0.1012   1.000000  -0.629223   0.092489   0.771702   0.829315   0.546902  -0.652800   0.524166   0.747030   0.552247   0.751863   0.360175   390.54        9.783     15        1.92082e+11   -3.11728e+11     0.19334         0.19570        3.49885      0.017944
      1286       1286    39.44664438    20.78848187    25.90289676   117.59   184.90    32.71  5.37035e+08      19.60    19.05       7.07    20.62   0.031850      -0.8401      -0.2803      -0.4644   1.000000   0.284425   0.638321   0.715296   0.982674  -0.547604   0.720590  -0.425300   0.846900   0.786913   0.270733  -0.554502   228.84         19.6     15        1.14179e+11   -1.70868e+11     0.34383         0.92146        3.77011      0.027242
      1239       1239    39.19284782    21.05603655    25.76597906   134.66   167.54    61.52  5.17408e+08      19.37    19.34       5.38    19.13   0.018915       -0.968       0.1533       0.1988   1.000000   0.775521  -0.452480   0.440259   0.915573   0.535289   0.841007  -0.078564   0.785904  -0.334713   0.296594   0.894427   228.35        19.37     15        9.46806e+10   -1.73655e+11     0.22994         0.32881        2.85957      0.019704
      1175       1175    38.58244019    21.85732315    25.77132055   157.48    94.43   139.44  4.90681e+08      19.02    19.76       5.74    19.54   0.021227       0.1438       0.5631       0.8138   1.000000   0.621799   0.763333   0.175183   0.954690   0.178826  -0.356154   0.917156   0.829415   0.762488  -0.538960  -0.357960   228.89        19.02     15        9.36951e+10   -1.72249e+11     0.18371         0.47017        1.50634      0.023041
      1153       1153    39.10157137    21.41022618    26.20086794    28.43   220.88    53.24  4.81494e+08      18.90    20.34       4.40    20.29   0.019361       -0.508      -0.5095       0.6945   1.000000   0.096444  -0.283833   0.954011   0.956424  -0.525053   0.799766   0.291022   0.821787   0.845588   0.528973   0.071894   229.07         18.9     15         9.9092e+10   -1.72492e+11     0.21825         0.46257        2.14489      0.020634
      1129       1129    38.64301977    21.66046297    25.86377240    60.72   181.96    19.41  4.71472e+08      18.79    21.29       3.30    21.14   0.036648       -0.674      -0.6213       0.3996   1.000000   0.377376   0.228988   0.897302   0.950204  -0.546256   0.837465   0.016020   0.733565   0.747791   0.496202  -0.441125   228.14        18.78     15        1.05303e+11   -1.76057e+11     0.10856         0.63304        2.16055      0.039052
      1045       1045    38.51549264    21.53620062    26.43279308   206.45   139.95   -54.28  4.36393e+08      18.36    17.61       6.43    20.06   0.010765      -0.8025         0.53      -0.2741   1.000000   0.790568   0.300263   0.533708   0.884318  -0.611827   0.350461   0.709115   0.766909  -0.025877   0.887141  -0.460772   226.22        18.34     15        8.77661e+10   -1.20737e+11     0.30824         0.86870        3.36940      0.008364
      1018       1018    38.79063157    21.64918546    26.15647353   -34.31   192.78  -163.00  4.25118e+08      13.69    21.34       5.10    22.65   0.036429     0.001438      -0.5591       0.8291   1.000000  -0.110504   0.447487   0.887437   0.830992  -0.597500   0.683621  -0.419114   0.740912   0.794218   0.576558  -0.191831   531.39        5.903     15        1.09023e+11   -1.67704e+11     0.18105         0.56083        2.77063      0.033471
       998        998    38.44029961    22.25101860    25.85287573   188.83    94.96   -44.57  4.16766e+08      18.01    17.39       5.82    18.45   0.011484      -0.9564      -0.2062       -0.207   1.000000   0.029143   0.619887   0.784150   0.979264  -0.782429   0.502348  -0.368038   0.866519   0.622058   0.602816  -0.499657   228.82        18.01     15         7.0904e+10   -1.13505e+11     0.14838         0.69944        3.84945      0.010518
       910        910    38.52796846    21.52991688    26.07963937   126.87    78.64    59.75  3.80017e+08      17.52    19.31       3.54    19.46   0.046805     -0.06213       -0.992      -0.1098   1.000000   0.968420   0.107787  -0.224819   0.915899   0.209870   0.134376   0.968451   0.739207  -0.134597   0.985051  -0.107511   226.89        17.51     14        7.19664e+10   -1.20648e+11     0.06057         0.30832        1.61301      0.049561
       891        891    39.27415760    21.40628813    26.34094779    78.05   181.67    -4.45  3.72083e+08      17.40    16.59       5.93    17.19   0.054740       0.6922       0.5473       0.4704   1.000000   0.769238  -0.437925  -0.465290   0.879158   0.332052  -0.348166   0.876654   0.698105   0.545907   0.828856   0.122408   226.70        17.38     14        5.49555e+10   -9.10774e+10     0.28764         0.65761        3.99704      0.050821
       873        873    39.15981101    21.56669526    26.17771871    59.72   129.16   -79.44  3.64566e+08      17.25    19.15       4.31    19.04   0.020759      -0.1595       0.1877      -0.9692   1.000000   0.744482  -0.532481   0.402753   0.915656   0.660614   0.500217  -0.559796   0.820188   0.096617   0.682823   0.724167   227.79        17.25     14        6.60804e+10   -1.13324e+11     0.15709         0.81168        2.17197      0.022402
       839        839    38.78604429    21.70615988    26.18572319   -21.63    92.70   146.82  3.50367e+08      17.02    16.84       5.35    19.85   0.015834      -0.5034      -0.7546      -0.4209   1.000000  -0.049120   0.970523   0.235949   0.848909  -0.105568  -0.239956   0.965027   0.785684   0.993198   0.022493   0.114243   228.23        17.01     14        6.90217e+10    -9.3101e+10     0.28104         0.68580        1.09936      0.012605
       830        830    38.96566869    21.54641027    26.15997773   -72.62   226.06    46.01  3.46609e+08      15.63    17.91       6.45    18.20   0.020600       0.1638      0.09207       0.9822   1.000000   0.884420   0.061022   0.462685   0.986752  -0.377614  -0.489016   0.786302   0.900422  -0.274242   0.870138   0.409453   291.58        12.28     14         5.7402e+10   -9.64037e+10     0.11827         0.94392        4.18488      0.020217
       818        818    38.85255846    21.65231732    25.90881703    48.41   198.22    24.96  3.41598e+08      16.89    21.27       2.76    21.10   0.027542       0.4864      -0.8708     -0.07152   1.000000  -0.418637  -0.243598   0.874873   0.807274  -0.551472   0.833588  -0.031783   0.752260   0.721541   0.495774   0.483308   227.65        16.88     14        7.60592e+10   -1.26916e+11     0.14955         0.32329        1.77293      0.032558
       797        797    38.82641196    21.68222621    26.03420631   150.09    19.96   269.20  3.32828e+08      13.44    17.74       6.70    19.83   0.023212      -0.1163      -0.5863       0.8017   1.000000   0.020801   0.886104  -0.463019   0.825374  -0.231748   0.454779   0.859924   0.796236   0.972554   0.089416   0.214812   440.05        6.996     14        6.54573e+10   -9.27853e+10     0.36877         0.48630        2.99759      0.018417
       776        776    39.38046961    21.18529317    26.44784664    86.21   149.06    -7.54  3.24059e+08      16.60    17.93       4.08    18.11   0.026778       0.9851       0.1628     -0.05548   1.000000   0.810552  -0.041035   0.584227   0.947294  -0.139145   0.955487   0.260161   0.903018  -0.568897  -0.292167   0.768762   227.22        16.59     14        5.31175e+10   -8.82665e+10     0.25525         0.19461        2.03999      0.027507
       770        770    38.91243311    21.43228325    26.10158886   152.30   -29.33  -125.86  3.21553e+08      16.53    17.23       5.51    19.07   0.035187       0.5236       0.6217      -0.5825   1.000000  -0.462856   0.590605  -0.661022   0.751329  -0.131916   0.691512   0.710218   0.700884   0.876563   0.415928  -0.242160   228.58        16.52     14        5.84616e+10   -8.25885e+10     0.22251         0.96322        3.68454      0.030110
       761        761    39.04719885    21.45564150    26.19061328   -14.20   210.96    42.51  3.17795e+08      16.46    16.40       3.64    16.50   0.030276      -0.7031      -0.4939       0.5115   1.000000  -0.323761   0.783195   0.530834   0.878747   0.790374  -0.084525   0.606766   0.867332   0.520085   0.616004  -0.591651   228.58        16.46     14         4.3237e+10   -7.70638e+10     0.18027         1.01845        3.16914      0.030978
       740        740    39.31675993    21.12288087    25.89281026   132.09   178.13    32.42  3.09025e+08      16.30    14.84       7.23    17.69   0.046924      -0.8234       0.5485      -0.1451   1.000000   0.913873   0.384225   0.131174   0.945552  -0.292071   0.846591  -0.444947   0.803187  -0.282011   0.368313   0.885898   229.03         16.3     14        4.83775e+10   -6.38778e+10     0.18612         1.63002        2.82304      0.033257
       732        732    38.79711528    21.61897940    26.13022243   255.07  -165.51   125.84  3.05684e+08       8.26    21.91       2.97    24.45   0.025861       0.9317     -0.08129      -0.3541   1.000000   0.436201   0.892568  -0.114238   0.918238  -0.148944   0.196817   0.969061   0.898277   0.887437  -0.405691   0.218795  1742.69        1.085     14        9.13452e+10   -1.30763e+11     0.07996         0.28165        1.58111      0.021031
       723        723    38.59463822    21.97824846    25.79749425   120.42    69.42   128.23  3.01926e+08      16.18    18.72       2.16    18.07   0.017189      -0.1226       0.6326       0.7647   1.000000   0.241237   0.968308  -0.064678   0.943991   0.770403  -0.231609  -0.594001   0.922354   0.590156  -0.093467   0.801860   228.90        16.18     14        4.93204e+10   -8.96556e+10     0.19886         0.42185        1.41668      0.020039
       718        718    38.84208801    21.55377300    26.08563708   143.78   314.41   287.11  2.99838e+08       6.24    27.19       2.30    26.95   0.014553      -0.7701      -0.6212       0.1455   1.000000  -0.285084   0.929674   0.233311   0.916976   0.658058   0.012856   0.752858   0.826269   0.696913   0.368159  -0.615444  3958.32       0.3612     14        1.08851e+11   -1.89042e+11     0.13488         0.45297        1.59613      0.014962
       710        710    39.14406179    21.19517427    26.65273544   160.13   173.36   -28.10  2.96497e+08      16.13    16.28       4.66    16.97   0.050684      0.00154       0.9936      -0.1133   1.000000   0.335940  -0.076220   0.938794   0.912407   0.941864   0.020853  -0.335346   0.847921   0.005984   0.996873   0.078794   226.93        16.11     14        4.27063e+10   -6.60996e+10     0.47775         0.13881        2.52280      0.045749
       704        704    39.04932589    21.59084393    26.33374303   116.27    75.39    10.34  2.93991e+08      16.07    18.61       3.73    17.69   0.004584      -0.4852       0.2732      -0.8306   1.000000   0.804951   0.404690   0.433911   0.877131  -0.461318  -0.033051   0.886619   0.826484  -0.373147   0.913856  -0.160087   227.17        16.06     14        4.60218e+10   -8.62222e+10     0.10171         0.27861        1.81520      0.005462
       703        703    39.14047330    21.16448259    26.16013608    44.92   170.96    30.11  2.93574e+08      16.02    14.50       7.39    16.03   0.006198       0.5279      -0.2544      -0.8103   1.000000   0.805357   0.402325   0.435355   0.978212  -0.518682   0.833831   0.188934   0.900388  -0.287000  -0.377970   0.880210   228.98        16.02     14        3.77209e+10   -5.75604e+10     0.16272         0.11258        2.33218      0.005187
       685        685    39.25069824    20.98830045    25.84229869   166.06   189.34    20.45  2.86057e+08      15.90    15.86       4.98    16.61   0.043039      -0.9508       0.2629      -0.1639   1.000000   0.963864   0.221965  -0.147303   0.961367  -0.219434   0.975055   0.033423   0.751267   0.151047   0.000108   0.988527   228.44        15.89     14        3.94726e+10   -6.49053e+10     0.19485         0.71540        2.43530      0.041689
       677        677    38.77313743    21.52878367    25.81922367   149.17   217.35   140.99  2.82716e+08      15.89    16.98       3.92    16.18   0.014045      -0.7989      -0.6009      0.02598   1.000000   0.028256   0.140001   0.989748   0.905912   0.917852  -0.395803   0.029783   0.853615   0.395915   0.907601  -0.139684   226.09        15.87     14        3.70045e+10   -7.04042e+10     0.26080         0.18139        2.59851      0.015771
       671        671    38.86246971    21.58204640    26.00427715   -53.90    51.70   120.86   2.8021e+08      11.27    24.07       2.54    22.56   0.011343      -0.1133      -0.9147       0.3879   1.000000  -0.420313  -0.254263   0.871027   0.903688   0.804794   0.338910   0.487285   0.830129  -0.419099   0.905809   0.062181   628.35        4.108     14        7.13367e+10   -1.34835e+11     0.09902         0.23874        1.64070      0.014921
       660        660    39.11505598    21.18829597    26.64558502   166.40   172.75   -40.38  2.75617e+08      15.70    15.17       2.48    15.65   0.060245      -0.7247       0.2235       0.6518   1.000000   0.358087  -0.377920   0.853786   0.863247   0.778031   0.626306  -0.049086   0.748208  -0.516180   0.681849   0.518305   228.78        15.69     13        3.37718e+10   -5.51447e+10     0.25125         0.74834        1.57875      0.055165
       640        640    38.98823676    21.53447385    26.42476375   132.31    97.33    32.95  2.67265e+08      15.57    18.87       3.08    18.67   0.013602      -0.7359       0.4957       0.4612   1.000000   0.294945   0.355574   0.886890   0.896131  -0.650412   0.754668  -0.086261   0.848652   0.699980   0.551402  -0.453855   227.07        15.57     13        4.66028e+10   -7.86728e+10     0.11014         0.11884        1.92127      0.015673
       638        638    38.50605196    21.69669293    25.88469968   185.79    32.30    98.66   2.6643e+08      15.56    17.08       4.25    16.68   0.011767      -0.4678       0.0644       0.8815   1.000000   0.993824   0.091671  -0.062530   0.905683   0.096348  -0.433290   0.896090   0.797831  -0.055052   0.896580   0.439446   226.82        15.55     13        3.70749e+10   -6.61527e+10     0.15714         0.46722        2.64652      0.012946
       626        626    38.73814765    21.49300333    26.21809777   268.55   115.09   139.12  2.61418e+08      15.45    14.89       4.88    16.00   0.023449       0.6481      -0.7031      -0.2926   1.000000  -0.462376  -0.508103   0.726664   0.902105   0.697303   0.297852   0.651960   0.798345  -0.547701   0.808156   0.216582   227.56        15.44     13        3.34523e+10   -5.26262e+10     0.18781         0.18541        3.20248      0.021272
       602        602    38.21994843    22.37800619    25.78095460   135.23    43.38    -0.34  2.51396e+08      15.30    15.87       2.31    15.58   0.042307      -0.9698      -0.2434     -0.01403   1.000000  -0.408293   0.912010   0.039180   0.926177   0.010247  -0.038339   0.999212   0.854963   0.912793   0.408373   0.006308   225.41        15.28     13        3.04996e+10   -5.63278e+10     0.18265         0.53231        1.45909      0.046092
       598        598    38.43368697    21.43237401    25.41281836   210.89   137.44    31.32  2.49726e+08      15.22    14.51       4.22    15.08   0.024125      -0.9058      -0.3027       0.2965   1.000000  -0.374928  -0.427653   0.822521   0.940702   0.744965   0.389096   0.541878   0.844714  -0.551776   0.815915   0.172704   227.20        15.21     13        2.83904e+10   -4.81515e+10     0.19370         0.60331        2.64046      0.023088
       575        575    39.19296240    21.39142506    26.45531735   148.85   191.23   -61.35  2.40121e+08      15.03    15.63       4.50    15.90   0.037297     -0.08623      -0.8018      -0.5913   1.000000   0.587258  -0.405580   0.700452   0.934970   0.732863   0.633781  -0.247455   0.815684  -0.343570   0.658655   0.669427   227.17        15.01     13        3.03625e+10   -4.99248e+10     0.12528         0.83489        2.89360      0.036694
       571        571    39.04664829    21.46479448    25.96271605   119.34    82.67    -8.40   2.3845e+08      15.01    16.39       4.67    16.49   0.015900      -0.1855      -0.6115       0.7692   1.000000  -0.550671   0.821226   0.149496   0.839382   0.729069   0.385982   0.565223   0.780222  -0.406473  -0.420244   0.811279   226.11           15     13        3.24266e+10   -5.53397e+10     0.26052         0.50502        3.04449      0.017042
       525        525    38.15163979    21.89729240    25.58044342    90.88    73.13    43.84  2.19241e+08      14.56    15.36       3.32    14.98   0.028998      -0.3712      -0.9132      -0.1682   1.000000   0.830133  -0.001075   0.557564   0.827756  -0.124619   0.974343   0.187419   0.795262  -0.543461  -0.225065   0.808700   228.13        14.55     13        2.46033e+10   -4.29411e+10     0.22348         0.73190        2.89087      0.029777
       503        503    39.05021709    21.37988086    26.18738562   225.96   141.49    42.97  2.10053e+08      14.40    15.57       4.42    15.26   0.064477       0.5746       0.4349      -0.6933   1.000000   0.118659   0.948660   0.293197   0.939385   0.772961  -0.273600   0.572429   0.766248  -0.623259  -0.158706   0.765742   225.93        14.38     13        2.44607e+10   -4.36806e+10     0.14698         0.80047        2.86868      0.070357
       501        501    38.24937753    22.04468474    25.62734576   158.29    99.98    64.14  2.09218e+08      13.51    14.88       3.90    14.96   0.037815       0.5699      0.08845       0.8169   1.000000  -0.271688  -0.173222   0.946668   0.950096   0.883321  -0.435339   0.173850   0.880105   0.382007   0.883444   0.271287   272.22        11.37     13        2.34066e+10   -3.99739e+10     0.10127         0.64718        3.38103      0.037263
       498        498    39.39131322    20.88560952    25.72902604    92.68   142.35    60.58  2.07965e+08      14.29    13.33       4.04    13.68   0.032612       0.8863      -0.2953       0.3568   1.000000  -0.635316   0.071193   0.768964   0.913189   0.693951   0.489518   0.528019   0.808905  -0.338830   0.869082  -0.360403   228.87        14.29     13        1.94673e+10    -3.2701e+10     0.27776         0.21399        2.78508      0.029712
       493        493    38.97596724    21.45102186    26.43769590   128.12   138.56    51.56  2.05877e+08      13.57    20.46       2.24    19.02   0.012232      -0.8655      -0.1629      -0.4738   1.000000  -0.089660   0.745395  -0.660565   0.920589  -0.671843   0.444350   0.592604   0.818508   0.735247   0.496929   0.460949   264.58        11.75     13         3.7222e+10   -7.10352e+10     0.12045         0.32596        1.44688      0.017535
       492        492    38.77902805    21.65358284    26.11881795   288.39   105.62    58.49   2.0546e+08       8.84    20.43       2.39    19.20   0.006883       -0.987       0.1298      0.09474   1.000000   0.731973  -0.530223  -0.427878   0.911958   0.678243   0.507304   0.531628   0.838391  -0.064817  -0.679343   0.730953   956.00        2.117     13        3.78805e+10   -7.35947e+10     0.26671         0.23875        1.62807      0.008200
       485        485    38.45360275    21.39863757    25.41012424   217.28   139.47    23.09  2.02537e+08      14.22    12.63       5.58    14.32   0.025214      -0.5146      -0.7677       0.3819   1.000000   0.787786   0.476275   0.390582   0.666068  -0.576566   0.347094   0.739660   0.626337  -0.216713   0.807891  -0.548040   226.18        14.19     13        2.07687e+10   -2.87653e+10     0.53742         1.86840        3.95742      0.018291
       462        462    38.37415617    22.23915245    25.52719898    72.77    60.34   113.68  1.92932e+08       7.40    16.52       5.69    21.50   0.040460        0.715      -0.1364       0.6857   1.000000   0.795725   0.512755  -0.322342   0.873903  -0.562974   0.822450  -0.081458   0.822512   0.223342   0.246288   0.943112  1527.46         1.11     13        4.46016e+10   -4.76743e+10     0.18020         0.56281        1.75173      0.013780
       462        462    39.39557439    21.03413341    25.93408943   104.16   173.58    23.72  1.92932e+08      13.94    13.20       1.90    16.97   0.021954      0.09014      -0.9464      -0.3101   1.000000   0.212410   0.092769   0.972767   0.806224   0.875718   0.423638  -0.231620   0.709015  -0.433589   0.901069   0.008746   228.53        13.94     13        2.77795e+10   -2.95884e+10     0.19253         1.27789        0.61936      0.007874
       450        450    38.84834066    21.40335071    25.87059539    23.43    67.58   160.74  1.87921e+08       9.03    17.91       2.49    21.41   0.044721      0.09849       0.5716       0.8146   1.000000   0.909097  -0.405717   0.094538   0.850073   0.411159   0.910355  -0.046936   0.705170  -0.067020   0.081539   0.994414   818.26        2.529     12          4.306e+10   -5.11626e+10     0.36981         0.49223        1.70478      0.028054
       442        442    38.84329610    21.69651206    25.91885245   -65.70    77.39   -54.65   1.8458e+08      13.78    14.50       3.27    14.51   0.035239      -0.5436       0.8131        0.208   1.000000   0.578335   0.552473  -0.600253   0.898844   0.779004  -0.155507   0.607430   0.828367  -0.242245   0.818897   0.520313   226.53        13.76     12        1.94271e+10   -3.39251e+10     0.28052         0.32694        2.14214      0.037179
       427        427    39.22021190    20.84278224    25.61267599   126.86   158.88    53.53  1.78316e+08      13.59    11.72      10.47    13.45   0.079999      -0.3343       0.2879       0.8974   1.000000   0.073613   0.996019   0.050265   0.727677   0.338688  -0.072374   0.938111   0.704977   0.938015  -0.052033  -0.342668   227.80        13.58     12        1.61395e+10   -2.17165e+10     0.40600         2.45181        9.26294      0.053827
       410        410    38.46556939    21.34068910    25.26637957   164.65   154.01    47.53  1.71216e+08      13.46    14.05       4.40    13.49   0.039547      -0.4774       0.2917       0.8289   1.000000   0.726657   0.005223   0.686981   0.982543   0.071060   0.994036  -0.082722   0.893897  -0.683316   0.108927   0.721952   225.37        13.44     12        1.55823e+10   -2.90919e+10     0.20127         0.69428        2.21279      0.042917
       394        394    38.88314134    21.52226925    25.98500318     2.02   220.55   121.86  1.64535e+08      10.22    18.20       2.32    16.79   0.021754      -0.4723       0.2306       0.8507   1.000000  -0.244798   0.388828   0.888193   0.938574   0.869004   0.494263   0.023133   0.906427  -0.430006   0.777506  -0.458888   494.06         4.74     12        2.31909e+10   -4.55867e+10     0.03521         0.14561        2.02534      0.027568
       362        362    38.74568937    20.95766140    25.81417417   180.13   189.23     9.28  1.51172e+08      12.87    12.34       3.66    13.72   0.087001       0.9334      -0.2609       0.2462   1.000000   0.436307   0.723324  -0.535200   0.732428   0.102934   0.550772   0.828284   0.632834   0.893891  -0.416476   0.165852   227.74        12.86     12        1.42384e+10   -2.00944e+10     0.47240         1.41109        1.96730      0.068838
