#  npart(1)  nvpart(2)      Xc(3)          Yc(4)          Zc(5)      VXc(6)   VYc(7)   VZc(8)    Mvir(9)      Rvir(10) Vmax(11)   Rmax(12) sigV(13) lambda(14)      Lx(15)       Ly(16)       Lz(17)     a(18)     Eax(19)    Eay(20)    Eaz(21)     b(22)     Ebx(23)    Eby(24)    Ebz(25)     c(26)     Ecx(27)    Ecy(28)    Ecz(29) ovdens(30)    Redge(31) nbins(32)     Ekin(33)       Epot(34)   mbp_offset(35)  com_offset(36)   r2(37)      lambdaE(38)
    117915     117915    37.94553585    20.72069007    26.11012929    89.50    60.42    -2.02  4.92414e+10      89.89   123.69      73.52   151.79   0.125185      -0.6691       0.6477      -0.3644   1.000000  -0.250080   0.045076   0.967175   0.695088   0.713923  -0.666191   0.215645   0.468737   0.654044   0.744418   0.134420   217.58        89.89     27        5.67257e+14   -6.34158e+14     0.18504        11.83976       54.65447      0.052929
     39375      39375    37.68272087    21.01254193    25.58536132   116.79    49.04    49.83   1.6443e+10      62.36    84.91      50.95    95.60   0.030350      -0.8926        0.438      -0.1074   1.000000  -0.183062   0.969832  -0.160981   0.857320   0.983071   0.179296  -0.037746   0.716228   0.007744   0.165166   0.986235   217.57        62.36     24        7.51375e+13    -1.0084e+14     0.26637         5.70730       46.28746      0.019840
     34606      34606    37.74053656    21.23990645    25.54920854    43.64    -0.89    38.71  1.44515e+10      59.74    81.49      48.18    89.18   0.036561       -0.516      -0.7484      -0.4168   1.000000   0.686447  -0.667920   0.287530   0.751667  -0.615276  -0.322727   0.719224   0.640631   0.387591   0.670619   0.632490   217.51        59.74     24         5.7472e+13   -8.11757e+13     0.20265         7.82467       43.51354      0.025560
     30448      30448    37.66413757    20.78043299    25.59738981   151.17   121.61    64.28  1.27151e+10      57.24    77.90      45.77    86.04   0.017204      -0.4747      -0.8182      -0.3243   1.000000   0.082292   0.835259   0.543664   0.892100   0.787143  -0.389057   0.478582   0.785721   0.611256   0.388558  -0.689484   217.55        57.24     24        4.70651e+13   -6.98501e+13     0.17847         2.51786       51.50546      0.013119
     20501      20501    37.88873308    20.97555415    25.73996211     1.66     7.37    52.32  8.56124e+09      50.17    68.55      40.41    75.78   0.023178      -0.2377       -0.701       0.6724   1.000000  -0.589071   0.604297  -0.536488   0.805696  -0.264964   0.482758   0.834709   0.758413   0.763406   0.633853  -0.124262   217.58        50.17     23        2.45794e+13   -3.70649e+13     0.19390         1.19661       36.47821      0.018191
     19953      19953    37.93230602    20.72416347    26.16540757   175.58   123.03   -64.68   8.3324e+09      38.61    86.69      25.66   111.66   0.053429      -0.7876      -0.6091     -0.09309   1.000000  -0.284377   0.694963  -0.660421   0.838681   0.076206   0.703069   0.707027   0.682222   0.955679   0.150734  -0.252896   464.68        18.08     23        5.19413e+13   -5.32416e+13     0.19497         2.77574       18.98088      0.012197
     17389      17389    37.35205183    20.29222361    25.06577271   123.26    88.34    33.52  7.26167e+09      47.49    67.11      23.47    78.05   0.019497      -0.5759     -0.07226      -0.8143   1.000000   0.168361   0.513428   0.841455   0.941551   0.883651  -0.456903   0.101984   0.770009   0.436824   0.726382  -0.530616   217.55        47.49     22         2.2118e+13   -3.00981e+13     0.22176         2.83159       10.38756      0.014033
     12414      12414    37.47783812    21.26533341    26.08594151   129.43    51.17   -26.19   5.1841e+09      42.45    58.40      33.14    63.33   0.038236      -0.8189         0.48       0.3148   1.000000   0.266359   0.412050   0.871360   0.897267   0.841883   0.340745  -0.418480   0.796860  -0.469347   0.845049  -0.256138   217.56        42.45     21        1.03947e+13   -1.57429e+13     0.17171         1.26084       17.98239      0.029835
     11560      11560    37.94478937    20.66589456    26.24127609    79.59   152.58   -72.07  4.82747e+09      41.46    56.33      33.28    67.50   0.012742       0.3052      -0.4149       0.8572   1.000000   0.017666  -0.680193   0.732820   0.959478   0.992480   0.100720   0.069562   0.658411  -0.121125   0.726080   0.676857   217.45        41.45     21        1.09973e+13   -1.37555e+13     0.37904         2.25365       30.00366      0.007578
     10765      10765    38.25000533    20.40971217    25.97757880    27.69    97.24    45.92  4.49548e+09      40.48    52.39      32.09    60.64   0.036876       0.5666      -0.7576       0.3241   1.000000   0.134945   0.791878   0.595582   0.895848   0.984776  -0.173657   0.007764   0.678241  -0.109576  -0.585467   0.803257   217.57        40.48     21        8.26406e+12   -1.05357e+13     0.29555         3.28189       36.28565      0.021118
     10060      10060    38.08010518    20.64102304    26.05602631    45.04   118.35    25.17  4.20107e+09      39.57    52.70      32.26    64.72   0.042632      0.05943      0.02772      -0.9978   1.000000  -0.207107   0.494179   0.844331   0.811595  -0.603586   0.614664  -0.507811   0.665834   0.769929   0.614797  -0.170978   217.55        39.57     21         8.7994e+12    -9.8119e+12     0.42885         8.66221       35.91870      0.017246
      9382       9382    37.81665958    20.86361020    26.19478270   134.03    15.65   -65.64  3.91793e+09      38.66    52.20      30.38    56.92   0.041472       0.5186      -0.3762       0.7678   1.000000  -0.236241   0.430584   0.871084   0.758392  -0.504349   0.711912  -0.488685   0.565454   0.830555   0.554778  -0.048982   217.54        38.66     21         6.3466e+12   -8.87403e+12     0.18687         6.65235       27.11902      0.028093
      9149       9149    37.89851817    20.86957734    25.74783050    28.84    97.28    78.22  3.82063e+09      38.35    53.66      20.74    63.53   0.063818       0.7244      -0.6531        0.221   1.000000   0.661586   0.436251   0.609909   0.882338   0.386084  -0.895431   0.221680   0.783600   0.642840   0.088815  -0.760834   217.49        38.34     21        7.71023e+12   -9.80854e+12     0.37725         2.63555       15.33137      0.040225
      8635       8635    37.22074750    21.57108437    25.70770499    82.83    43.23    28.59  3.60599e+09      37.61    50.22      30.47    55.57   0.033899      -0.7779      -0.4252      -0.4626   1.000000   0.837349  -0.221992  -0.499566   0.863840   0.096698   0.959574  -0.264325   0.831565   0.538048   0.173025   0.824964   217.57        37.61     20         5.5672e+12   -7.91239e+12     0.32347         1.36641       34.03906      0.023702
      8585       8585    37.69493518    20.85449911    25.65953375    65.36    93.53    62.82  3.58511e+09      37.54    50.86      29.92    57.14   0.027243       0.5277      -0.4776      -0.7025   1.000000   0.657551   0.658906   0.365336   0.791390  -0.115822  -0.390739   0.913186   0.708091   0.744454  -0.642780  -0.180615   217.57        37.54     20        5.85205e+12   -8.20795e+12     0.38418         1.39552       33.72650      0.019185
      7556       7556    38.12193117    20.54886921    26.03742256    19.93   105.93    45.02  3.15539e+09      35.97    52.31      13.57    62.75   0.029722      -0.3676       0.3346       0.8677   1.000000   0.940251  -0.069347  -0.333345   0.929661   0.028200   0.991536  -0.126729   0.821369   0.339312   0.109757   0.934249   217.57        35.97     20        6.21324e+12   -7.89243e+12     0.24680         1.55793        9.48570      0.019654
      7291       7291    37.85007893    20.74589020    25.96222719   169.58   112.67    34.22  3.04473e+09      35.55    49.75      17.71    59.07   0.030387      -0.1038       0.8507      -0.5153   1.000000   0.714460  -0.203169   0.669530   0.901382  -0.605496   0.299964   0.737154   0.743418   0.350602   0.932064  -0.091294   217.50        35.55     20        5.31104e+12   -6.88648e+12     0.21084         0.62209       12.58777      0.020052
      6287       6287    37.57272655    21.76088943    25.00113120    47.29    39.60    41.69  2.62546e+09      33.83    48.10      21.57    53.65   0.053347       0.9508      0.02019      -0.3093   1.000000  -0.228742   0.926710   0.298135   0.929595   0.135318  -0.273014   0.952446   0.816451   0.964036   0.258208  -0.062950   217.56        33.83     20        3.77809e+12    -5.5059e+12     0.13785         0.91429        9.87118      0.041709
      6151       6151    38.38549833    20.21350119    25.89750366    63.77   119.61    36.32  2.56866e+09      33.59    45.76      16.08    55.00   0.012079      -0.7303      -0.5188      -0.4445   1.000000  -0.401116   0.876259   0.266975   0.879830   0.168664  -0.215816   0.961757   0.753423   0.900366   0.430805  -0.061226   217.47        33.59     19        3.88512e+12   -4.94033e+12     0.09241         1.82874       11.20612      0.007517
      5779       5779    38.07059091    20.64793815    26.46107593    64.96    60.30   -37.35  2.41332e+09      32.90    43.86      26.46    49.10   0.039346      -0.7722      -0.4751      -0.4219   1.000000   0.942299  -0.213841  -0.257577   0.901122   0.236696  -0.118544   0.964325   0.768354   0.236746   0.969649   0.061088   217.47         32.9     19         2.9089e+12   -3.93369e+12     0.19287         1.72500       29.68269      0.025416
      5161       5161    37.31605091    21.40975754    25.95934714   118.59    52.82   -10.72  2.15524e+09      31.69    43.36      25.66    46.94   0.042834      -0.1286       0.9449      -0.3012   1.000000   0.895612  -0.439505   0.068665   0.918487   0.106165   0.361085   0.926470   0.818500   0.431982   0.822467  -0.370052   217.41        31.68     19        2.37388e+12   -3.53022e+12     0.10987         2.27954       18.80362      0.032298
      5135       5135    37.92159128    20.73323345    26.13482773   238.48    12.21   -13.47  2.14438e+09      16.82    59.85      13.69    79.84   0.016505      -0.9558      0.07309       0.2848   1.000000  -0.376575   0.914442   0.148284   0.790285   0.423000   0.027325   0.905718   0.749959   0.824174   0.403794  -0.397098  1445.48        2.532     19        6.83531e+12   -6.53934e+12     0.23037         0.28238       10.11166      0.004611
      4923       4923    37.74176599    20.74038580    25.74599338   135.43   140.22     1.87  2.05585e+09      31.20    42.64      24.65    46.76   0.040674       0.9893     -0.04031       0.1404   1.000000  -0.265190   0.681493  -0.682087   0.831565  -0.343322   0.594309   0.727273   0.782592   0.901002   0.427041   0.076367   217.18        31.19     19        2.24717e+12    -3.4126e+12     0.08086         2.45987       13.77116      0.032031
      4717       4717    37.84349805    20.97426428    25.81097691    69.36   -19.77    -0.05  1.96982e+09      30.75    40.93      25.45    48.00   0.084739      -0.9586       0.1114        0.262   1.000000   0.271773   0.189073   0.943605   0.775004  -0.388576   0.918588  -0.072144   0.719543   0.880425   0.347056  -0.323117   217.53        30.74     19        2.26929e+12   -2.89545e+12     0.60941         3.40453       28.09924      0.050674
      4656       4656    37.19150641    21.58697880    25.79984790   131.63    82.57   -10.02  1.94435e+09      30.61    42.27      13.72    48.10   0.030448       0.4488       0.8037      -0.3908   1.000000   0.563346  -0.286316   0.775026   0.911777   0.768964  -0.161429  -0.618575   0.755711   0.302219   0.944438   0.129226   217.56        30.61     19        2.24902e+12   -3.13152e+12     0.37286         0.46428        8.34883      0.021851
      4004       4004    37.98435331    20.67305085    26.07730020   -19.44    83.35    88.61  1.67208e+09      29.11    40.67      18.13    47.70   0.063569       0.6633      -0.7112       0.2328   1.000000  -0.648491   0.736468   0.192548   0.855276   0.138541  -0.134535   0.981176   0.738989   0.748509   0.662959  -0.014786   217.53        29.11     18        1.90222e+12   -2.52587e+12     0.29192         1.38285       12.80544      0.043490
      3704       3704    37.72189909    21.29259207    24.88613575    44.17    72.77    70.38  1.54679e+09      28.37    40.28      17.17    46.33   0.056969       0.1542     -0.03403      -0.9875   1.000000  -0.274617  -0.597915   0.753049   0.926213   0.961544  -0.167331   0.217790   0.908678  -0.004212   0.783899   0.620874   217.49        28.37     18        1.66007e+12   -2.23055e+12     0.17094         2.17804        9.24326      0.039777
      3486       3486    37.95972393    20.70591931    26.03681732    95.98   144.39   111.03  1.45576e+09      27.80    36.71      21.77    42.66   0.075235      -0.4767      -0.4478      -0.7565   1.000000   0.828767  -0.156063  -0.537391   0.905218   0.485022  -0.278642   0.828923   0.752528   0.279104   0.947630   0.155235   217.47         27.8     18        1.32437e+12     -1.923e+12     0.28868         2.45530       24.78652      0.056602
      3293       3293    37.95817833    21.03849097    25.30244134    27.38    59.52    92.23  1.37516e+09      27.28    36.99      21.82    41.80   0.022451        0.521      -0.8528     -0.03484   1.000000   0.116228  -0.418328   0.900829   0.657351  -0.075530   0.900627   0.427979   0.599521   0.990347   0.117783  -0.073082   217.40        27.28     18         1.2011e+12   -1.69752e+12     0.25412         1.12445       12.56423      0.016129
      3190       3190    38.52865022    20.20757420    25.83184896    31.05    80.77    52.61  1.33215e+09      26.99    43.70      10.01    48.93   0.011962      -0.4986      -0.6982      -0.5137   1.000000   0.773197  -0.478197  -0.416525   0.846335   0.550672   0.180517   0.814969   0.691428   0.314526   0.859500  -0.402905   217.58        26.99     18        1.59487e+12   -2.06827e+12     0.62692         0.61370        7.46929      0.008616
      2647       2647    38.28986076    20.59674998    25.65369495    21.41    58.52    71.93  1.10539e+09      25.37    35.46      15.54    38.62   0.022428       0.8022      -0.5668      -0.1877   1.000000   0.766633   0.359248   0.532179   0.914731  -0.157764   0.908812  -0.386227   0.867408  -0.622402   0.212135   0.753402   217.31        25.36     17        8.24453e+11   -1.24226e+12     0.29170         0.50961       10.84516      0.017734
      2646       2646    37.94984546    20.28137548    25.76659926   111.18   142.18    37.25  1.10497e+09      25.38    36.06      17.06    38.86   0.083998      -0.5501       0.5444      -0.6333   1.000000   0.860072   0.415757   0.295673   0.852865  -0.504333   0.780318   0.369800   0.814232  -0.076973  -0.467172   0.880810   217.05        25.37     17          8.341e+11   -1.19957e+12     0.61027         2.33202       12.72896      0.062151
      2622       2622    38.16288730    20.41552815    26.65041247   100.94   111.55   -23.63  1.09495e+09      25.28    34.89      19.63    38.58   0.037478      -0.4004      -0.7747      -0.4895   1.000000   0.219907  -0.111378   0.969142   0.904920  -0.016115   0.992911   0.117766   0.883323   0.975388   0.041515  -0.216553   217.55        25.28     17        8.14973e+11   -1.21765e+12     0.19594         0.70605       13.54015      0.029318
      2615       2615    37.79584746    20.90493947    26.04349123   150.45    46.25    11.07  1.09203e+09      25.27    34.44      19.51    38.53   0.023270      -0.8424      -0.5109       0.1712   1.000000  -0.541214   0.776448   0.322823   0.796708  -0.171544  -0.477785   0.861565   0.707206   0.823201   0.410913   0.391779   217.26        25.26     17        8.10683e+11   -1.15286e+12     0.15992         1.73909       17.29061      0.016821
      2521       2521    37.73373759    20.36358294    26.20478729   153.61   160.89     0.38  1.05277e+09      24.95    33.81      20.19    37.30   0.024062      -0.5097      -0.6632      -0.5481   1.000000  -0.432677  -0.414863   0.800425   0.931515   0.031287   0.880388   0.473221   0.833392   0.901006  -0.229794   0.367944   217.52        24.95     17        7.32362e+11   -1.08453e+12     0.52501         1.39341        5.13030      0.018190
      2111       2111    37.71701324    20.73453435    25.69496416   142.32   186.55    28.18  8.81556e+08      23.52    31.67      18.54    38.37   0.026356        -0.41       0.5029       0.7609   1.000000   0.501317   0.769787   0.395107   0.808781   0.015345  -0.464469   0.885457   0.783830   0.865128  -0.437831  -0.244658   217.57        23.52     17        6.49027e+11   -7.67726e+11     0.29163         2.78143       16.58037      0.013410
      2043       2043    37.76955438    20.48333231    26.18188401   165.55   146.80   -11.41  8.53159e+08      23.28    31.26      18.91    35.09   0.074738      -0.9512      0.08615       0.2964   1.000000   0.639031   0.763172   0.095957   0.852244   0.662910  -0.609711   0.434515   0.797261  -0.390116   0.214058   0.895538   217.15        23.27     17        5.25338e+11   -7.28791e+11     0.44915         0.74615       21.09416      0.051180
      1982       1982    38.09498180    20.00920558    25.63996566   103.78   127.51    37.50  8.27686e+08      23.05    31.20      17.52    34.78   0.026184      -0.8754       0.3577      -0.3252   1.000000   0.000219   0.986923   0.161190   0.837388   0.118223  -0.160086   0.979998   0.802442   0.992987   0.018842  -0.116712   217.02        23.04     16        5.00737e+11    -7.4509e+11     0.18107         0.91712        5.15604      0.020155
      1935       1935    37.44141138    20.28824434    25.23797504   126.15   129.78    -8.26  8.08058e+08      22.87    31.73      12.74    38.33   0.032794       0.6045       0.6228       0.4967   1.000000   0.811091   0.493136  -0.314562   0.967266   0.304063   0.103939   0.946965   0.806430  -0.499677   0.863721   0.065641   216.81        22.86     16        5.93589e+11   -7.49377e+11     0.07686         1.50452        6.19394      0.020566
      1781       1781    37.81921434    20.85309056    26.16882363   133.69    33.95   -52.51  7.43748e+08      14.15    37.41      11.71    48.85   0.060793      -0.7747      -0.2692       0.5721   1.000000  -0.593048   0.771168  -0.231503   0.800677   0.036608   0.313049   0.949031   0.664444   0.804334   0.554346  -0.213885   842.32        3.655     16        8.87573e+11   -8.41263e+11     0.19010         0.75568       10.69744      0.017765
      1723       1723    37.94708930    20.74147376    26.07638103   -30.55    37.00   -41.04  7.19527e+08      21.85    33.02      14.28    51.06   0.109928      0.01677       0.7463       0.6654   1.000000   0.850267   0.409055  -0.331241   0.739774   0.276675   0.188020   0.942390   0.729790  -0.447769   0.892929  -0.046692   221.29        21.49     16        9.37851e+11   -6.64319e+11     0.49276         1.68738       10.43297      0.100280
      1702       1702    37.73177639    20.51535031    26.06732368   181.63   146.46    23.61  7.10757e+08      21.91    28.71      17.25    31.76   0.016789      -0.5512       0.1787        0.815   1.000000   0.321122   0.636624  -0.701136   0.686788   0.943490  -0.151035   0.294983   0.641315  -0.081898   0.756240   0.649148   216.81         21.9     16        3.58373e+11   -5.13933e+11     0.28831         2.61285       19.58013      0.011708
      1695       1695    37.65952208    21.57322681    25.04855855    29.37    61.65    70.97  7.07834e+08      21.86    30.34      14.41    36.50   0.058584      -0.3005       0.1916       0.9343   1.000000   0.787419   0.387118   0.479699   0.851029  -0.607870   0.358498   0.708500   0.777895  -0.102302   0.849481  -0.517606   217.55        21.86     16          4.716e+11   -5.75304e+11     0.28920         1.52406       10.60182      0.033454
      1683       1683    37.66535554    21.49344454    24.79440532    51.88    67.04    66.71  7.02823e+08      21.82    29.75      17.42    31.51   0.021915      -0.4324      -0.8814       0.1902   1.000000  -0.337668   0.939748  -0.053424   0.873495   0.336554   0.173546   0.925534   0.817621   0.879040   0.294543  -0.374876   217.09        21.81     16        3.48822e+11   -5.48019e+11     0.28880         0.73135        9.98868      0.017453
      1672       1672    37.59634359    21.68941568    24.76366950    69.08    61.91    51.51  6.98229e+08      21.81    29.77      16.91    34.94   0.041138      -0.7411       0.6012       0.2988   1.000000  -0.269665   0.824613  -0.497287   0.779023   0.961949   0.254270  -0.100002   0.707557  -0.043983   0.505332   0.861803   216.05        21.79     16        4.26163e+11   -5.54045e+11     0.22819         2.94814        9.01738      0.026416
      1570       1570    37.64171193    20.99315982    25.60770035    82.11     6.48    64.31  6.55634e+08      21.35    31.90      11.48    45.72   0.034267       0.3548       0.9343       0.0332   1.000000  -0.283512   0.602841   0.745791   0.891298  -0.581966   0.509960  -0.633447   0.815262   0.762192   0.613615  -0.206253   216.30        21.33     16        6.85254e+11   -5.72782e+11     0.42697         1.28986        8.46812      0.021742
      1558       1558    37.51435025    20.99079076    25.19905936   132.32    84.99    69.60  6.50623e+08      21.26    31.80      10.79    36.12   0.030475      -0.7482      -0.1336       0.6499   1.000000   0.531756   0.274920   0.801033   0.868095  -0.105262   0.959965  -0.259590   0.799163   0.840330  -0.053720  -0.539406   217.34        21.26     16        4.24382e+11   -5.67063e+11     0.45946         0.41896        6.17046      0.021901
      1558       1558    37.76260646    21.21889784    25.55373742    64.94    -3.85    21.61  6.50623e+08      15.39    33.49      12.55    47.94   0.092828       0.3499       0.2059       0.9139   1.000000  -0.602943   0.792959  -0.087614   0.770353  -0.122772   0.016287   0.992301   0.700843   0.788281   0.609057   0.087534   572.35        5.852     16        7.47615e+11   -5.99933e+11     0.18244         1.15895       11.39376      0.057756
      1546       1546    37.67099507    21.03147686    26.04737176   140.61    24.31   -22.29  6.45611e+08      21.20    30.79       8.68    32.18   0.014475       -0.433      -0.7168      -0.5466   1.000000   0.338754  -0.136698   0.930892   0.855803  -0.359734   0.895400   0.262394   0.745818   0.869389   0.423761  -0.254146   217.47         21.2     16        3.34281e+11   -5.49712e+11     0.52353         0.54740        4.99738      0.012863
      1521       1521    37.85575864    20.97565494    25.84138556    63.49    10.94   -27.23  6.35171e+08      16.40    32.44      13.06    38.94   0.036970      -0.4936       0.8342      -0.2458   1.000000   0.060092  -0.218669   0.973947   0.870924   0.974177   0.225586  -0.009458   0.810690  -0.217641   0.949366   0.226578   462.28        7.718     16        4.81532e+11   -5.77258e+11     0.21289         0.55829       11.73672      0.019578
      1512       1512    37.74086320    20.95558450    26.03511515   147.42    22.05    -7.16  6.31413e+08      21.06    28.26      15.99    31.62   0.061612      -0.5804     -0.01544      -0.8142   1.000000  -0.124026   0.941260   0.314080   0.789540  -0.199952  -0.333738   0.921215   0.634057   0.971924   0.051453   0.229599   216.93        21.05     16        3.15611e+11   -4.50595e+11     0.10575         0.59732       18.52427      0.044171
      1439       1439    37.63030685    20.97078567    25.45789181   149.12    82.57    94.43  6.00928e+08      20.72    31.05       9.16    34.23   0.043543       0.9354       0.2727      -0.2252   1.000000   0.459714   0.887187   0.039523   0.922333   0.576412  -0.331944   0.746701   0.772517   0.675583  -0.320488  -0.663985   216.74        20.71     16        3.51969e+11   -4.86408e+11     0.46400         0.52524        6.77968      0.032469
      1392       1392    37.64508256    21.20261428    25.03271900    74.94    79.45    71.46  5.81301e+08      20.47    27.19      16.21    29.69   0.038245       0.9334        0.332       0.1362   1.000000  -0.084535  -0.671414   0.736245   0.760967  -0.076207   0.741082   0.667076   0.568706   0.993502  -0.000284   0.113814   217.43        20.47     15        2.56216e+11   -3.72219e+11     0.28489         2.25269       18.34109      0.027220
      1356       1356    37.66285841    21.05107800    25.57221642   118.45   -48.52    13.96  5.66267e+08      20.31    27.47      16.02    34.89   0.034751      -0.3828       0.2982       0.8744   1.000000   0.049561   0.998719  -0.010180   0.767453   0.337777  -0.007168   0.941199   0.656077   0.939920  -0.050086  -0.337700   216.95         20.3     15        3.44572e+11    -4.0459e+11     0.34047         0.82524       14.32237      0.018190
      1337       1337    37.52410147    21.25517365    25.52810053   147.19    48.85    54.67  5.58333e+08      20.21    27.49      15.73    31.75   0.042182       0.7532       0.1845       0.6314   1.000000   0.585974   0.412201  -0.697657   0.901419   0.563190   0.411858   0.716373   0.847737  -0.582625   0.812689  -0.009191   217.07         20.2     15         2.8134e+11   -3.73103e+11     0.41568         1.33121        8.46964      0.027622
      1322       1322    38.33394421    20.31131281    26.60858750    91.49   105.20     3.36  5.52069e+08      20.13    28.33      12.63    31.46   0.026383       0.9583       0.1534       0.2411   1.000000  -0.215973   0.863799  -0.455200   0.877076   0.938917   0.311665   0.145947   0.808717  -0.267939   0.395874   0.878347   217.11        20.13     15        2.73266e+11   -3.90412e+11     0.45919         0.49792        7.10512      0.019704
      1248       1248    37.72480072    20.76499527    25.69981679   144.88   147.95    27.75  5.21166e+08      19.76    27.77       9.45    33.09   0.027417      -0.7466      0.00318      -0.6653   1.000000  -0.132502   0.876826  -0.462189   0.896202  -0.589929   0.304954   0.747655   0.857299   0.796509   0.371725   0.476858   216.86        19.75     15        2.85381e+11   -3.70511e+11     0.25136         0.53760        5.15355      0.018317
      1237       1237    37.18500377    21.59698740    25.71338715   114.19     9.51    12.46  5.16573e+08      19.71    28.67      13.12    32.29   0.031503      -0.8618       0.2393       0.4473   1.000000   0.839929  -0.402159  -0.364401   0.958377   0.071919  -0.583058   0.809241   0.754534   0.537910   0.705912   0.460804   216.50         19.7     15        2.69354e+11   -3.57948e+11     0.36288         0.90550        9.72159      0.021636
      1222       1222    37.74806760    20.18712653    26.50332340   137.72   141.15   -16.62  5.10309e+08      19.63    25.87      16.05    31.52   0.055884      -0.9391      0.03061      -0.3421   1.000000  -0.472624   0.859881  -0.192954   0.700278   0.005239   0.221689   0.975103   0.659013   0.881248   0.459847  -0.109280   216.58         19.6     15        2.53497e+11   -2.79738e+11     0.73422         4.44118       17.83984      0.021100
      1193       1193    37.65064282    20.99189960    25.56524068   114.41    95.12   160.95  4.98198e+08      19.45    26.58      15.86    32.08   0.063095       0.3193      -0.5423       0.7772   1.000000   0.216466   0.772624   0.596820   0.873814  -0.233581  -0.552573   0.800064   0.808442   0.947936  -0.312592   0.060857   217.42        19.44     15          2.563e+11   -3.10913e+11     0.38835         0.27102       11.73644      0.035040
      1170       1170    37.77341417    20.94171399    25.94993145   127.39    13.70    18.11  4.88593e+08      19.32    26.61      15.37    29.37   0.050299       0.8445      -0.4384      -0.3078   1.000000   0.726904   0.467006  -0.503503   0.878483  -0.608709   0.777591  -0.157563   0.737873   0.317936   0.421021   0.849505   217.42        19.32     15        2.10789e+11   -3.02471e+11     0.27019         0.83074        8.73374      0.036785
      1135       1135    38.16735284    20.58526693    26.02461938    36.41   155.81    57.27  4.73977e+08      19.14    26.24      15.45    37.85   0.016636       0.5391       0.6041      -0.5869   1.000000   0.797457  -0.583000   0.155473   0.941083  -0.069687   0.166957   0.983498   0.831190   0.599337   0.795133  -0.092513   216.84        19.13     15         3.3955e+11   -3.01369e+11     0.32488         0.91672        7.33141      0.008056
      1065       1065    37.73967647    20.87037677    25.70165659   125.16    69.28   -17.60  4.44745e+08      18.72    26.06      11.93    29.02   0.062702       0.5107      -0.4442       0.7361   1.000000   0.449868   0.558547   0.696882   0.907290  -0.468159   0.811983  -0.348584   0.757074   0.760557   0.169434  -0.626774   217.52        18.72     15        1.87303e+11   -2.76575e+11     0.53180         0.46248        5.46047      0.048933
      1043       1043    37.65266418    21.60453912    25.13163517    53.22    53.82    42.19  4.35558e+08      18.60    24.40      14.70    34.65   0.018058       0.2057       -0.669      -0.7142   1.000000   0.107726  -0.405910   0.907542   0.664142   0.203218   0.902570   0.379565   0.582338   0.973189  -0.143540  -0.179718   217.39        18.59     15        2.61526e+11   -2.23606e+11     0.27555         4.90021       16.65010      0.009347
      1038       1038    38.53224756    21.18685837    25.29640654    42.18     9.56    22.82   4.3347e+08      18.57    25.45      14.94    31.43   0.038350       0.3174      -0.7251       0.6111   1.000000   0.285741   0.955942   0.067289   0.745562   0.957273  -0.287989   0.026287   0.663777  -0.044508  -0.056902   0.997387   217.08        18.57     15        2.14107e+11    -2.4823e+11     0.32433         1.40174       10.84369      0.018910
      1011       1011    38.12208847    20.40380391    26.67865892   132.02   118.54   -35.18  4.22195e+08      18.40    24.47      14.47    28.10   0.009031        0.915        0.191       0.3553   1.000000  -0.297783  -0.457282   0.837985   0.849718   0.927316   0.069931   0.367688   0.724492  -0.226738   0.886568   0.403221   217.53         18.4     15        1.66686e+11   -2.27436e+11     0.23721         1.74033       16.43530      0.006071
      1007       1007    37.53483449    20.99286370    25.29011894   111.93    69.34    75.07  4.20524e+08      18.39    25.02      14.96    28.22   0.091104      -0.7059       0.7007      -0.1038   1.000000   0.654631   0.512314   0.555872   0.809143  -0.123767  -0.652771   0.747376   0.697521  -0.745748   0.558054   0.363917   217.11        18.38     15        1.67475e+11   -2.27852e+11     0.68145         2.24271       13.56970      0.061283
      1003       1003    37.61678502    21.63883738    25.13260835    42.00     1.85    14.95  4.18854e+08      18.38    26.10      10.88    29.13   0.011374       0.2834      -0.6078      -0.7418   1.000000   0.874430  -0.265439  -0.406095   0.865501   0.467559   0.684440   0.559402   0.839877   0.129461  -0.679031   0.722604   216.63        18.37     15        1.77714e+11   -2.51312e+11     0.26187         0.85489        7.40989      0.008478
       968        968    38.00290441    20.60295905    26.32303525    79.36   139.64   -57.89  4.04238e+08      18.14    25.47      12.80    29.02   0.057673       0.5158      -0.8003       0.3057   1.000000  -0.333440   0.039353   0.941950   0.920109  -0.242014   0.962075  -0.125864   0.837209   0.911179   0.269933   0.311270   217.22        18.14     15        1.70239e+11   -2.21433e+11     1.16484         3.89070        9.89630      0.036916
       954        954    37.67902147    20.46585218    26.17397559   201.48   125.93    -7.30  3.98392e+08      18.06    24.41      13.92    26.77   0.036453       0.5623      -0.6163       0.5513   1.000000   0.345210   0.691708  -0.634327   0.882422   0.938027  -0.232267   0.257211   0.847298  -0.030581   0.683807   0.729021   217.05        18.05     14        1.42701e+11   -2.05931e+11     0.12737         0.85262       12.32674      0.026251
       951        951    37.68171765    21.92181418    25.29497945    12.94    14.91    20.97  3.97139e+08      18.06    24.46      14.21    27.51   0.030800      -0.7088       0.6087       0.3566   1.000000   0.090807   0.994923   0.043382   0.919681   0.770356  -0.042570  -0.636191   0.778997   0.631115  -0.091190   0.770311   216.50        18.04     14        1.50293e+11   -2.13839e+11     0.62513         1.12812        7.86749      0.022304
       943        943    37.64356700    21.10513562    25.48295952   116.57    39.01   100.34  3.93798e+08      17.98    24.77      13.96    27.70   0.048604       -0.511      -0.1268       0.8502   1.000000   0.222545  -0.479749   0.848714   0.891619   0.689028   0.693275   0.211211   0.662091   0.689720  -0.537784  -0.484845   217.51        17.98     14         1.5108e+11   -2.17304e+11     0.41048         0.71017       12.40299      0.036156
       939        939    37.91703136    20.66745831    26.23414742    98.75   144.51   -43.99  3.92128e+08      18.00    26.80      11.51    34.94   0.044656      0.08014       0.9794       0.1854   1.000000   0.885269  -0.001144   0.465077   0.715525  -0.411623   0.463546   0.784660   0.664173   0.216482   0.886072  -0.409892   215.95        17.98     14        2.39354e+11    -2.4932e+11     0.49669         1.33245        4.23722      0.012948
       916        916    37.05300804    21.65414912    25.75187378   149.57   106.69     9.61  3.82523e+08      17.83    24.34      13.70    30.10   0.040021      -0.8224       0.5588       0.1064   1.000000   0.558732  -0.682049   0.471835   0.917796  -0.633282   0.016489   0.773746   0.808772   0.535512   0.731121   0.422716   216.66        17.82     14        1.73242e+11   -1.99584e+11     0.15417         0.89416        9.30326      0.019249
       916        916    38.10608509    20.67815420    26.53499599   106.24    41.74   -62.79  3.82523e+08      17.81    25.08      10.72    27.95   0.044289       -0.817    0.0003675      -0.5767   1.000000   0.092726   0.372917   0.923220   0.794277   0.883153   0.397402  -0.249224   0.774795   0.459829  -0.838454   0.292493   217.31        17.81     14         1.4941e+11   -2.16346e+11     0.24018         1.27715        7.38635      0.033939
       895        895    38.26502209    20.43766373    25.98921251    13.85    97.04    51.19  3.73753e+08      17.68    26.03       7.00    33.15   0.040487       0.6368     -0.07044      -0.7678   1.000000   0.896831   0.374555  -0.235379   0.873123  -0.328381   0.920192   0.213105   0.725802   0.296414  -0.113825   0.948253   217.07        17.67     14        2.05307e+11   -2.33053e+11     0.55149         1.66075        3.95222      0.020369
       890        890    37.65315733    21.20668165    25.29764362    72.40    45.63    81.10  3.71665e+08      17.66    23.84      14.26    26.15   0.044573      -0.7677      -0.2886       0.5721   1.000000   0.434180   0.810453  -0.393261   0.992189   0.419938   0.204122   0.884300   0.728524   0.796956  -0.549091  -0.251715   216.70        17.64     14        1.27034e+11   -1.78132e+11     0.53222         0.59329       12.88498      0.030583
       889        889    37.82793239    20.84943066    26.18776063   137.08    46.34   -21.34  3.71247e+08      14.17    28.86       8.90    45.86   0.069087      -0.9063      -0.2813       0.3153   1.000000  -0.294333   0.879222   0.374617   0.785253   0.946723   0.214626   0.240105   0.725476  -0.130703  -0.425329   0.895551   418.56        7.367     14        3.90327e+11    -2.6647e+11     0.29703         1.35298        5.00498      0.066193
       863        863    37.89011233    20.62096749    26.28895553   206.11   123.61   -89.39   3.6039e+08      17.49    23.95      13.65    28.05   0.022257       -0.607      -0.1792      -0.7742   1.000000  -0.258729   0.944394  -0.202926   0.867208   0.819065   0.103128  -0.564355   0.719981   0.512046   0.312225   0.800203   216.34        17.47     14        1.41792e+11   -1.78341e+11     0.38739         1.14630        9.49328      0.013255
       844        844    38.05711922    20.26534344    26.83213059   134.78   112.95   -21.43  3.52455e+08      17.33    24.49      10.76    26.77   0.018752      -0.3278       0.2613      -0.9079   1.000000   0.604627   0.553412   0.572854   0.921257  -0.600772  -0.155359   0.784179   0.791477  -0.522972   0.818290  -0.238540   217.43        17.33     14        1.26279e+11   -1.86034e+11     0.33773         1.01219        5.97855      0.014534
       797        797    37.77930703    20.22179998    26.47503507   118.36   143.29    -4.30  3.32828e+08      17.00    22.76      13.55    26.59   0.041312        0.156      -0.2032      -0.9666   1.000000   0.801687   0.567849  -0.186669   0.896135  -0.522697   0.817470   0.241931   0.742201   0.289977  -0.096382   0.952168   217.54           17     14        1.17646e+11   -1.42716e+11     0.41017         1.91115       12.17995      0.021753
       779        779    38.00564317    20.70232030    26.19225229   -31.75    53.56   -71.48  3.25311e+08      16.87    23.14      13.28    27.86   0.038783       0.1166       0.7695      -0.6279   1.000000   0.906828  -0.322246   0.271699   0.876477   0.009400   0.659900   0.751295   0.838818   0.421395   0.678742  -0.601445   217.57        16.87     14        1.26227e+11   -1.66363e+11     0.19553         0.59174        2.22622      0.026335
       768        768    37.71071338    21.36134826    25.49829930    60.76   -44.36     4.07  3.20718e+08      16.80    23.83      10.43    27.30   0.017281        0.321       0.5406      -0.7776   1.000000  -0.231887   0.958477  -0.165982   0.837048   0.090434   0.191135   0.977389   0.696334   0.968530   0.211633  -0.131000   217.19        16.79     14        1.19557e+11   -1.66901e+11     0.35669         0.74474        5.78923      0.012900
       767        767    37.46645300    21.17776562    26.16216731   172.52    95.69   -38.71    3.203e+08      16.80    24.49       8.39    26.58   0.029553      -0.7644      -0.2404      -0.5982   1.000000   0.135321   0.816899  -0.560682   0.872185   0.989277  -0.142780   0.030735   0.701171   0.054947   0.558829   0.827461   216.73        16.79     14        1.13115e+11   -1.68403e+11     0.33427         0.60295        5.97274      0.023875
       750        750    37.67014818    21.58309375    25.12450806    32.60    46.76    34.27  3.13201e+08      16.66    22.56      13.17    28.40   0.019562      -0.3136       0.9043      -0.2896   1.000000  -0.518733   0.830085   0.204633   0.976176  -0.240662  -0.371453   0.896719   0.802357   0.820365   0.415910   0.392455   217.37        16.66     14        1.26312e+11   -1.42122e+11     0.54638         0.24743        7.36828      0.008606
       737        737    38.44290499    19.56005245    25.65701196    91.27   106.49    24.18  3.07772e+08      16.67    24.37       7.50    26.78   0.041754       0.2583       0.5637      -0.7845   1.000000   0.333757   0.455366   0.825377   0.916119  -0.731562   0.677315  -0.077858   0.661274   0.594494   0.577829  -0.559187   213.41        16.62     14        1.10385e+11   -1.51872e+11     0.81248         0.58160        5.58536      0.030285
       728        728    36.93291400    21.71181262    25.72949288   137.51   100.10    13.76  3.04014e+08      16.51    22.82      12.94    25.79   0.032893       0.9905       0.1266      0.05411   1.000000   0.869138  -0.340280  -0.358898   0.948413   0.069683  -0.634183   0.770036   0.692692   0.489635   0.694277   0.527481   216.84         16.5     14        1.01068e+11   -1.40186e+11     0.37027         0.93096        9.04680      0.023343
       728        728    38.06480201    20.52514666    26.42944744   122.13   129.93   -51.74  3.04014e+08      16.49    22.62      13.19    25.48   0.031440       0.1203      -0.9171      -0.3802   1.000000   0.903608   0.262286   0.338672   0.841709  -0.350952  -0.000028   0.936394   0.730638  -0.245612   0.964990  -0.092024   217.49        16.49     14        9.86601e+10   -1.40861e+11     0.12586         0.78642        7.58777      0.023163
